# s W_0 W_1 W_2 W_3 W_4
0.100000 1.000000 0.000101 0.000000 0.000000 0.000000
0.101158 1.000000 0.000102 0.000000 0.000000 0.000000
0.102329 1.000000 0.000103 0.000000 0.000000 0.000000
0.103514 1.000000 0.000105 0.000000 0.000000 0.000000
0.104713 1.000000 0.000106 0.000000 0.000000 0.000000
0.105925 1.000000 0.000107 0.000000 0.000000 0.000000
0.107152 1.000000 0.000108 0.000000 0.000000 0.000000
0.108393 1.000000 0.000110 0.000000 0.000000 0.000000
0.109648 1.000000 0.000111 0.000000 0.000000 0.000000
0.110917 1.000000 0.000112 0.000000 0.000000 0.000000
0.112202 1.000000 0.000113 0.000000 0.000000 0.000000
0.113501 1.000000 0.000115 0.000000 0.000000 0.000000
0.114815 1.000000 0.000116 0.000000 0.000000 0.000000
0.116145 1.000000 0.000117 0.000000 0.000000 0.000000
0.117490 0.999999 0.000119 0.000000 0.000000 0.000000
0.118850 0.999999 0.000120 0.000000 0.000000 0.000000
0.120226 0.999999 0.000122 0.000000 0.000000 0.000000
0.121619 0.999999 0.000123 0.000000 0.000000 0.000000
0.123027 0.999999 0.000124 0.000000 0.000000 0.000000
0.124451 0.999999 0.000126 0.000000 0.000000 0.000000
0.125893 0.999999 0.000127 0.000000 0.000000 0.000000
0.127350 0.999999 0.000129 0.000000 0.000000 0.000000
0.128825 0.999999 0.000130 0.000000 0.000000 0.000000
0.130317 0.999999 0.000132 0.000000 0.000000 0.000000
0.131826 0.999999 0.000133 0.000000 0.000000 0.000000
0.133352 0.999999 0.000135 0.000000 0.000000 0.000000
0.134896 0.999999 0.000136 0.000000 0.000000 0.000000
0.136458 0.999999 0.000138 0.000000 0.000000 0.000000
0.138038 0.999999 0.000140 0.000000 0.000000 0.000000
0.139637 0.999999 0.000141 0.000000 0.000000 0.000000
0.141254 0.999999 0.000143 0.000000 0.000000 0.000000
0.142889 0.999999 0.000145 0.000000 0.000000 0.000000
0.144544 0.999999 0.000146 0.000000 0.000000 0.000000
0.146218 0.999999 0.000148 0.000000 0.000000 0.000000
0.147911 0.999999 0.000150 0.000000 0.000000 0.000000
0.149624 0.999997 0.000151 0.000000 0.000000 0.000000
0.151356 0.999997 0.000153 0.000000 0.000000 0.000000
0.153109 0.999997 0.000155 0.000000 0.000000 0.000000
0.154882 0.999997 0.000157 0.000000 0.000000 0.000000
0.156675 0.999997 0.000158 0.000000 0.000000 0.000000
0.158489 0.999997 0.000160 0.000000 0.000000 0.000000
0.160325 0.999997 0.000162 0.000000 0.000000 0.000000
0.162181 0.999997 0.000164 0.000000 0.000000 0.000000
0.164059 0.999997 0.000166 0.000000 0.000000 0.000000
0.165959 0.999997 0.000168 0.000000 0.000000 0.000000
0.167880 0.999997 0.000170 0.000000 0.000000 0.000000
0.169824 0.999997 0.000172 0.000000 0.000000 0.000000
0.171791 0.999997 0.000174 0.000000 0.000000 0.000000
0.173780 0.999997 0.000176 0.000000 0.000000 0.000000
0.175792 0.999996 0.000178 0.000000 0.000000 0.000000
0.177828 0.999996 0.000180 0.000000 0.000000 0.000000
0.179887 0.999996 0.000182 0.000001 0.000000 0.000000
0.181970 0.999996 0.000184 0.000001 0.000000 0.000000
0.184077 0.999996 0.000186 0.000001 0.000000 0.000000
0.186209 0.999996 0.000188 0.000001 0.000000 0.000000
0.188365 0.999996 0.000191 0.000001 0.000000 0.000000
0.190546 0.999996 0.000193 0.000001 0.000000 0.000000
0.192752 0.999996 0.000195 0.000001 0.000000 0.000000
0.194984 0.999996 0.000197 0.000001 0.000000 0.000000
0.197242 0.999996 0.000199 0.000001 0.000000 0.000000
0.199526 0.999994 0.000202 0.000001 0.000000 0.000000
0.201837 0.999994 0.000204 0.000001 0.000000 0.000000
0.204174 0.999994 0.000207 0.000001 0.000000 0.000000
0.206538 0.999994 0.000209 0.000001 0.000000 0.000000
0.208930 0.999994 0.000211 0.000001 0.000000 0.000000
0.211349 0.999994 0.000214 0.000001 0.000000 0.000000
0.213796 0.999994 0.000216 0.000001 0.000000 0.000000
0.216272 0.999994 0.000219 0.000001 0.000000 0.000000
0.218776 0.999993 0.000221 0.000001 0.000000 0.000000
0.221309 0.999993 0.000224 0.000001 0.000000 0.000000
0.223872 0.999993 0.000226 0.000001 0.000000 0.000000
0.226464 0.999993 0.000229 0.000001 0.000000 0.000000
0.229087 0.999993 0.000232 0.000001 0.000000 0.000000
0.231739 0.999993 0.000234 0.000001 0.000000 0.000000
0.234423 0.999993 0.000237 0.000001 0.000000 0.000000
0.237137 0.999993 0.000240 0.000001 0.000000 0.000000
0.239883 0.999992 0.000243 0.000001 0.000000 0.000000
0.242661 0.999992 0.000245 0.000001 0.000000 0.000000
0.245471 0.999992 0.000248 0.000001 0.000000 0.000000
0.248313 0.999992 0.000251 0.000001 0.000000 0.000000
0.251189 0.999992 0.000254 0.000001 0.000000 0.000000
0.254097 0.999992 0.000257 0.000001 0.000000 0.000000
0.257040 0.999990 0.000260 0.000001 0.000000 0.000000
0.260016 0.999990 0.000263 0.000001 0.000000 0.000000
0.263027 0.999990 0.000266 0.000001 0.000000 0.000000
0.266073 0.999990 0.000269 0.000001 0.000000 0.000000
0.269153 0.999990 0.000272 0.000001 0.000000 0.000000
0.272270 0.999989 0.000275 0.000001 0.000000 0.000000
0.275423 0.999989 0.000279 0.000001 0.000000 0.000000
0.278612 0.999989 0.000282 0.000001 0.000000 0.000000
0.281838 0.999989 0.000285 0.000001 0.000000 0.000000
0.285102 0.999989 0.000288 0.000001 0.000000 0.000000
0.288403 0.999987 0.000292 0.000001 0.000000 0.000000
0.291743 0.999987 0.000295 0.000001 0.000000 0.000000
0.295121 0.999987 0.000298 0.000001 0.000000 0.000000
0.298538 0.999987 0.000302 0.000001 0.000000 0.000000
0.301995 0.999986 0.000305 0.000001 0.000000 0.000000
0.305492 0.999986 0.000309 0.000001 0.000000 0.000000
0.309030 0.999986 0.000313 0.000001 0.000000 0.000000
0.312608 0.999986 0.000316 0.000002 0.000000 0.000000
0.316228 0.999984 0.000320 0.000002 0.000000 0.000000
0.319890 0.999984 0.000324 0.000002 0.000000 0.000000
0.323594 0.999984 0.000327 0.000002 0.000000 0.000000
0.327341 0.999984 0.000331 0.000002 0.000000 0.000000
0.331131 0.999983 0.000335 0.000002 0.000000 0.000000
0.334965 0.999983 0.000339 0.000002 0.000000 0.000000
0.338844 0.999983 0.000343 0.000002 0.000000 0.000000
0.342768 0.999982 0.000347 0.000002 0.000000 0.000000
0.346737 0.999982 0.000351 0.000002 0.000000 0.000000
0.350752 0.999982 0.000355 0.000002 0.000000 0.000000
0.354813 0.999980 0.000359 0.000002 0.000000 0.000000
0.358922 0.999980 0.000363 0.000002 0.000000 0.000000
0.363078 0.999980 0.000367 0.000002 0.000000 0.000000
0.367282 0.999979 0.000371 0.000002 0.000000 0.000000
0.371535 0.999979 0.000376 0.000002 0.000000 0.000000
0.375837 0.999979 0.000380 0.000002 0.000000 0.000000
0.380189 0.999977 0.000385 0.000002 0.000000 0.000000
0.384592 0.999977 0.000389 0.000002 0.000000 0.000000
0.389045 0.999976 0.000393 0.000002 0.000000 0.000000
0.393550 0.999976 0.000398 0.000002 0.000000 0.000000
0.398107 0.999976 0.000403 0.000002 0.000000 0.000000
0.402717 0.999975 0.000407 0.000003 0.000000 0.000000
0.407380 0.999975 0.000412 0.000003 0.000000 0.000000
0.412098 0.999973 0.000417 0.000003 0.000000 0.000000
0.416869 0.999973 0.000422 0.000003 0.000000 0.000000
0.421697 0.999972 0.000426 0.000003 0.000000 0.000000
0.426580 0.999972 0.000431 0.000003 0.000000 0.000000
0.431519 0.999970 0.000436 0.000003 0.000000 0.000000
0.436516 0.999970 0.000441 0.000003 0.000000 0.000000
0.441570 0.999969 0.000447 0.000003 0.000000 0.000000
0.446684 0.999969 0.000452 0.000003 0.000000 0.000000
0.451856 0.999967 0.000457 0.000003 0.000000 0.000000
0.457088 0.999967 0.000462 0.000003 0.000000 0.000000
0.462381 0.999966 0.000468 0.000003 0.000000 0.000000
0.467735 0.999966 0.000473 0.000003 0.000000 0.000000
0.473151 0.999965 0.000479 0.000004 0.000000 0.000000
0.478630 0.999963 0.000484 0.000004 0.000000 0.000000
0.484172 0.999963 0.000490 0.000004 0.000000 0.000000
0.489779 0.999962 0.000495 0.000004 0.000000 0.000000
0.495450 0.999960 0.000501 0.000004 0.000000 0.000000
0.501187 0.999960 0.000507 0.000004 0.000000 0.000000
0.506991 0.999959 0.000513 0.000004 0.000000 0.000000
0.512861 0.999958 0.000519 0.000004 0.000000 0.000000
0.518800 0.999958 0.000525 0.000004 0.000000 0.000000
0.524807 0.999956 0.000531 0.000004 0.000000 0.000000
0.530884 0.999955 0.000537 0.000004 0.000000 0.000000
0.537032 0.999953 0.000543 0.000005 0.000000 0.000000
0.543250 0.999953 0.000549 0.000005 0.000000 0.000000
0.549541 0.999952 0.000556 0.000005 0.000000 0.000000
0.555904 0.999950 0.000562 0.000005 0.000000 0.000000
0.562341 0.999949 0.000569 0.000005 0.000000 0.000000
0.568853 0.999948 0.000575 0.000005 0.000000 0.000000
0.575440 0.999946 0.000582 0.000005 0.000000 0.000000
0.582103 0.999945 0.000589 0.000005 0.000000 0.000000
0.588844 0.999945 0.000596 0.000005 0.000000 0.000000
0.595662 0.999943 0.000602 0.000006 0.000000 0.000000
0.602560 0.999942 0.000609 0.000006 0.000000 0.000000
0.609537 0.999941 0.000616 0.000006 0.000000 0.000000
0.616595 0.999939 0.000624 0.000006 0.000000 0.000000
0.623735 0.999938 0.000631 0.000006 0.000000 0.000000
0.630957 0.999936 0.000638 0.000006 0.000000 0.000000
0.638263 0.999933 0.000646 0.000006 0.000000 0.000000
0.645654 0.999932 0.000653 0.000007 0.000000 0.000000
0.653131 0.999931 0.000661 0.000007 0.000000 0.000000
0.660693 0.999929 0.000668 0.000007 0.000000 0.000000
0.668344 0.999928 0.000676 0.000007 0.000000 0.000000
0.676083 0.999926 0.000684 0.000007 0.000000 0.000000
0.683912 0.999924 0.000692 0.000007 0.000000 0.000000
0.691831 0.999922 0.000700 0.000007 0.000000 0.000000
0.699842 0.999921 0.000708 0.000008 0.000000 0.000000
0.707946 0.999919 0.000716 0.000008 0.000000 0.000000
0.716143 0.999917 0.000724 0.000008 0.000000 0.000000
0.724436 0.999915 0.000733 0.000008 0.000000 0.000000
0.732825 0.999912 0.000741 0.000008 0.000000 0.000000
0.741310 0.999911 0.000750 0.000009 0.000000 0.000000
0.749894 0.999908 0.000758 0.000009 0.000000 0.000000
0.758578 0.999907 0.000767 0.000009 0.000000 0.000000
0.767361 0.999904 0.000776 0.000009 0.000000 0.000000
0.776247 0.999902 0.000785 0.000009 0.000000 0.000000
0.785236 0.999900 0.000794 0.000010 0.000000 0.000000
0.794328 0.999897 0.000803 0.000010 0.000000 0.000000
0.803526 0.999895 0.000813 0.000010 0.000000 0.000000
0.812831 0.999892 0.000822 0.000010 0.000000 0.000000
0.822243 0.999890 0.000832 0.000011 0.000000 0.000000
0.831764 0.999887 0.000841 0.000011 0.000000 0.000000
0.841395 0.999884 0.000851 0.000011 0.000000 0.000000
0.851138 0.999881 0.000861 0.000011 0.000000 0.000000
0.860994 0.999878 0.000871 0.000012 0.000000 0.000000
0.870964 0.999875 0.000881 0.000012 0.000000 0.000000
0.881049 0.999873 0.000891 0.000012 0.000000 0.000000
0.891251 0.999870 0.000901 0.000012 0.000000 0.000000
0.901571 0.999867 0.000912 0.000013 0.000000 0.000000
0.912011 0.999864 0.000922 0.000013 0.000000 0.000000
0.922571 0.999861 0.000933 0.000013 0.000000 0.000000
0.933254 0.999857 0.000944 0.000014 0.000000 0.000000
0.944061 0.999854 0.000955 0.000014 0.000000 0.000000
0.954993 0.999851 0.000966 0.000014 0.000000 0.000000
0.966051 0.999847 0.000977 0.000015 0.000000 0.000000
0.977237 0.999844 0.000988 0.000015 0.000000 0.000000
0.988553 0.999840 0.001000 0.000015 0.000000 0.000000
1.000000 0.999836 0.001011 0.000016 0.000000 0.000000
1.011580 0.999833 0.001023 0.000016 0.000000 0.000000
1.023290 0.999829 0.001035 0.000016 0.000000 0.000000
1.035140 0.999825 0.001047 0.000017 0.000000 0.000000
1.047130 0.999820 0.001059 0.000017 0.000000 0.000000
1.059250 0.999816 0.001071 0.000018 0.000000 0.000000
1.071520 0.999812 0.001084 0.000018 0.000000 0.000000
1.083930 0.999808 0.001096 0.000018 0.000000 0.000000
1.096480 0.999803 0.001109 0.000019 0.000000 0.000000
1.109170 0.999798 0.001122 0.000019 0.000000 0.000000
1.122020 0.999793 0.001135 0.000020 0.000000 0.000000
1.135010 0.999789 0.001148 0.000020 0.000000 0.000000
1.148150 0.999783 0.001161 0.000021 0.000000 0.000000
1.161450 0.999779 0.001175 0.000021 0.000000 0.000000
1.174900 0.999774 0.001188 0.000022 0.000000 0.000000
1.188500 0.999768 0.001202 0.000022 0.000000 0.000000
1.202260 0.999762 0.001216 0.000023 0.000000 0.000000
1.216190 0.999757 0.001230 0.000023 0.000000 0.000000
1.230270 0.999751 0.001244 0.000024 0.000000 0.000000
1.244510 0.999745 0.001258 0.000024 0.000000 0.000000
1.258930 0.999740 0.001273 0.000025 0.000000 0.000000
1.273500 0.999734 0.001288 0.000025 0.000000 0.000000
1.288250 0.999727 0.001303 0.000026 0.000000 0.000000
1.303170 0.999721 0.001318 0.000027 0.000000 0.000000
1.318260 0.999714 0.001333 0.000027 0.000000 0.000000
1.333520 0.999707 0.001348 0.000028 0.000000 0.000000
1.348960 0.999701 0.001364 0.000028 0.000000 0.000000
1.364580 0.999694 0.001380 0.000029 0.000000 0.000000
1.380380 0.999687 0.001396 0.000030 0.000000 0.000000
1.396370 0.999679 0.001412 0.000030 0.000000 0.000000
1.412540 0.999672 0.001428 0.000031 0.000000 0.000000
1.428890 0.999665 0.001445 0.000032 0.000000 0.000000
1.445440 0.999656 0.001462 0.000033 0.000000 0.000000
1.462180 0.999649 0.001478 0.000033 0.000000 0.000000
1.479110 0.999641 0.001496 0.000034 0.000000 0.000000
1.496240 0.999632 0.001513 0.000035 0.000000 0.000000
1.513560 0.999624 0.001530 0.000036 0.000000 0.000000
1.531090 0.999615 0.001548 0.000037 0.000000 0.000000
1.548820 0.999605 0.001566 0.000037 0.000000 0.000000
1.566750 0.999597 0.001584 0.000038 0.000000 0.000000
1.584890 0.999587 0.001602 0.000039 0.000000 0.000000
1.603250 0.999577 0.001621 0.000040 0.000000 0.000000
1.621810 0.999567 0.001640 0.000041 0.000000 0.000000
1.640590 0.999557 0.001659 0.000042 0.000000 0.000000
1.659590 0.999547 0.001678 0.000043 0.000000 0.000000
1.678800 0.999536 0.001697 0.000044 0.000000 0.000000
1.698240 0.999526 0.001717 0.000045 0.000000 0.000000
1.717910 0.999515 0.001737 0.000046 0.000000 0.000000
1.737800 0.999503 0.001757 0.000047 0.000000 0.000001
1.757920 0.999492 0.001777 0.000048 0.000000 0.000001
1.778280 0.999479 0.001798 0.000049 0.000000 0.000001
1.798870 0.999468 0.001819 0.000050 0.000000 0.000001
1.819700 0.999455 0.001840 0.000052 0.000000 0.000001
1.840770 0.999442 0.001861 0.000053 0.000000 0.000001
1.862090 0.999430 0.001883 0.000054 0.000000 0.000001
1.883650 0.999417 0.001904 0.000055 0.000000 0.000001
1.905460 0.999403 0.001926 0.000057 0.000000 0.000001
1.927520 0.999389 0.001949 0.000058 0.000000 0.000001
1.949840 0.999375 0.001971 0.000059 0.000000 0.000001
1.972420 0.999360 0.001994 0.000061 0.000000 0.000001
1.995260 0.999345 0.002017 0.000062 0.000000 0.000001
2.018370 0.999331 0.002040 0.000063 0.000000 0.000001
2.041740 0.999315 0.002064 0.000065 0.000000 0.000001
2.065380 0.999298 0.002088 0.000066 0.000000 0.000001
2.089300 0.999283 0.002112 0.000068 0.000000 0.000001
2.113490 0.999266 0.002136 0.000069 0.000000 0.000001
2.137960 0.999249 0.002161 0.000071 0.000000 0.000001
2.162720 0.999232 0.002186 0.000073 0.000000 0.000001
2.187760 0.999213 0.002211 0.000074 0.000000 0.000001
2.213090 0.999195 0.002237 0.000076 0.000000 0.000001
2.238720 0.999176 0.002263 0.000078 0.000000 0.000001
2.264640 0.999157 0.002289 0.000080 0.000000 0.000001
2.290870 0.999137 0.002315 0.000081 0.000000 0.000002
2.317390 0.999117 0.002342 0.000083 0.000000 0.000002
2.344230 0.999097 0.002369 0.000085 0.000000 0.000002
2.371370 0.999076 0.002397 0.000087 0.000000 0.000002
2.398830 0.999055 0.002424 0.000089 0.000000 0.000002
2.426610 0.999032 0.002452 0.000091 0.000000 0.000002
2.454710 0.999009 0.002481 0.000093 0.000000 0.000002
2.483130 0.998987 0.002510 0.000096 0.000000 0.000002
2.511890 0.998964 0.002539 0.000098 0.000000 0.000002
2.540970 0.998940 0.002568 0.000100 0.000000 0.000002
2.570400 0.998915 0.002598 0.000102 0.000000 0.000002
2.600160 0.998889 0.002628 0.000105 0.000000 0.000003
2.630270 0.998864 0.002658 0.000107 0.000000 0.000003
2.660730 0.998838 0.002689 0.000110 0.000000 0.000003
2.691530 0.998811 0.002720 0.000112 0.000000 0.000003
2.722700 0.998783 0.002751 0.000115 0.000000 0.000003
2.754230 0.998755 0.002783 0.000117 0.000000 0.000003
2.786120 0.998726 0.002815 0.000120 0.000000 0.000003
2.818380 0.998697 0.002848 0.000123 0.000000 0.000004
2.851020 0.998667 0.002881 0.000125 0.000000 0.000004
2.884030 0.998636 0.002914 0.000128 0.000000 0.000004
2.917430 0.998605 0.002948 0.000131 0.000000 0.000004
2.951210 0.998572 0.002982 0.000134 0.000001 0.000004
2.985380 0.998540 0.003016 0.000137 0.000001 0.000004
3.019950 0.998506 0.003051 0.000141 0.000001 0.000005
3.054920 0.998470 0.003086 0.000144 0.000001 0.000005
3.090300 0.998435 0.003122 0.000147 0.000001 0.000005
3.126080 0.998399 0.003158 0.000150 0.000001 0.000005
3.162280 0.998363 0.003194 0.000154 0.000001 0.000006
3.198900 0.998324 0.003231 0.000157 0.000001 0.000006
3.235940 0.998285 0.003269 0.000161 0.000001 0.000006
3.273410 0.998247 0.003306 0.000165 0.000001 0.000006
3.311310 0.998206 0.003345 0.000168 0.000001 0.000007
3.349650 0.998165 0.003383 0.000172 0.000001 0.000007
3.388440 0.998122 0.003422 0.000176 0.000001 0.000007
3.427680 0.998078 0.003462 0.000180 0.000001 0.000008
3.467370 0.998034 0.003502 0.000184 0.000001 0.000008
3.507520 0.997989 0.003542 0.000188 0.000001 0.000008
3.548130 0.997942 0.003583 0.000193 0.000001 0.000009
3.589220 0.997896 0.003624 0.000197 0.000001 0.000009
3.630780 0.997846 0.003666 0.000202 0.000001 0.000010
3.672820 0.997797 0.003709 0.000206 0.000001 0.000010
3.715350 0.997747 0.003751 0.000211 0.000001 0.000011
3.758370 0.997695 0.003795 0.000216 0.000001 0.000011
3.801890 0.997641 0.003838 0.000220 0.000001 0.000012
3.845920 0.997587 0.003883 0.000225 0.000001 0.000012
3.890450 0.997532 0.003927 0.000231 0.000001 0.000013
3.935500 0.997475 0.003973 0.000236 0.000001 0.000013
3.981070 0.997417 0.004019 0.000241 0.000001 0.000014
4.027170 0.997358 0.004065 0.000247 0.000001 0.000015
4.073800 0.997297 0.004112 0.000252 0.000001 0.000015
4.120980 0.997235 0.004159 0.000258 0.000001 0.000016
4.168690 0.997173 0.004207 0.000264 0.000001 0.000017
4.216970 0.997107 0.004256 0.000270 0.000001 0.000017
4.265800 0.997041 0.004305 0.000276 0.000002 0.000018
4.315190 0.996973 0.004354 0.000282 0.000002 0.000019
4.365160 0.996904 0.004405 0.000288 0.000002 0.000020
4.415700 0.996833 0.004455 0.000295 0.000002 0.000021
4.466840 0.996761 0.004507 0.000301 0.000002 0.000022
4.518560 0.996686 0.004559 0.000308 0.000002 0.000023
4.570880 0.996611 0.004611 0.000315 0.000002 0.000024
4.623810 0.996533 0.004664 0.000322 0.000002 0.000025
4.677350 0.996454 0.004718 0.000329 0.000002 0.000026
4.731510 0.996373 0.004772 0.000336 0.000002 0.000027
4.786300 0.996291 0.004827 0.000344 0.000002 0.000029
4.841720 0.996206 0.004883 0.000351 0.000002 0.000030
4.897790 0.996120 0.004939 0.000359 0.000002 0.000031
4.954500 0.996030 0.004996 0.000367 0.000002 0.000033
5.011870 0.995940 0.005053 0.000375 0.000002 0.000034
5.069910 0.995848 0.005112 0.000384 0.000003 0.000036
5.128610 0.995755 0.005170 0.000392 0.000003 0.000038
5.188000 0.995657 0.005230 0.000401 0.000003 0.000040
5.248070 0.995559 0.005290 0.000410 0.000003 0.000041
5.308840 0.995457 0.005351 0.000419 0.000003 0.000043
5.370320 0.995355 0.005412 0.000428 0.000003 0.000045
5.432500 0.995249 0.005475 0.000437 0.000003 0.000047
5.495410 0.995142 0.005537 0.000447 0.000003 0.000050
5.559040 0.995033 0.005601 0.000457 0.000003 0.000052
5.623410 0.994920 0.005666 0.000467 0.000003 0.000054
5.688530 0.994805 0.005731 0.000477 0.000004 0.000057
5.754400 0.994688 0.005796 0.000487 0.000004 0.000059
5.821030 0.994567 0.005863 0.000498 0.000004 0.000062
5.888440 0.994446 0.005930 0.000509 0.000004 0.000065
5.956620 0.994320 0.005998 0.000520 0.000004 0.000068
6.025600 0.994192 0.006067 0.000531 0.000004 0.000071
6.095370 0.994061 0.006137 0.000542 0.000004 0.000074
6.165950 0.993928 0.006207 0.000554 0.000004 0.000078
6.237350 0.993792 0.006279 0.000566 0.000005 0.000081
6.309570 0.993652 0.006351 0.000578 0.000005 0.000085
6.382630 0.993510 0.006423 0.000591 0.000005 0.000089
6.456540 0.993364 0.006497 0.000603 0.000005 0.000093
6.531310 0.993216 0.006571 0.000616 0.000005 0.000097
6.606930 0.993064 0.006647 0.000629 0.000005 0.000102
6.683440 0.992909 0.006723 0.000643 0.000006 0.000107
6.760830 0.992750 0.006800 0.000656 0.000006 0.000112
6.839120 0.992589 0.006878 0.000670 0.000006 0.000117
6.918310 0.992423 0.006957 0.000684 0.000006 0.000122
6.998420 0.992255 0.007036 0.000699 0.000006 0.000128
7.079460 0.992084 0.007117 0.000713 0.000007 0.000133
7.161430 0.991907 0.007198 0.000728 0.000007 0.000139
7.244360 0.991728 0.007280 0.000744 0.000007 0.000146
7.328250 0.991544 0.007364 0.000759 0.000007 0.000153
7.413100 0.991358 0.007448 0.000775 0.000007 0.000159
7.498940 0.991167 0.007533 0.000791 0.000008 0.000167
7.585780 0.990971 0.007619 0.000807 0.000008 0.000174
7.673610 0.990772 0.007706 0.000824 0.000008 0.000182
7.762470 0.990569 0.007794 0.000841 0.000008 0.000191
7.852360 0.990361 0.007883 0.000858 0.000009 0.000199
7.943280 0.990151 0.007973 0.000876 0.000009 0.000208
8.035260 0.989934 0.008064 0.000893 0.000009 0.000218
8.128310 0.989713 0.008156 0.000912 0.000010 0.000228
8.222430 0.989488 0.008249 0.000930 0.000010 0.000238
8.317640 0.989259 0.008343 0.000949 0.000010 0.000249
8.413950 0.989025 0.008438 0.000968 0.000011 0.000260
8.511380 0.988786 0.008534 0.000987 0.000011 0.000272
8.609940 0.988543 0.008631 0.001007 0.000011 0.000284
8.709640 0.988294 0.008729 0.001027 0.000012 0.000297
8.810490 0.988041 0.008829 0.001047 0.000012 0.000310
8.912510 0.987782 0.008929 0.001067 0.000012 0.000324
9.015710 0.987518 0.009030 0.001088 0.000013 0.000339
9.120110 0.987249 0.009133 0.001109 0.000013 0.000354
9.225710 0.986975 0.009237 0.001131 0.000014 0.000370
9.332540 0.986696 0.009342 0.001153 0.000014 0.000386
9.440610 0.986410 0.009448 0.001175 0.000014 0.000403
9.549930 0.986120 0.009555 0.001197 0.000015 0.000421
9.660510 0.985824 0.009663 0.001220 0.000015 0.000440
9.772370 0.985522 0.009773 0.001243 0.000016 0.000460
9.885530 0.985214 0.009883 0.001266 0.000016 0.000480
10.000000 0.984900 0.009995 0.001290 0.000017 0.000502
10.115800 0.984581 0.010108 0.001314 0.000017 0.000524
10.232900 0.984255 0.010223 0.001338 0.000018 0.000547
10.351400 0.983924 0.010338 0.001362 0.000018 0.000571
10.471300 0.983586 0.010455 0.001387 0.000019 0.000596
10.592500 0.983242 0.010573 0.001412 0.000019 0.000623
10.715200 0.982892 0.010693 0.001438 0.000020 0.000650
10.839300 0.982534 0.010813 0.001463 0.000021 0.000679
10.964800 0.982172 0.010935 0.001489 0.000021 0.000708
11.091700 0.981801 0.011059 0.001515 0.000022 0.000739
11.220200 0.981425 0.011183 0.001541 0.000022 0.000772
11.350100 0.981041 0.011309 0.001568 0.000023 0.000805
11.481500 0.980652 0.011436 0.001595 0.000024 0.000840
11.614500 0.980254 0.011565 0.001622 0.000024 0.000877
11.749000 0.979851 0.011695 0.001649 0.000025 0.000915
11.885000 0.979439 0.011826 0.001676 0.000026 0.000955
12.022600 0.979022 0.011959 0.001704 0.000027 0.000996
12.161900 0.978597 0.012093 0.001732 0.000027 0.001039
12.302700 0.978164 0.012229 0.001759 0.000028 0.001083
12.445100 0.977724 0.012366 0.001787 0.000029 0.001130
12.589300 0.977278 0.012504 0.001816 0.000030 0.001178
12.735000 0.976824 0.012644 0.001844 0.000030 0.001229
12.882500 0.976361 0.012786 0.001872 0.000031 0.001281
13.031700 0.975893 0.012929 0.001900 0.000032 0.001335
13.182600 0.975416 0.013073 0.001929 0.000033 0.001392
13.335200 0.974932 0.013219 0.001957 0.000034 0.001451
13.489600 0.974440 0.013367 0.001985 0.000035 0.001512
13.645800 0.973940 0.013516 0.002014 0.000036 0.001576
13.803800 0.973433 0.013666 0.002042 0.000036 0.001642
13.963700 0.972918 0.013818 0.002070 0.000037 0.001710
14.125400 0.972395 0.013972 0.002098 0.000038 0.001782
14.288900 0.971865 0.014127 0.002126 0.000039 0.001856
14.454400 0.971326 0.014284 0.002154 0.000040 0.001933
14.621800 0.970780 0.014443 0.002182 0.000041 0.002012
14.791100 0.970227 0.014603 0.002209 0.000042 0.002095
14.962400 0.969665 0.014765 0.002236 0.000043 0.002181
15.135600 0.969096 0.014928 0.002262 0.000044 0.002270
15.310900 0.968519 0.015093 0.002289 0.000045 0.002363
15.488200 0.967934 0.015260 0.002315 0.000046 0.002459
15.667500 0.967341 0.015429 0.002340 0.000047 0.002558
15.848900 0.966741 0.015599 0.002365 0.000048 0.002661
16.032500 0.966133 0.015771 0.002390 0.000049 0.002768
16.218100 0.965517 0.015945 0.002414 0.000051 0.002879
16.405900 0.964894 0.016121 0.002437 0.000052 0.002994
16.595900 0.964263 0.016298 0.002459 0.000053 0.003112
16.788000 0.963625 0.016477 0.002481 0.000054 0.003235
16.982400 0.962978 0.016658 0.002502 0.000055 0.003362
17.179100 0.962326 0.016841 0.002522 0.000056 0.003494
17.378000 0.961665 0.017026 0.002542 0.000057 0.003630
17.579200 0.960998 0.017212 0.002560 0.000058 0.003770
17.782800 0.960323 0.017401 0.002577 0.000059 0.003915
17.988700 0.959641 0.017591 0.002594 0.000060 0.004066
18.197000 0.958952 0.017783 0.002609 0.000061 0.004221
18.407700 0.958257 0.017977 0.002622 0.000062 0.004381
18.620900 0.957555 0.018173 0.002635 0.000063 0.004546
18.836500 0.956846 0.018371 0.002646 0.000064 0.004716
19.054600 0.956132 0.018571 0.002656 0.000065 0.004892
19.275200 0.955410 0.018774 0.002664 0.000066 0.005074
19.498400 0.954683 0.018978 0.002671 0.000066 0.005260
19.724200 0.953950 0.019184 0.002676 0.000067 0.005453
19.952600 0.953209 0.019392 0.002679 0.000068 0.005651
20.183700 0.952465 0.019602 0.002681 0.000069 0.005855
20.417400 0.951715 0.019814 0.002680 0.000069 0.006065
20.653800 0.950959 0.020029 0.002678 0.000070 0.006281
20.893000 0.950198 0.020245 0.002674 0.000071 0.006503
21.134900 0.949432 0.020464 0.002667 0.000071 0.006730
21.379600 0.948663 0.020685 0.002658 0.000071 0.006964
21.627200 0.947887 0.020908 0.002647 0.000072 0.007205
21.877600 0.947109 0.021133 0.002634 0.000072 0.007451
22.130900 0.946325 0.021361 0.002618 0.000072 0.007704
22.387200 0.945538 0.021591 0.002599 0.000072 0.007963
22.646400 0.944747 0.021823 0.002578 0.000072 0.008228
22.908700 0.943953 0.022057 0.002555 0.000072 0.008499
23.173900 0.943155 0.022294 0.002528 0.000072 0.008777
23.442300 0.942354 0.022533 0.002499 0.000072 0.009061
23.713700 0.941550 0.022775 0.002466 0.000071 0.009351
23.988300 0.940743 0.023018 0.002431 0.000071 0.009647
24.266100 0.939935 0.023265 0.002393 0.000070 0.009949
24.547100 0.939124 0.023513 0.002351 0.000069 0.010257
24.831300 0.938311 0.023765 0.002306 0.000068 0.010570
25.118900 0.937496 0.024018 0.002258 0.000067 0.010890
25.409700 0.936679 0.024274 0.002206 0.000065 0.011215
25.704000 0.935861 0.024533 0.002152 0.000063 0.011545
26.001600 0.935042 0.024794 0.002093 0.000062 0.011881
26.302700 0.934220 0.025058 0.002031 0.000060 0.012221
26.607300 0.933399 0.025325 0.001966 0.000057 0.012567
26.915300 0.932575 0.025594 0.001897 0.000055 0.012916
27.227000 0.931751 0.025866 0.001824 0.000052 0.013270
27.542300 0.930926 0.026140 0.001747 0.000049 0.013628
27.861200 0.930100 0.026418 0.001667 0.000046 0.013990
28.183800 0.929275 0.026698 0.001583 0.000043 0.014355
28.510200 0.928447 0.026981 0.001496 0.000039 0.014723
28.840300 0.927621 0.027266 0.001405 0.000035 0.015094
29.174300 0.926791 0.027555 0.001310 0.000031 0.015467
29.512100 0.925964 0.027847 0.001211 0.000026 0.015841
29.853800 0.925133 0.028141 0.001109 0.000021 0.016217
30.199500 0.924302 0.028438 0.001003 0.000016 0.016594
30.549200 0.923471 0.028739 0.000893 0.000011 0.016971
30.903000 0.922638 0.029042 0.000780 0.000005 0.017348
31.260800 0.921804 0.029348 0.000663 -0.000002 0.017725
31.622800 0.920968 0.029658 0.000544 -0.000008 0.018100
31.989000 0.920130 0.029971 0.000420 -0.000015 0.018474
32.359400 0.919291 0.030286 0.000294 -0.000023 0.018845
32.734100 0.918449 0.030605 0.000164 -0.000030 0.019214
33.113100 0.917604 0.030927 0.000031 -0.000038 0.019579
33.496500 0.916755 0.031252 -0.000104 -0.000047 0.019941
33.884400 0.915905 0.031581 -0.000242 -0.000056 0.020298
34.276800 0.915048 0.031913 -0.000383 -0.000065 0.020649
34.673700 0.914188 0.032248 -0.000527 -0.000075 0.020996
35.075200 0.913323 0.032587 -0.000672 -0.000085 0.021336
35.481300 0.912453 0.032929 -0.000820 -0.000096 0.021669
35.892200 0.911577 0.033274 -0.000970 -0.000107 0.021995
36.307800 0.910694 0.033623 -0.001121 -0.000118 0.022313
36.728200 0.909802 0.033975 -0.001274 -0.000130 0.022623
37.153500 0.908905 0.034331 -0.001429 -0.000143 0.022924
37.583700 0.907998 0.034690 -0.001584 -0.000156 0.023216
38.018900 0.907083 0.035053 -0.001741 -0.000169 0.023499
38.459200 0.906157 0.035419 -0.001898 -0.000183 0.023772
38.904500 0.905220 0.035789 -0.002056 -0.000197 0.024035
39.355000 0.904273 0.036162 -0.002214 -0.000211 0.024287
39.810700 0.903315 0.036539 -0.002372 -0.000226 0.024529
40.271700 0.902345 0.036920 -0.002530 -0.000242 0.024761
40.738000 0.901360 0.037305 -0.002688 -0.000258 0.024982
41.209800 0.900362 0.037693 -0.002845 -0.000274 0.025192
41.686900 0.899350 0.038084 -0.003002 -0.000290 0.025392
42.169700 0.898324 0.038480 -0.003158 -0.000307 0.025583
42.658000 0.897283 0.038879 -0.003312 -0.000325 0.025763
43.151900 0.896224 0.039282 -0.003466 -0.000343 0.025934
43.651600 0.895150 0.039689 -0.003617 -0.000361 0.026096
44.157000 0.894060 0.040099 -0.003768 -0.000380 0.026249
44.668400 0.892954 0.040514 -0.003917 -0.000398 0.026395
45.185600 0.891829 0.040931 -0.004064 -0.000418 0.026534
45.708800 0.890688 0.041353 -0.004209 -0.000437 0.026667
46.238100 0.889529 0.041779 -0.004352 -0.000457 0.026795
46.773500 0.888353 0.042208 -0.004494 -0.000478 0.026919
47.315100 0.887159 0.042641 -0.004634 -0.000498 0.027039
47.863000 0.885947 0.043078 -0.004772 -0.000519 0.027158
48.417200 0.884719 0.043519 -0.004908 -0.000540 0.027276
48.977900 0.883474 0.043964 -0.005042 -0.000562 0.027395
49.545000 0.882213 0.044413 -0.005174 -0.000584 0.027515
50.118700 0.880933 0.044865 -0.005305 -0.000606 0.027639
50.699100 0.879640 0.045321 -0.005435 -0.000628 0.027767
51.286100 0.878331 0.045781 -0.005564 -0.000651 0.027901
51.880000 0.877008 0.046245 -0.005691 -0.000673 0.028042
52.480700 0.875670 0.046713 -0.005818 -0.000697 0.028192
53.088400 0.874320 0.047185 -0.005944 -0.000720 0.028351
53.703200 0.872956 0.047661 -0.006070 -0.000744 0.028521
54.325000 0.871582 0.048141 -0.006196 -0.000768 0.028703
54.954100 0.870195 0.048624 -0.006323 -0.000792 0.028897
55.590400 0.868800 0.049112 -0.006449 -0.000817 0.029105
56.234100 0.867393 0.049604 -0.006577 -0.000842 0.029327
56.885300 0.865979 0.050099 -0.006706 -0.000868 0.029564
57.544000 0.864556 0.050599 -0.006836 -0.000894 0.029816
58.210300 0.863125 0.051103 -0.006968 -0.000920 0.030082
58.884400 0.861687 0.051610 -0.007102 -0.000947 0.030364
59.566200 0.860244 0.052122 -0.007239 -0.000974 0.030660
60.256000 0.858792 0.052639 -0.007377 -0.001001 0.030970
60.953700 0.857336 0.053159 -0.007519 -0.001030 0.031293
61.659500 0.855872 0.053683 -0.007663 -0.001058 0.031628
62.373500 0.854404 0.054212 -0.007810 -0.001088 0.031975
63.095700 0.852928 0.054745 -0.007960 -0.001117 0.032330
63.826300 0.851446 0.055282 -0.008113 -0.001148 0.032694
64.565400 0.849956 0.055823 -0.008270 -0.001179 0.033064
65.313100 0.848458 0.056369 -0.008429 -0.001211 0.033439
66.069300 0.846953 0.056920 -0.008591 -0.001244 0.033815
66.834400 0.845437 0.057474 -0.008756 -0.001277 0.034192
67.608300 0.843912 0.058033 -0.008924 -0.001311 0.034567
68.391200 0.842373 0.058596 -0.009094 -0.001346 0.034938
69.183100 0.840822 0.059164 -0.009266 -0.001382 0.035303
69.984200 0.839259 0.059736 -0.009440 -0.001419 0.035661
70.794600 0.837678 0.060313 -0.009615 -0.001456 0.036009
71.614300 0.836082 0.060894 -0.009792 -0.001494 0.036345
72.443600 0.834467 0.061479 -0.009969 -0.001534 0.036670
73.282500 0.832832 0.062069 -0.010147 -0.001573 0.036982
74.131000 0.831178 0.062663 -0.010324 -0.001614 0.037280
74.989400 0.829503 0.063262 -0.010502 -0.001656 0.037564
75.857800 0.827806 0.063865 -0.010678 -0.001698 0.037834
76.736100 0.826085 0.064472 -0.010854 -0.001742 0.038091
77.624700 0.824341 0.065083 -0.011028 -0.001786 0.038336
78.523600 0.822575 0.065699 -0.011201 -0.001831 0.038570
79.432800 0.820784 0.066319 -0.011372 -0.001877 0.038796
80.352600 0.818971 0.066943 -0.011541 -0.001923 0.039014
81.283100 0.817134 0.067571 -0.011709 -0.001970 0.039229
82.224300 0.815276 0.068204 -0.011875 -0.002018 0.039442
83.176400 0.813395 0.068840 -0.012038 -0.002067 0.039657
84.139500 0.811496 0.069481 -0.012201 -0.002117 0.039875
85.113800 0.809577 0.070125 -0.012362 -0.002167 0.040101
86.099400 0.807640 0.070774 -0.012522 -0.002218 0.040336
87.096400 0.805686 0.071426 -0.012681 -0.002270 0.040583
88.104900 0.803717 0.072083 -0.012840 -0.002323 0.040845
89.125100 0.801734 0.072743 -0.012999 -0.002377 0.041123
90.157100 0.799739 0.073407 -0.013158 -0.002431 0.041418
91.201100 0.797731 0.074076 -0.013317 -0.002486 0.041731
92.257100 0.795713 0.074748 -0.013478 -0.002543 0.042062
93.325400 0.793682 0.075424 -0.013640 -0.002600 0.042409
94.406100 0.791642 0.076105 -0.013804 -0.002658 0.042772
95.499300 0.789588 0.076789 -0.013970 -0.002718 0.043149
96.605100 0.787525 0.077477 -0.014137 -0.002778 0.043537
97.723700 0.785447 0.078169 -0.014306 -0.002840 0.043933
98.855300 0.783356 0.078865 -0.014477 -0.002903 0.044333
100.000000 0.781250 0.079564 -0.014649 -0.002967 0.044734
101.158000 0.779126 0.080268 -0.014823 -0.003032 0.045133
102.329000 0.776983 0.080975 -0.014997 -0.003098 0.045526
103.514000 0.774818 0.081687 -0.015172 -0.003166 0.045910
104.713000 0.772632 0.082401 -0.015347 -0.003235 0.046283
105.925000 0.770421 0.083120 -0.015520 -0.003305 0.046642
107.152000 0.768184 0.083842 -0.015693 -0.003377 0.046987
108.393000 0.765921 0.084567 -0.015863 -0.003449 0.047318
109.648000 0.763631 0.085296 -0.016030 -0.003523 0.047635
110.917000 0.761312 0.086028 -0.016194 -0.003598 0.047942
112.202000 0.758967 0.086763 -0.016354 -0.003674 0.048239
113.501000 0.756595 0.087501 -0.016509 -0.003751 0.048533
114.815000 0.754198 0.088242 -0.016660 -0.003829 0.048825
116.145000 0.751778 0.088986 -0.016805 -0.003908 0.049122
117.490000 0.749336 0.089733 -0.016945 -0.003988 0.049428
118.850000 0.746873 0.090483 -0.017079 -0.004069 0.049747
120.226000 0.744392 0.091235 -0.017208 -0.004151 0.050083
121.619000 0.741896 0.091989 -0.017331 -0.004233 0.050439
123.027000 0.739386 0.092746 -0.017448 -0.004317 0.050818
124.451000 0.736861 0.093506 -0.017560 -0.004401 0.051219
125.893000 0.734322 0.094268 -0.017666 -0.004487 0.051642
127.350000 0.731771 0.095032 -0.017767 -0.004573 0.052085
128.825000 0.729205 0.095798 -0.017863 -0.004660 0.052544
130.317000 0.726625 0.096567 -0.017953 -0.004748 0.053014
131.826000 0.724027 0.097338 -0.018038 -0.004837 0.053492
133.352000 0.721409 0.098111 -0.018117 -0.004927 0.053970
134.896000 0.718770 0.098886 -0.018191 -0.005017 0.054443
136.458000 0.716108 0.099663 -0.018259 -0.005109 0.054908
138.038000 0.713419 0.100441 -0.018321 -0.005202 0.055360
139.637000 0.710702 0.101222 -0.018377 -0.005296 0.055796
141.254000 0.707957 0.102003 -0.018427 -0.005391 0.056217
142.889000 0.705184 0.102787 -0.018470 -0.005486 0.056623
144.544000 0.702382 0.103571 -0.018507 -0.005583 0.057019
146.218000 0.699553 0.104356 -0.018536 -0.005681 0.057407
147.911000 0.696700 0.105143 -0.018559 -0.005779 0.057794
149.624000 0.693826 0.105930 -0.018575 -0.005879 0.058186
151.356000 0.690931 0.106718 -0.018585 -0.005979 0.058588
153.109000 0.688020 0.107506 -0.018587 -0.006080 0.059006
154.882000 0.685092 0.108295 -0.018584 -0.006182 0.059441
156.675000 0.682151 0.109084 -0.018573 -0.006285 0.059897
158.489000 0.679198 0.109874 -0.018556 -0.006389 0.060371
160.325000 0.676230 0.110664 -0.018533 -0.006494 0.060861
162.181000 0.673246 0.111454 -0.018504 -0.006599 0.061360
164.059000 0.670246 0.112243 -0.018468 -0.006705 0.061863
165.959000 0.667224 0.113033 -0.018426 -0.006813 0.062362
167.880000 0.664179 0.113822 -0.018378 -0.006920 0.062849
169.824000 0.661108 0.114611 -0.018323 -0.007029 0.063320
171.791000 0.658009 0.115399 -0.018262 -0.007139 0.063770
173.780000 0.654881 0.116186 -0.018194 -0.007249 0.064198
175.792000 0.651725 0.116972 -0.018121 -0.007359 0.064607
177.828000 0.648541 0.117756 -0.018041 -0.007471 0.065000
179.887000 0.645332 0.118539 -0.017954 -0.007583 0.065385
181.970000 0.642100 0.119320 -0.017862 -0.007696 0.065769
184.077000 0.638850 0.120099 -0.017763 -0.007810 0.066158
186.209000 0.635584 0.120876 -0.017657 -0.007924 0.066558
188.365000 0.632304 0.121651 -0.017545 -0.008039 0.066973
190.546000 0.629009 0.122423 -0.017426 -0.008156 0.067402
192.752000 0.625701 0.123193 -0.017300 -0.008273 0.067841
194.984000 0.622377 0.123960 -0.017167 -0.008391 0.068283
197.242000 0.619033 0.124724 -0.017026 -0.008510 0.068721
199.526000 0.615666 0.125486 -0.016879 -0.008630 0.069145
201.837000 0.612272 0.126244 -0.016724 -0.008750 0.069548
204.174000 0.608851 0.126998 -0.016562 -0.008871 0.069926
206.538000 0.605401 0.127748 -0.016395 -0.008992 0.070276
208.930000 0.601922 0.128494 -0.016222 -0.009114 0.070603
211.349000 0.598417 0.129236 -0.016043 -0.009236 0.070912
213.796000 0.594890 0.129973 -0.015861 -0.009358 0.071212
216.272000 0.591344 0.130704 -0.015673 -0.009480 0.071509
218.776000 0.587782 0.131431 -0.015482 -0.009602 0.071812
221.309000 0.584204 0.132152 -0.015286 -0.009725 0.072120
223.872000 0.580613 0.132867 -0.015087 -0.009847 0.072433
226.464000 0.577004 0.133576 -0.014883 -0.009970 0.072743
229.087000 0.573374 0.134279 -0.014676 -0.010093 0.073041
231.739000 0.569722 0.134975 -0.014467 -0.010217 0.073315
234.423000 0.566039 0.135665 -0.014257 -0.010340 0.073557
237.137000 0.562328 0.136348 -0.014049 -0.010463 0.073761
239.883000 0.558586 0.137022 -0.013843 -0.010586 0.073927
242.661000 0.554817 0.137690 -0.013642 -0.010710 0.074061
245.471000 0.551023 0.138348 -0.013448 -0.010834 0.074171
248.313000 0.547209 0.138999 -0.013263 -0.010959 0.074267
251.189000 0.543379 0.139640 -0.013086 -0.011085 0.074355
254.097000 0.539534 0.140273 -0.012917 -0.011213 0.074440
257.040000 0.535670 0.140896 -0.012757 -0.011342 0.074518
260.016000 0.531789 0.141509 -0.012605 -0.011472 0.074581
263.027000 0.527883 0.142114 -0.012461 -0.011605 0.074620
266.073000 0.523949 0.142707 -0.012326 -0.011739 0.074626
269.153000 0.519986 0.143290 -0.012203 -0.011876 0.074593
272.270000 0.515994 0.143861 -0.012092 -0.012015 0.074524
275.423000 0.511978 0.144422 -0.011996 -0.012156 0.074425
278.612000 0.507940 0.144971 -0.011916 -0.012300 0.074307
281.838000 0.503886 0.145509 -0.011853 -0.012448 0.074181
285.102000 0.499817 0.146034 -0.011808 -0.012600 0.074052
288.403000 0.495735 0.146546 -0.011779 -0.012757 0.073917
291.743000 0.491634 0.147046 -0.011766 -0.012918 0.073768
295.121000 0.487510 0.147532 -0.011770 -0.013084 0.073593
298.538000 0.483359 0.148005 -0.011792 -0.013255 0.073379
301.995000 0.479177 0.148465 -0.011835 -0.013430 0.073119
305.492000 0.474970 0.148908 -0.011900 -0.013611 0.072815
309.030000 0.470737 0.149337 -0.011990 -0.013796 0.072476
312.608000 0.466486 0.149749 -0.012106 -0.013986 0.072115
316.228000 0.462220 0.150145 -0.012244 -0.014183 0.071740
319.890000 0.457936 0.150524 -0.012404 -0.014384 0.071356
323.594000 0.453635 0.150886 -0.012580 -0.014593 0.070958
327.341000 0.449311 0.151230 -0.012772 -0.014807 0.070535
331.131000 0.444956 0.151557 -0.012980 -0.015027 0.070075
334.965000 0.440574 0.151863 -0.013207 -0.015253 0.069572
338.844000 0.436163 0.152149 -0.013458 -0.015485 0.069026
342.768000 0.431729 0.152415 -0.013738 -0.015723 0.068441
346.737000 0.427275 0.152659 -0.014048 -0.015966 0.067825
350.752000 0.422802 0.152882 -0.014388 -0.016216 0.067179
354.813000 0.418309 0.153081 -0.014754 -0.016473 0.066502
358.922000 0.413786 0.153257 -0.015141 -0.016735 0.065786
363.078000 0.409232 0.153408 -0.015545 -0.017004 0.065029
367.282000 0.404647 0.153533 -0.015962 -0.017277 0.064233
371.535000 0.400032 0.153632 -0.016393 -0.017555 0.063408
375.837000 0.395395 0.153702 -0.016837 -0.017836 0.062569
380.189000 0.390739 0.153745 -0.017290 -0.018122 0.061724
384.592000 0.386062 0.153758 -0.017750 -0.018412 0.060876
389.045000 0.381362 0.153741 -0.018213 -0.018706 0.060015
393.550000 0.376631 0.153693 -0.018676 -0.019004 0.059131
398.107000 0.371868 0.153613 -0.019143 -0.019307 0.058215
402.717000 0.367075 0.153500 -0.019616 -0.019614 0.057270
407.380000 0.362259 0.153353 -0.020100 -0.019924 0.056304
412.098000 0.357421 0.153172 -0.020592 -0.020239 0.055326
416.869000 0.352562 0.152954 -0.021087 -0.020557 0.054341
421.697000 0.347677 0.152701 -0.021577 -0.020880 0.053346
426.580000 0.342762 0.152409 -0.022055 -0.021205 0.052336
431.519000 0.337818 0.152079 -0.022521 -0.021533 0.051311
436.516000 0.332848 0.151709 -0.022978 -0.021862 0.050275
441.570000 0.327857 0.151297 -0.023428 -0.022189 0.049234
446.684000 0.322844 0.150842 -0.023869 -0.022515 0.048190
451.856000 0.317808 0.150344 -0.024293 -0.022839 0.047143
457.088000 0.312744 0.149801 -0.024693 -0.023162 0.046092
462.381000 0.307654 0.149215 -0.025063 -0.023484 0.045045
467.735000 0.302545 0.148584 -0.025407 -0.023807 0.044013
473.151000 0.297424 0.147907 -0.025731 -0.024131 0.043001
478.630000 0.292291 0.147187 -0.026035 -0.024457 0.042007
484.172000 0.287143 0.146420 -0.026318 -0.024783 0.041020
489.779000 0.281975 0.145606 -0.026573 -0.025109 0.040033
495.450000 0.276790 0.144746 -0.026803 -0.025437 0.039047
501.187000 0.271596 0.143840 -0.027012 -0.025765 0.038068
506.991000 0.266398 0.142886 -0.027210 -0.026095 0.037096
512.861000 0.261195 0.141887 -0.027399 -0.026427 0.036121
518.800000 0.255980 0.140840 -0.027572 -0.026760 0.035134
524.807000 0.250754 0.139745 -0.027727 -0.027093 0.034135
530.884000 0.245520 0.138602 -0.027867 -0.027426 0.033129
537.032000 0.240289 0.137410 -0.028001 -0.027758 0.032118
543.250000 0.235058 0.136170 -0.028134 -0.028089 0.031093
549.541000 0.229823 0.134881 -0.028263 -0.028419 0.030044
555.904000 0.224583 0.133543 -0.028381 -0.028748 0.028972
562.341000 0.219343 0.132156 -0.028494 -0.029077 0.027885
568.853000 0.214112 0.130720 -0.028615 -0.029408 0.026779
575.440000 0.208888 0.129236 -0.028756 -0.029742 0.025638
582.103000 0.203664 0.127704 -0.028914 -0.030078 0.024446
588.844000 0.198442 0.126123 -0.029078 -0.030418 0.023215
595.662000 0.193228 0.124493 -0.029247 -0.030758 0.021964
602.560000 0.188030 0.122814 -0.029430 -0.031102 0.020691
609.537000 0.182843 0.121088 -0.029637 -0.031450 0.019372
616.595000 0.177664 0.119313 -0.029867 -0.031803 0.017996
623.735000 0.172491 0.117491 -0.030114 -0.032162 0.016575
630.957000 0.167337 0.115621 -0.030390 -0.032526 0.015114
638.263000 0.162200 0.113704 -0.030714 -0.032897 0.013581
645.654000 0.157071 0.111740 -0.031096 -0.033277 0.011945
653.131000 0.151948 0.109728 -0.031526 -0.033668 0.010220
660.693000 0.146842 0.107669 -0.031995 -0.034070 0.008446
668.344000 0.141760 0.105564 -0.032515 -0.034484 0.006620
676.083000 0.136697 0.103415 -0.033094 -0.034916 0.004716
683.912000 0.131651 0.101223 -0.033729 -0.035368 0.002735
691.831000 0.126634 0.098989 -0.034414 -0.035842 0.000714
699.842000 0.121653 0.096716 -0.035157 -0.036342 -0.001349
707.946000 0.116706 0.094408 -0.035965 -0.036871 -0.003476
716.143000 0.111793 0.092065 -0.036826 -0.037433 -0.005654
724.436000 0.106925 0.089690 -0.037736 -0.038027 -0.007857
732.825000 0.102103 0.087285 -0.038725 -0.038655 -0.010132
741.310000 0.097324 0.084851 -0.039783 -0.039320 -0.012476
749.894000 0.092618 0.082392 -0.040764 -0.040019 -0.014642
758.578000 0.088044 0.079911 -0.041447 -0.040731 -0.016256
767.361000 0.083632 0.077415 -0.041724 -0.041429 -0.017190
776.247000 0.079370 0.074912 -0.041653 -0.042080 -0.017629
785.236000 0.075251 0.072408 -0.041324 -0.042665 -0.017765
794.328000 0.071283 0.069909 -0.040764 -0.043166 -0.017650
803.526000 0.067463 0.067422 -0.039986 -0.043567 -0.017345
812.831000 0.063782 0.064952 -0.039038 -0.043856 -0.016951
822.243000 0.060246 0.062503 -0.037952 -0.044025 -0.016508
831.764000 0.056856 0.060081 -0.036735 -0.044064 -0.016027
841.395000 0.053602 0.057691 -0.035413 -0.043968 -0.015561
851.138000 0.050486 0.055336 -0.034016 -0.043733 -0.015136
860.994000 0.047512 0.053020 -0.032554 -0.043358 -0.014741
870.964000 0.044668 0.050748 -0.031037 -0.042842 -0.014400
881.049000 0.041954 0.048522 -0.029489 -0.042188 -0.014128
891.251000 0.039372 0.046344 -0.027919 -0.041399 -0.013904
901.571000 0.036911 0.044217 -0.026333 -0.040482 -0.013737
912.011000 0.034569 0.042143 -0.024750 -0.039445 -0.013634
922.571000 0.032347 0.040125 -0.023179 -0.038300 -0.013569
933.254000 0.030237 0.038164 -0.021624 -0.037059 -0.013546
944.061000 0.028233 0.036261 -0.020101 -0.035734 -0.013564
954.993000 0.026339 0.034419 -0.018616 -0.034341 -0.013597
966.051000 0.024543 0.032640 -0.017170 -0.032892 -0.013654
977.237000 0.022843 0.030923 -0.015777 -0.031401 -0.013729
988.553000 0.021237 0.029267 -0.014436 -0.029880 -0.013802
1000.000000 0.019713 0.027672 -0.013147 -0.028340 -0.013884
1011.580000 0.018270 0.026134 -0.011920 -0.026791 -0.013960
1023.290000 0.016904 0.024652 -0.010752 -0.025241 -0.014015
1035.140000 0.015605 0.023224 -0.009646 -0.023700 -0.014058
1047.130000 0.014378 0.021847 -0.008608 -0.022172 -0.014064
1059.250000 0.013214 0.020521 -0.007632 -0.020663 -0.014034
1071.520000 0.012111 0.019244 -0.006721 -0.019178 -0.013965
1083.930000 0.011071 0.018016 -0.005876 -0.017720 -0.013839
1096.480000 0.010085 0.016835 -0.005093 -0.016293 -0.013669
1109.170000 0.009158 0.015702 -0.004376 -0.014902 -0.013441
1122.020000 0.008285 0.014617 -0.003720 -0.013549 -0.013156
1135.010000 0.007465 0.013580 -0.003126 -0.012239 -0.012819
1148.150000 0.006698 0.012589 -0.002593 -0.010977 -0.012423
1161.450000 0.005976 0.011643 -0.002117 -0.009767 -0.011986
1174.900000 0.005302 0.010740 -0.001699 -0.008612 -0.011500
1188.500000 0.004668 0.009878 -0.001333 -0.007514 -0.010977
1202.260000 0.004076 0.009056 -0.001019 -0.006473 -0.010417
1216.190000 0.003524 0.008276 -0.000751 -0.005490 -0.009821
1230.270000 0.003008 0.007535 -0.000525 -0.004566 -0.009200
1244.510000 0.002531 0.006836 -0.000339 -0.003702 -0.008549
1258.930000 0.002086 0.006177 -0.000187 -0.002898 -0.007885
1273.500000 0.001679 0.005560 -0.000067 -0.002155 -0.007201
1288.250000 0.001302 0.004984 0.000028 -0.001471 -0.006516
1303.170000 0.000958 0.004449 0.000099 -0.000846 -0.005825
1318.260000 0.000640 0.003953 0.000155 -0.000280 -0.005150
1333.520000 0.000352 0.003496 0.000196 0.000229 -0.004488
1348.960000 0.000086 0.003076 0.000227 0.000682 -0.003857
1364.580000 -0.000155 0.002692 0.000246 0.001079 -0.003256
1380.380000 -0.000378 0.002341 0.000257 0.001423 -0.002702
1396.370000 -0.000578 0.002023 0.000260 0.001717 -0.002190
1412.540000 -0.000762 0.001735 0.000256 0.001962 -0.001732
1428.890000 -0.000926 0.001476 0.000244 0.002162 -0.001320
1445.440000 -0.001076 0.001244 0.000224 0.002321 -0.000965
1462.180000 -0.001207 0.001038 0.000194 0.002442 -0.000658
1479.110000 -0.001325 0.000855 0.000153 0.002528 -0.000407
1496.240000 -0.001428 0.000693 0.000103 0.002581 -0.000205
1513.560000 -0.001521 0.000551 0.000046 0.002605 -0.000061
1531.090000 -0.001602 0.000428 -0.000014 0.002602 0.000034
1548.820000 -0.001675 0.000322 -0.000075 0.002575 0.000079
1566.750000 -0.001740 0.000230 -0.000135 0.002528 0.000081
1584.890000 -0.001797 0.000152 -0.000194 0.002463 0.000052
1603.250000 -0.001849 0.000086 -0.000249 0.002384 -0.000006
1621.810000 -0.001892 0.000030 -0.000299 0.002293 -0.000078
1640.590000 -0.001930 -0.000018 -0.000344 0.002195 -0.000163
1659.590000 -0.001960 -0.000058 -0.000380 0.002091 -0.000250
1678.800000 -0.001983 -0.000090 -0.000408 0.001985 -0.000333
1698.240000 -0.002000 -0.000117 -0.000425 0.001879 -0.000412
1717.910000 -0.002008 -0.000137 -0.000430 0.001775 -0.000476
1737.800000 -0.002010 -0.000152 -0.000420 0.001677 -0.000525
1757.920000 -0.002005 -0.000162 -0.000398 0.001588 -0.000557
1778.280000 -0.001992 -0.000168 -0.000365 0.001509 -0.000568
1798.870000 -0.001974 -0.000171 -0.000323 0.001444 -0.000566
1819.700000 -0.001952 -0.000170 -0.000275 0.001393 -0.000548
1840.770000 -0.001925 -0.000168 -0.000226 0.001359 -0.000511
1862.090000 -0.001895 -0.000164 -0.000176 0.001341 -0.000459
1883.650000 -0.001863 -0.000159 -0.000131 0.001339 -0.000393
1905.460000 -0.001828 -0.000153 -0.000095 0.001352 -0.000312
1927.520000 -0.001793 -0.000146 -0.000070 0.001375 -0.000220
1949.840000 -0.001759 -0.000139 -0.000058 0.001406 -0.000123
1972.420000 -0.001727 -0.000131 -0.000060 0.001441 -0.000022
1995.260000 -0.001700 -0.000124 -0.000073 0.001478 0.000076
2018.370000 -0.001678 -0.000115 -0.000092 0.001513 0.000170
2041.740000 -0.001663 -0.000105 -0.000117 0.001544 0.000257
2065.380000 -0.001654 -0.000094 -0.000143 0.001570 0.000338
2089.300000 -0.001652 -0.000080 -0.000169 0.001590 0.000412
2113.490000 -0.001657 -0.000065 -0.000190 0.001606 0.000478
2137.960000 -0.001670 -0.000047 -0.000206 0.001621 0.000541
2162.720000 -0.001687 -0.000029 -0.000216 0.001633 0.000604
2187.760000 -0.001709 -0.000011 -0.000221 0.001643 0.000670
2213.090000 -0.001732 0.000005 -0.000223 0.001650 0.000747
2238.720000 -0.001753 0.000020 -0.000222 0.001652 0.000840
2264.640000 -0.001771 0.000031 -0.000220 0.001647 0.000947
2290.870000 -0.001784 0.000039 -0.000221 0.001636 0.001069
2317.390000 -0.001792 0.000044 -0.000224 0.001620 0.001200
2344.230000 -0.001795 0.000046 -0.000227 0.001597 0.001339
2371.370000 -0.001791 0.000047 -0.000229 0.001568 0.001486
2398.830000 -0.001782 0.000046 -0.000228 0.001532 0.001637
2426.610000 -0.001769 0.000046 -0.000223 0.001488 0.001786
2454.710000 -0.001754 0.000045 -0.000216 0.001437 0.001920
2483.130000 -0.001738 0.000044 -0.000208 0.001376 0.002029
2511.890000 -0.001724 0.000042 -0.000198 0.001304 0.002105
2540.970000 -0.001713 0.000038 -0.000184 0.001223 0.002146
2570.400000 -0.001705 0.000032 -0.000164 0.001131 0.002155
2600.160000 -0.001696 0.000023 -0.000139 0.001031 0.002144
2630.270000 -0.001684 0.000010 -0.000102 0.000924 0.002123
2660.730000 -0.001668 -0.000004 -0.000047 0.000811 0.002102
2691.530000 -0.001644 -0.000020 0.000032 0.000699 0.002097
2722.700000 -0.001613 -0.000035 0.000129 0.000593 0.002103
2754.230000 -0.001576 -0.000050 0.000233 0.000497 0.002113
2786.120000 -0.001532 -0.000064 0.000330 0.000415 0.002131
2818.380000 -0.001481 -0.000075 0.000409 0.000350 0.002166
2851.020000 -0.001425 -0.000084 0.000462 0.000301 0.002218
2884.030000 -0.001370 -0.000088 0.000480 0.000263 0.002266
2917.430000 -0.001321 -0.000088 0.000463 0.000232 0.002293
2951.210000 -0.001285 -0.000084 0.000418 0.000199 0.002285
2985.380000 -0.001264 -0.000077 0.000353 0.000156 0.002227
3019.950000 -0.001261 -0.000069 0.000291 0.000103 0.002116
3054.920000 -0.001275 -0.000063 0.000247 0.000040 0.001949
3090.300000 -0.001303 -0.000059 0.000222 -0.000028 0.001728
3126.080000 -0.001338 -0.000058 0.000199 -0.000094 0.001462
3162.280000 -0.001374 -0.000059 0.000163 -0.000155 0.001157
3198.900000 -0.001405 -0.000058 0.000109 -0.000209 0.000829
3235.940000 -0.001427 -0.000052 0.000047 -0.000254 0.000502
3273.410000 -0.001440 -0.000041 -0.000017 -0.000287 0.000189
3311.310000 -0.001445 -0.000026 -0.000077 -0.000307 -0.000104
3349.650000 -0.001449 -0.000008 -0.000125 -0.000312 -0.000373
3388.440000 -0.001452 0.000007 -0.000157 -0.000303 -0.000607
3427.680000 -0.001455 0.000018 -0.000178 -0.000281 -0.000796
3467.370000 -0.001456 0.000023 -0.000190 -0.000251 -0.000928
3507.520000 -0.001452 0.000022 -0.000189 -0.000221 -0.000986
3548.130000 -0.001440 0.000014 -0.000174 -0.000203 -0.000974
3589.220000 -0.001418 0.000000 -0.000137 -0.000211 -0.000902
3630.780000 -0.001382 -0.000020 -0.000078 -0.000250 -0.000779
3672.820000 -0.001333 -0.000045 0.000004 -0.000319 -0.000629
3715.350000 -0.001272 -0.000070 0.000108 -0.000406 -0.000481
3758.370000 -0.001201 -0.000094 0.000219 -0.000498 -0.000345
3801.890000 -0.001120 -0.000115 0.000323 -0.000583 -0.000215
3845.920000 -0.001033 -0.000132 0.000415 -0.000656 -0.000102
3890.450000 -0.000951 -0.000144 0.000482 -0.000712 -0.000050
3935.500000 -0.000884 -0.000157 0.000513 -0.000757 -0.000094
3981.070000 -0.000838 -0.000171 0.000501 -0.000795 -0.000261
4027.170000 -0.000814 -0.000186 0.000457 -0.000820 -0.000541
4073.800000 -0.000807 -0.000201 0.000388 -0.000817 -0.000906
4120.980000 -0.000817 -0.000211 0.000298 -0.000775 -0.001334
4168.690000 -0.000842 -0.000215 0.000181 -0.000693 -0.001805
4216.970000 -0.000879 -0.000212 0.000035 -0.000579 -0.002291
4265.800000 -0.000921 -0.000203 -0.000137 -0.000443 -0.002755
4315.190000 -0.000970 -0.000189 -0.000318 -0.000290 -0.003172
4365.160000 -0.001024 -0.000170 -0.000488 -0.000118 -0.003516
4415.700000 -0.001081 -0.000150 -0.000633 0.000078 -0.003752
4466.840000 -0.001133 -0.000129 -0.000752 0.000297 -0.003841
4518.560000 -0.001175 -0.000110 -0.000845 0.000532 -0.003761
4570.880000 -0.001198 -0.000090 -0.000907 0.000772 -0.003482
4623.810000 -0.001191 -0.000069 -0.000919 0.001006 -0.002969
4677.350000 -0.001151 -0.000045 -0.000856 0.001231 -0.002235
4731.510000 -0.001088 -0.000016 -0.000726 0.001441 -0.001343
4786.300000 -0.001008 0.000016 -0.000550 0.001620 -0.000352
4841.720000 -0.000918 0.000048 -0.000358 0.001753 0.000696
4897.790000 -0.000822 0.000080 -0.000174 0.001824 0.001743
4954.500000 -0.000730 0.000108 -0.000000 0.001826 0.002718
5011.870000 -0.000651 0.000128 0.000175 0.001759 0.003563
5069.910000 -0.000584 0.000137 0.000344 0.001634 0.004260
5128.610000 -0.000532 0.000132 0.000486 0.001455 0.004768
5188.000000 -0.000497 0.000112 0.000580 0.001221 0.005061
5248.070000 -0.000470 0.000080 0.000620 0.000929 0.005165
5308.840000 -0.000452 0.000040 0.000617 0.000591 0.005076
5370.320000 -0.000447 -0.000006 0.000584 0.000227 0.004775
5432.500000 -0.000455 -0.000052 0.000532 -0.000128 0.004269
5495.410000 -0.000468 -0.000094 0.000461 -0.000438 0.003614
5559.040000 -0.000477 -0.000129 0.000372 -0.000683 0.002888
5623.410000 -0.000475 -0.000154 0.000280 -0.000861 0.002183
5688.530000 -0.000468 -0.000168 0.000199 -0.000968 0.001531
5754.400000 -0.000465 -0.000168 0.000113 -0.001003 0.000923
5821.030000 -0.000468 -0.000157 0.000009 -0.000986 0.000351
5888.440000 -0.000471 -0.000138 -0.000086 -0.000945 -0.000162
5956.620000 -0.000466 -0.000115 -0.000142 -0.000889 -0.000603
6025.600000 -0.000449 -0.000094 -0.000160 -0.000815 -0.000952
6095.370000 -0.000424 -0.000076 -0.000162 -0.000724 -0.001205
6165.950000 -0.000393 -0.000063 -0.000163 -0.000628 -0.001356
6237.350000 -0.000360 -0.000055 -0.000158 -0.000543 -0.001417
6309.570000 -0.000327 -0.000053 -0.000125 -0.000479 -0.001408
6382.630000 -0.000293 -0.000056 -0.000052 -0.000432 -0.001337
6456.540000 -0.000250 -0.000062 0.000035 -0.000397 -0.001192
6531.310000 -0.000195 -0.000065 0.000092 -0.000374 -0.001004
6606.930000 -0.000144 -0.000062 0.000095 -0.000368 -0.000867
6683.440000 -0.000117 -0.000053 0.000060 -0.000374 -0.000892
6760.830000 -0.000118 -0.000047 0.000022 -0.000372 -0.001104
6839.120000 -0.000122 -0.000051 0.000001 -0.000345 -0.001401
6918.310000 -0.000111 -0.000062 -0.000039 -0.000287 -0.001727
6998.420000 -0.000099 -0.000070 -0.000111 -0.000198 -0.002088
7079.460000 -0.000101 -0.000070 -0.000187 -0.000063 -0.002444
7161.430000 -0.000118 -0.000060 -0.000231 0.000121 -0.002654
7244.360000 -0.000133 -0.000043 -0.000235 0.000334 -0.002564
7328.250000 -0.000118 -0.000023 -0.000231 0.000542 -0.002063
7413.100000 -0.000087 0.000001 -0.000213 0.000714 -0.001269
7498.940000 -0.000059 0.000025 -0.000168 0.000815 -0.000373
7585.780000 -0.000040 0.000045 -0.000098 0.000808 0.000428
7673.610000 -0.000026 0.000054 -0.000001 0.000683 0.001008
7762.470000 0.000011 0.000048 0.000125 0.000471 0.001388
7852.360000 0.000079 0.000030 0.000230 0.000235 0.001599
7943.280000 0.000152 0.000008 0.000285 0.000025 0.001596
8035.260000 0.000195 -0.000014 0.000311 -0.000146 0.001373
8128.310000 0.000193 -0.000036 0.000329 -0.000290 0.001005
8222.430000 0.000167 -0.000053 0.000302 -0.000400 0.000616
8317.640000 0.000140 -0.000057 0.000173 -0.000482 0.000268
8413.950000 0.000117 -0.000058 0.000008 -0.000555 -0.000066
8511.380000 0.000088 -0.000071 -0.000101 -0.000580 -0.000480
8609.940000 0.000079 -0.000094 -0.000154 -0.000526 -0.000922
8709.640000 0.000100 -0.000107 -0.000153 -0.000420 -0.001305
8810.490000 0.000137 -0.000099 -0.000110 -0.000264 -0.001609
8912.510000 0.000179 -0.000083 -0.000094 -0.000071 -0.001783
9015.710000 0.000226 -0.000066 -0.000114 0.000129 -0.001741
9120.110000 0.000230 -0.000032 -0.000156 0.000358 -0.001591
9225.710000 0.000161 0.000018 -0.000290 0.000614 -0.001478
9332.540000 0.000069 0.000052 -0.000419 0.000862 -0.001234
9440.610000 0.000014 0.000064 -0.000469 0.001136 -0.000674
9549.930000 0.000030 0.000078 -0.000399 0.001417 0.000340
9660.510000 0.000079 0.000105 -0.000182 0.001612 0.001710
9772.370000 0.000137 0.000121 0.000137 0.001596 0.003225
9885.530000 0.000256 0.000107 0.000380 0.001351 0.004743
