# s W_0 W_1 W_2 W_3 W_4
0.100000 1.000000 0.000066 0.000000 -0.000000 0.000000
0.101158 1.000000 0.000066 0.000000 -0.000000 0.000000
0.102329 1.000000 0.000067 0.000000 -0.000000 0.000000
0.103514 1.000000 0.000068 0.000000 -0.000000 0.000000
0.104713 1.000000 0.000069 0.000000 -0.000000 0.000000
0.105925 1.000000 0.000069 0.000000 -0.000000 0.000000
0.107152 1.000000 0.000070 0.000000 -0.000000 0.000000
0.108393 1.000000 0.000071 0.000000 -0.000000 0.000000
0.109648 1.000000 0.000072 0.000000 -0.000000 0.000000
0.110917 1.000000 0.000073 0.000000 -0.000000 0.000000
0.112202 1.000000 0.000074 0.000000 -0.000000 0.000000
0.113501 1.000000 0.000074 0.000000 -0.000000 0.000000
0.114815 1.000000 0.000075 0.000000 -0.000000 0.000000
0.116145 1.000000 0.000076 0.000000 -0.000000 0.000000
0.117490 1.000000 0.000077 0.000000 -0.000000 0.000000
0.118850 1.000000 0.000078 0.000000 -0.000000 0.000000
0.120226 1.000000 0.000079 0.000000 -0.000000 0.000000
0.121619 0.999999 0.000080 0.000000 -0.000000 0.000000
0.123027 0.999999 0.000081 0.000000 -0.000000 0.000000
0.124451 0.999999 0.000082 0.000000 -0.000000 0.000000
0.125893 0.999999 0.000083 0.000000 -0.000000 0.000000
0.127350 0.999999 0.000084 0.000000 -0.000000 0.000000
0.128825 0.999999 0.000085 0.000000 -0.000000 0.000000
0.130317 0.999999 0.000085 0.000000 -0.000000 0.000000
0.131826 0.999999 0.000086 0.000000 -0.000000 0.000000
0.133352 0.999999 0.000087 0.000000 -0.000000 0.000000
0.134896 0.999999 0.000089 0.000000 -0.000000 0.000000
0.136458 0.999999 0.000090 0.000000 -0.000000 0.000000
0.138038 0.999999 0.000091 0.000000 -0.000000 0.000000
0.139637 0.999999 0.000092 0.000000 -0.000000 0.000000
0.141254 0.999999 0.000093 0.000000 -0.000000 0.000000
0.142889 0.999999 0.000094 0.000000 -0.000000 0.000000
0.144544 0.999999 0.000095 0.000000 -0.000000 0.000000
0.146218 0.999999 0.000096 0.000000 -0.000000 0.000000
0.147911 0.999997 0.000097 0.000000 -0.000000 0.000000
0.149624 0.999997 0.000098 0.000000 -0.000000 0.000000
0.151356 0.999997 0.000099 0.000000 -0.000000 0.000000
0.153109 0.999997 0.000100 0.000000 -0.000000 0.000000
0.154882 0.999997 0.000102 0.000000 -0.000000 0.000000
0.156675 0.999997 0.000103 0.000000 -0.000000 0.000000
0.158489 0.999997 0.000104 0.000000 -0.000000 0.000000
0.160325 0.999997 0.000105 0.000000 -0.000000 0.000000
0.162181 0.999997 0.000106 0.000000 -0.000000 0.000000
0.164059 0.999997 0.000108 0.000000 -0.000000 0.000000
0.165959 0.999997 0.000109 0.000000 -0.000000 0.000000
0.167880 0.999997 0.000110 0.000000 -0.000000 0.000000
0.169824 0.999997 0.000111 0.000000 -0.000000 0.000000
0.171791 0.999996 0.000113 0.000000 -0.000000 0.000000
0.173780 0.999996 0.000114 0.000000 -0.000000 0.000000
0.175792 0.999996 0.000115 0.000000 -0.000000 0.000000
0.177828 0.999996 0.000117 0.000000 -0.000000 0.000000
0.179887 0.999996 0.000118 0.000000 -0.000000 0.000000
0.181970 0.999996 0.000119 0.000000 -0.000000 0.000000
0.184077 0.999996 0.000121 0.000000 -0.000000 0.000000
0.186209 0.999996 0.000122 0.000000 -0.000000 0.000000
0.188365 0.999996 0.000124 0.000000 -0.000000 0.000000
0.190546 0.999995 0.000125 0.000000 -0.000000 0.000000
0.192752 0.999995 0.000126 0.000000 -0.000000 0.000000
0.194984 0.999995 0.000128 0.000000 -0.000000 0.000000
0.197242 0.999995 0.000129 0.000000 -0.000000 0.000000
0.199526 0.999995 0.000131 0.000000 -0.000000 0.000000
0.201837 0.999995 0.000132 0.000000 -0.000000 0.000000
0.204174 0.999995 0.000134 0.000000 -0.000000 0.000000
0.206538 0.999995 0.000136 0.000000 -0.000000 0.000000
0.208930 0.999994 0.000137 0.000000 -0.000000 0.000000
0.211349 0.999994 0.000139 0.000000 -0.000000 0.000000
0.213796 0.999994 0.000140 0.000000 -0.000000 0.000000
0.216272 0.999994 0.000142 0.000000 -0.000000 0.000000
0.218776 0.999994 0.000144 0.000000 -0.000000 0.000000
0.221309 0.999994 0.000145 0.000000 -0.000000 0.000000
0.223872 0.999994 0.000147 0.000000 -0.000000 0.000000
0.226464 0.999992 0.000149 0.000000 -0.000000 0.000000
0.229087 0.999992 0.000150 0.000000 -0.000000 0.000000
0.231739 0.999992 0.000152 0.000000 -0.000000 0.000000
0.234423 0.999992 0.000154 0.000000 -0.000000 0.000000
0.237137 0.999992 0.000156 0.000000 -0.000000 0.000000
0.239883 0.999992 0.000157 0.000000 -0.000000 0.000000
0.242661 0.999991 0.000159 0.000000 -0.000000 0.000000
0.245471 0.999991 0.000161 0.000000 -0.000000 0.000000
0.248313 0.999991 0.000163 0.000000 -0.000000 0.000000
0.251189 0.999991 0.000165 0.000000 -0.000000 0.000000
0.254097 0.999991 0.000167 0.000000 -0.000000 0.000000
0.257040 0.999990 0.000169 0.000000 -0.000000 0.000000
0.260016 0.999990 0.000171 0.000000 -0.000000 0.000000
0.263027 0.999990 0.000173 0.000000 -0.000000 0.000000
0.266073 0.999990 0.000175 0.000000 -0.000000 0.000000
0.269153 0.999989 0.000177 0.000000 -0.000000 0.000000
0.272270 0.999989 0.000179 0.000000 -0.000000 0.000000
0.275423 0.999989 0.000181 0.000000 -0.000000 0.000000
0.278612 0.999989 0.000183 0.000000 -0.000000 0.000000
0.281838 0.999987 0.000185 0.000000 -0.000000 0.000000
0.285102 0.999987 0.000187 0.000000 -0.000000 0.000000
0.288403 0.999987 0.000189 0.000000 -0.000000 0.000000
0.291743 0.999987 0.000191 0.000001 -0.000000 0.000000
0.295121 0.999986 0.000194 0.000001 -0.000000 0.000000
0.298538 0.999986 0.000196 0.000001 -0.000000 0.000000
0.301995 0.999986 0.000198 0.000001 -0.000000 0.000000
0.305492 0.999986 0.000200 0.000001 -0.000000 0.000000
0.309030 0.999985 0.000203 0.000001 -0.000000 0.000000
0.312608 0.999985 0.000205 0.000001 -0.000000 0.000000
0.316228 0.999985 0.000207 0.000001 -0.000000 0.000000
0.319890 0.999984 0.000210 0.000001 -0.000000 0.000000
0.323594 0.999984 0.000212 0.000001 -0.000000 0.000000
0.327341 0.999984 0.000215 0.000001 -0.000000 0.000000
0.331131 0.999982 0.000217 0.000001 -0.000000 0.000000
0.334965 0.999982 0.000220 0.000001 -0.000000 0.000000
0.338844 0.999982 0.000222 0.000001 -0.000000 0.000000
0.342768 0.999981 0.000225 0.000001 -0.000000 0.000000
0.346737 0.999981 0.000227 0.000001 -0.000000 0.000000
0.350752 0.999980 0.000230 0.000001 -0.000000 0.000000
0.354813 0.999980 0.000233 0.000001 -0.000000 0.000000
0.358922 0.999980 0.000235 0.000001 -0.000000 0.000000
0.363078 0.999979 0.000238 0.000001 -0.000000 0.000000
0.367282 0.999979 0.000241 0.000001 -0.000000 0.000000
0.371535 0.999977 0.000244 0.000001 -0.000000 0.000000
0.375837 0.999977 0.000247 0.000001 -0.000000 0.000000
0.380189 0.999976 0.000249 0.000001 -0.000000 0.000000
0.384592 0.999976 0.000252 0.000001 -0.000000 0.000000
0.389045 0.999975 0.000255 0.000001 -0.000000 0.000000
0.393550 0.999975 0.000258 0.000001 -0.000000 0.000000
0.398107 0.999973 0.000261 0.000001 -0.000000 0.000000
0.402717 0.999973 0.000264 0.000001 -0.000000 0.000000
0.407380 0.999972 0.000267 0.000001 -0.000000 0.000000
0.412098 0.999972 0.000270 0.000001 -0.000000 0.000000
0.416869 0.999971 0.000273 0.000001 -0.000000 0.000000
0.421697 0.999971 0.000277 0.000001 -0.000000 0.000000
0.426580 0.999970 0.000280 0.000001 -0.000000 0.000000
0.431519 0.999970 0.000283 0.000001 -0.000000 0.000000
0.436516 0.999968 0.000286 0.000001 -0.000000 0.000000
0.441570 0.999967 0.000290 0.000001 -0.000000 0.000000
0.446684 0.999967 0.000293 0.000001 -0.000000 0.000000
0.451856 0.999966 0.000296 0.000001 -0.000000 0.000000
0.457088 0.999965 0.000300 0.000001 -0.000000 0.000000
0.462381 0.999965 0.000303 0.000001 -0.000000 0.000000
0.467735 0.999963 0.000307 0.000001 -0.000000 0.000000
0.473151 0.999962 0.000310 0.000001 -0.000000 0.000000
0.478630 0.999962 0.000314 0.000001 -0.000000 0.000000
0.484172 0.999961 0.000318 0.000001 -0.000000 0.000000
0.489779 0.999960 0.000321 0.000001 -0.000000 0.000000
0.495450 0.999958 0.000325 0.000001 -0.000000 0.000000
0.501187 0.999957 0.000329 0.000001 -0.000000 0.000000
0.506991 0.999957 0.000333 0.000002 -0.000000 0.000000
0.512861 0.999956 0.000336 0.000002 -0.000000 0.000000
0.518800 0.999955 0.000340 0.000002 -0.000000 0.000000
0.524807 0.999953 0.000344 0.000002 -0.000000 0.000000
0.530884 0.999952 0.000348 0.000002 -0.000000 0.000000
0.537032 0.999951 0.000352 0.000002 -0.000000 0.000000
0.543250 0.999950 0.000356 0.000002 -0.000000 0.000000
0.549541 0.999948 0.000361 0.000002 -0.000000 0.000000
0.555904 0.999947 0.000365 0.000002 -0.000000 0.000000
0.562341 0.999946 0.000369 0.000002 -0.000000 0.000000
0.568853 0.999944 0.000373 0.000002 -0.000000 0.000000
0.575440 0.999943 0.000378 0.000002 -0.000000 0.000000
0.582103 0.999942 0.000382 0.000002 -0.000000 0.000000
0.588844 0.999941 0.000386 0.000002 -0.000000 0.000000
0.595662 0.999939 0.000391 0.000002 -0.000000 0.000000
0.602560 0.999938 0.000395 0.000002 -0.000000 0.000000
0.609537 0.999937 0.000400 0.000002 -0.000000 0.000000
0.616595 0.999934 0.000405 0.000002 -0.000000 0.000000
0.623735 0.999933 0.000409 0.000002 -0.000000 0.000000
0.630957 0.999932 0.000414 0.000002 -0.000000 0.000000
0.638263 0.999931 0.000419 0.000002 -0.000000 0.000000
0.645654 0.999928 0.000424 0.000002 -0.000000 0.000000
0.653131 0.999927 0.000428 0.000003 -0.000000 0.000000
0.660693 0.999926 0.000433 0.000003 -0.000000 0.000000
0.668344 0.999923 0.000438 0.000003 -0.000000 0.000000
0.676083 0.999922 0.000444 0.000003 -0.000000 0.000000
0.683912 0.999919 0.000449 0.000003 -0.000000 0.000000
0.691831 0.999918 0.000454 0.000003 -0.000000 0.000000
0.699842 0.999915 0.000459 0.000003 -0.000000 0.000000
0.707946 0.999914 0.000464 0.000003 -0.000000 0.000000
0.716143 0.999912 0.000470 0.000003 -0.000000 0.000000
0.724436 0.999909 0.000475 0.000003 -0.000000 0.000000
0.732825 0.999908 0.000481 0.000003 -0.000000 0.000000
0.741310 0.999905 0.000486 0.000003 -0.000000 0.000000
0.749894 0.999903 0.000492 0.000003 -0.000000 0.000000
0.758578 0.999900 0.000498 0.000003 -0.000000 0.000000
0.767361 0.999898 0.000503 0.000003 -0.000000 0.000000
0.776247 0.999897 0.000509 0.000004 -0.000000 0.000000
0.785236 0.999894 0.000515 0.000004 -0.000000 0.000000
0.794328 0.999891 0.000521 0.000004 -0.000000 0.000000
0.803526 0.999888 0.000527 0.000004 -0.000000 0.000000
0.812831 0.999885 0.000533 0.000004 -0.000000 0.000000
0.822243 0.999883 0.000539 0.000004 -0.000000 0.000000
0.831764 0.999880 0.000546 0.000004 -0.000000 0.000000
0.841395 0.999878 0.000552 0.000004 -0.000000 0.000000
0.851138 0.999875 0.000558 0.000004 -0.000000 0.000000
0.860994 0.999871 0.000565 0.000004 -0.000000 0.000000
0.870964 0.999869 0.000571 0.000004 -0.000000 0.000000
0.881049 0.999865 0.000578 0.000005 -0.000000 0.000000
0.891251 0.999862 0.000585 0.000005 -0.000000 0.000000
0.901571 0.999859 0.000591 0.000005 -0.000000 0.000000
0.912011 0.999856 0.000598 0.000005 -0.000000 0.000000
0.922571 0.999852 0.000605 0.000005 -0.000000 0.000000
0.933254 0.999849 0.000612 0.000005 -0.000000 0.000000
0.944061 0.999845 0.000619 0.000005 -0.000000 0.000000
0.954993 0.999841 0.000626 0.000005 -0.000000 0.000000
0.966051 0.999837 0.000634 0.000006 -0.000000 0.000000
0.977237 0.999833 0.000641 0.000006 -0.000000 0.000000
0.988553 0.999830 0.000649 0.000006 -0.000000 0.000000
1.000000 0.999826 0.000656 0.000006 -0.000000 0.000000
1.011580 0.999822 0.000664 0.000006 -0.000000 0.000000
1.023290 0.999818 0.000671 0.000006 -0.000000 0.000000
1.035140 0.999813 0.000679 0.000006 -0.000000 0.000000
1.047130 0.999809 0.000687 0.000006 -0.000000 0.000000
1.059250 0.999804 0.000695 0.000007 -0.000000 0.000000
1.071520 0.999801 0.000703 0.000007 -0.000000 0.000000
1.083930 0.999796 0.000711 0.000007 -0.000000 0.000000
1.096480 0.999790 0.000719 0.000007 -0.000000 0.000000
1.109170 0.999785 0.000728 0.000007 -0.000000 0.000000
1.122020 0.999780 0.000736 0.000007 -0.000000 0.000000
1.135010 0.999775 0.000745 0.000008 -0.000000 0.000000
1.148150 0.999770 0.000753 0.000008 -0.000000 0.000000
1.161450 0.999765 0.000762 0.000008 -0.000000 0.000000
1.174900 0.999759 0.000771 0.000008 -0.000000 0.000000
1.188500 0.999754 0.000780 0.000008 -0.000000 0.000000
1.202260 0.999748 0.000789 0.000009 -0.000000 0.000000
1.216190 0.999741 0.000798 0.000009 -0.000000 0.000000
1.230270 0.999736 0.000807 0.000009 -0.000000 0.000000
1.244510 0.999730 0.000816 0.000009 -0.000000 0.000000
1.258930 0.999724 0.000826 0.000009 -0.000000 0.000000
1.273500 0.999717 0.000835 0.000010 -0.000000 0.000000
1.288250 0.999710 0.000845 0.000010 -0.000000 0.000000
1.303170 0.999703 0.000855 0.000010 -0.000000 0.000000
1.318260 0.999696 0.000865 0.000010 -0.000000 0.000000
1.333520 0.999690 0.000875 0.000010 -0.000000 0.000000
1.348960 0.999682 0.000885 0.000011 -0.000000 0.000000
1.364580 0.999674 0.000895 0.000011 -0.000000 0.000000
1.380380 0.999667 0.000905 0.000011 -0.000000 0.000000
1.396370 0.999659 0.000916 0.000011 -0.000000 0.000000
1.412540 0.999652 0.000927 0.000012 -0.000000 0.000000
1.428890 0.999643 0.000937 0.000012 -0.000000 0.000000
1.445440 0.999635 0.000948 0.000012 -0.000000 0.000000
1.462180 0.999626 0.000959 0.000013 -0.000000 0.000000
1.479110 0.999618 0.000970 0.000013 -0.000000 0.000000
1.496240 0.999609 0.000981 0.000013 -0.000000 0.000000
1.513560 0.999600 0.000993 0.000013 -0.000000 0.000000
1.531090 0.999590 0.001004 0.000014 -0.000000 0.000000
1.548820 0.999581 0.001016 0.000014 -0.000000 0.000000
1.566750 0.999571 0.001028 0.000014 -0.000000 0.000000
1.584890 0.999561 0.001040 0.000015 -0.000000 0.000000
1.603250 0.999551 0.001052 0.000015 -0.000000 0.000000
1.621810 0.999541 0.001064 0.000015 -0.000000 0.000000
1.640590 0.999529 0.001076 0.000016 -0.000000 0.000000
1.659590 0.999518 0.001088 0.000016 -0.000000 0.000000
1.678800 0.999507 0.001101 0.000017 -0.000000 0.000000
1.698240 0.999495 0.001114 0.000017 -0.000000 0.000000
1.717910 0.999484 0.001127 0.000017 -0.000000 0.000000
1.737800 0.999471 0.001140 0.000018 -0.000000 0.000000
1.757920 0.999460 0.001153 0.000018 -0.000000 0.000000
1.778280 0.999447 0.001166 0.000019 -0.000000 0.000000
1.798870 0.999435 0.001180 0.000019 -0.000000 0.000000
1.819700 0.999421 0.001193 0.000019 -0.000000 0.000001
1.840770 0.999407 0.001207 0.000020 -0.000000 0.000001
1.862090 0.999393 0.001221 0.000020 -0.000000 0.000001
1.883650 0.999379 0.001235 0.000021 -0.000000 0.000001
1.905460 0.999365 0.001250 0.000021 -0.000000 0.000001
1.927520 0.999350 0.001264 0.000022 -0.000000 0.000001
1.949840 0.999335 0.001279 0.000022 -0.000000 0.000001
1.972420 0.999320 0.001294 0.000023 -0.000000 0.000001
1.995260 0.999303 0.001308 0.000023 -0.000000 0.000001
2.018370 0.999288 0.001324 0.000024 -0.000000 0.000001
2.041740 0.999271 0.001339 0.000024 -0.000000 0.000001
2.065380 0.999254 0.001354 0.000025 -0.000000 0.000001
2.089300 0.999236 0.001370 0.000025 -0.000000 0.000001
2.113490 0.999219 0.001386 0.000026 -0.000000 0.000001
2.137960 0.999201 0.001402 0.000027 -0.000000 0.000001
2.162720 0.999182 0.001418 0.000027 -0.000000 0.000001
2.187760 0.999163 0.001435 0.000028 -0.000000 0.000001
2.213090 0.999144 0.001451 0.000029 -0.000000 0.000001
2.238720 0.999124 0.001468 0.000029 -0.000000 0.000001
2.264640 0.999104 0.001485 0.000030 -0.000000 0.000001
2.290870 0.999082 0.001502 0.000031 -0.000000 0.000001
2.317390 0.999061 0.001520 0.000031 -0.000000 0.000001
2.344230 0.999040 0.001537 0.000032 -0.000000 0.000001
2.371370 0.999017 0.001555 0.000033 -0.000000 0.000001
2.398830 0.998994 0.001573 0.000033 -0.000000 0.000002
2.426610 0.998971 0.001591 0.000034 -0.000000 0.000002
2.454710 0.998947 0.001609 0.000035 -0.000000 0.000002
2.483130 0.998923 0.001628 0.000036 -0.000000 0.000002
2.511890 0.998898 0.001647 0.000037 -0.000000 0.000002
2.540970 0.998873 0.001666 0.000037 -0.000000 0.000002
2.570400 0.998846 0.001685 0.000038 -0.000000 0.000002
2.600160 0.998820 0.001705 0.000039 -0.000000 0.000002
2.630270 0.998792 0.001724 0.000040 -0.000000 0.000002
2.660730 0.998764 0.001744 0.000041 -0.000000 0.000002
2.691530 0.998735 0.001764 0.000042 -0.000000 0.000002
2.722700 0.998706 0.001785 0.000043 -0.000000 0.000003
2.754230 0.998676 0.001805 0.000044 -0.000000 0.000003
2.786120 0.998646 0.001826 0.000045 -0.000000 0.000003
2.818380 0.998614 0.001847 0.000046 -0.000000 0.000003
2.851020 0.998583 0.001869 0.000047 -0.000000 0.000003
2.884030 0.998550 0.001890 0.000048 -0.000000 0.000003
2.917430 0.998517 0.001912 0.000049 -0.000000 0.000003
2.951210 0.998482 0.001934 0.000050 -0.000000 0.000004
2.985380 0.998448 0.001957 0.000051 -0.000000 0.000004
3.019950 0.998411 0.001979 0.000052 -0.000000 0.000004
3.054920 0.998374 0.002002 0.000054 -0.000000 0.000004
3.090300 0.998337 0.002025 0.000055 -0.000000 0.000004
3.126080 0.998299 0.002049 0.000056 -0.000000 0.000004
3.162280 0.998260 0.002072 0.000057 -0.000000 0.000005
3.198900 0.998219 0.002096 0.000059 -0.000000 0.000005
3.235940 0.998179 0.002121 0.000060 -0.000000 0.000005
3.273410 0.998136 0.002145 0.000061 -0.000000 0.000005
3.311310 0.998093 0.002170 0.000063 -0.000000 0.000006
3.349650 0.998049 0.002195 0.000064 -0.000000 0.000006
3.388440 0.998005 0.002220 0.000066 -0.000000 0.000006
3.427680 0.997958 0.002246 0.000067 -0.000000 0.000006
3.467370 0.997911 0.002272 0.000069 -0.000000 0.000007
3.507520 0.997863 0.002298 0.000070 -0.000000 0.000007
3.548130 0.997814 0.002325 0.000072 -0.000000 0.000007
3.589220 0.997764 0.002351 0.000073 -0.000000 0.000008
3.630780 0.997713 0.002379 0.000075 -0.000000 0.000008
3.672820 0.997660 0.002406 0.000077 -0.000000 0.000008
3.715350 0.997606 0.002434 0.000078 -0.000000 0.000009
3.758370 0.997552 0.002462 0.000080 -0.000000 0.000009
3.801890 0.997495 0.002490 0.000082 -0.000000 0.000010
3.845920 0.997438 0.002519 0.000084 -0.000000 0.000010
3.890450 0.997379 0.002548 0.000085 -0.000000 0.000011
3.935500 0.997319 0.002578 0.000087 -0.000000 0.000011
3.981070 0.997258 0.002607 0.000089 -0.000000 0.000012
4.027170 0.997194 0.002637 0.000091 -0.000000 0.000012
4.073800 0.997130 0.002668 0.000093 -0.000000 0.000013
4.120980 0.997064 0.002699 0.000095 -0.000000 0.000013
4.168690 0.996998 0.002730 0.000097 -0.000001 0.000014
4.216970 0.996928 0.002761 0.000100 -0.000001 0.000015
4.265800 0.996859 0.002793 0.000102 -0.000001 0.000015
4.315190 0.996787 0.002825 0.000104 -0.000001 0.000016
4.365160 0.996714 0.002858 0.000106 -0.000001 0.000017
4.415700 0.996638 0.002891 0.000109 -0.000001 0.000018
4.466840 0.996562 0.002924 0.000111 -0.000001 0.000018
4.518560 0.996484 0.002958 0.000113 -0.000001 0.000019
4.570880 0.996403 0.002992 0.000116 -0.000001 0.000020
4.623810 0.996321 0.003026 0.000118 -0.000001 0.000021
4.677350 0.996238 0.003061 0.000121 -0.000001 0.000022
4.731510 0.996152 0.003097 0.000124 -0.000001 0.000023
4.786300 0.996065 0.003132 0.000126 -0.000001 0.000024
4.841720 0.995975 0.003168 0.000129 -0.000001 0.000025
4.897790 0.995883 0.003205 0.000132 -0.000001 0.000027
4.954500 0.995790 0.003242 0.000135 -0.000001 0.000028
5.011870 0.995695 0.003279 0.000138 -0.000001 0.000029
5.069910 0.995597 0.003317 0.000141 -0.000001 0.000030
5.128610 0.995497 0.003355 0.000144 -0.000001 0.000032
5.188000 0.995395 0.003394 0.000147 -0.000001 0.000033
5.248070 0.995291 0.003433 0.000150 -0.000001 0.000035
5.308840 0.995184 0.003472 0.000153 -0.000001 0.000036
5.370320 0.995075 0.003512 0.000156 -0.000001 0.000038
5.432500 0.994964 0.003553 0.000160 -0.000001 0.000040
5.495410 0.994851 0.003594 0.000163 -0.000001 0.000042
5.559040 0.994735 0.003635 0.000166 -0.000001 0.000044
5.623410 0.994616 0.003677 0.000170 -0.000001 0.000046
5.688530 0.994495 0.003719 0.000173 -0.000001 0.000048
5.754400 0.994371 0.003762 0.000177 -0.000001 0.000050
5.821030 0.994245 0.003805 0.000181 -0.000001 0.000052
5.888440 0.994116 0.003849 0.000184 -0.000001 0.000055
5.956620 0.993984 0.003893 0.000188 -0.000001 0.000057
6.025600 0.993849 0.003938 0.000192 -0.000002 0.000060
6.095370 0.993711 0.003983 0.000196 -0.000002 0.000063
6.165950 0.993571 0.004029 0.000200 -0.000002 0.000066
6.237350 0.993427 0.004075 0.000204 -0.000002 0.000069
6.309570 0.993279 0.004122 0.000208 -0.000002 0.000072
6.382630 0.993131 0.004169 0.000213 -0.000002 0.000075
6.456540 0.992977 0.004217 0.000217 -0.000002 0.000078
6.531310 0.992821 0.004265 0.000221 -0.000002 0.000082
6.606930 0.992661 0.004314 0.000226 -0.000002 0.000086
6.683440 0.992498 0.004364 0.000230 -0.000002 0.000090
6.760830 0.992332 0.004414 0.000235 -0.000002 0.000094
6.839120 0.992163 0.004464 0.000239 -0.000002 0.000098
6.918310 0.991988 0.004515 0.000244 -0.000002 0.000103
6.998420 0.991812 0.004567 0.000249 -0.000002 0.000107
7.079460 0.991631 0.004620 0.000254 -0.000003 0.000112
7.161430 0.991446 0.004672 0.000259 -0.000003 0.000117
7.244360 0.991258 0.004726 0.000264 -0.000003 0.000123
7.328250 0.991066 0.004780 0.000269 -0.000003 0.000128
7.413100 0.990869 0.004835 0.000274 -0.000003 0.000134
7.498940 0.990670 0.004890 0.000279 -0.000003 0.000140
7.585780 0.990465 0.004946 0.000284 -0.000003 0.000147
7.673610 0.990257 0.005003 0.000290 -0.000003 0.000153
7.762470 0.990044 0.005060 0.000295 -0.000003 0.000160
7.852360 0.989826 0.005118 0.000301 -0.000003 0.000168
7.943280 0.989606 0.005176 0.000306 -0.000004 0.000175
8.035260 0.989380 0.005235 0.000312 -0.000004 0.000183
8.128310 0.989149 0.005295 0.000318 -0.000004 0.000192
8.222430 0.988914 0.005356 0.000323 -0.000004 0.000200
8.317640 0.988674 0.005417 0.000329 -0.000004 0.000209
8.413950 0.988431 0.005479 0.000335 -0.000004 0.000219
8.511380 0.988181 0.005541 0.000341 -0.000004 0.000229
8.609940 0.987927 0.005604 0.000347 -0.000005 0.000239
8.709640 0.987667 0.005668 0.000353 -0.000005 0.000250
8.810490 0.987403 0.005733 0.000359 -0.000005 0.000261
8.912510 0.987134 0.005798 0.000365 -0.000005 0.000273
9.015710 0.986859 0.005864 0.000371 -0.000005 0.000285
9.120110 0.986580 0.005931 0.000377 -0.000005 0.000298
9.225710 0.986295 0.005998 0.000384 -0.000006 0.000311
9.332540 0.986005 0.006067 0.000390 -0.000006 0.000325
9.440610 0.985708 0.006136 0.000396 -0.000006 0.000339
9.549930 0.985407 0.006205 0.000402 -0.000006 0.000354
9.660510 0.985100 0.006276 0.000409 -0.000007 0.000370
9.772370 0.984787 0.006347 0.000415 -0.000007 0.000387
9.885530 0.984468 0.006419 0.000421 -0.000007 0.000404
10.000000 0.984143 0.006492 0.000428 -0.000007 0.000422
10.115800 0.983813 0.006566 0.000434 -0.000008 0.000440
10.232900 0.983477 0.006640 0.000440 -0.000008 0.000460
10.351400 0.983134 0.006716 0.000447 -0.000008 0.000480
10.471300 0.982785 0.006792 0.000453 -0.000008 0.000501
10.592500 0.982431 0.006869 0.000459 -0.000009 0.000523
10.715200 0.982070 0.006947 0.000465 -0.000009 0.000546
10.839300 0.981703 0.007025 0.000472 -0.000009 0.000570
10.964800 0.981329 0.007105 0.000478 -0.000010 0.000595
11.091700 0.980948 0.007185 0.000484 -0.000010 0.000621
11.220200 0.980562 0.007266 0.000490 -0.000010 0.000648
11.350100 0.980168 0.007348 0.000496 -0.000011 0.000677
11.481500 0.979768 0.007431 0.000501 -0.000011 0.000706
11.614500 0.979361 0.007515 0.000507 -0.000012 0.000737
11.749000 0.978949 0.007600 0.000512 -0.000012 0.000768
11.885000 0.978528 0.007686 0.000518 -0.000012 0.000802
12.022600 0.978102 0.007772 0.000523 -0.000013 0.000836
12.161900 0.977668 0.007860 0.000528 -0.000013 0.000872
12.302700 0.977227 0.007948 0.000533 -0.000014 0.000909
12.445100 0.976779 0.008038 0.000538 -0.000014 0.000948
12.589300 0.976325 0.008128 0.000542 -0.000015 0.000989
12.735000 0.975864 0.008219 0.000547 -0.000016 0.001031
12.882500 0.975396 0.008312 0.000550 -0.000016 0.001075
13.031700 0.974920 0.008405 0.000554 -0.000017 0.001120
13.182600 0.974438 0.008499 0.000558 -0.000017 0.001168
13.335200 0.973948 0.008595 0.000561 -0.000018 0.001217
13.489600 0.973452 0.008691 0.000564 -0.000019 0.001268
13.645800 0.972949 0.008788 0.000566 -0.000019 0.001321
13.803800 0.972438 0.008887 0.000568 -0.000020 0.001376
13.963700 0.971920 0.008986 0.000570 -0.000021 0.001434
14.125400 0.971396 0.009087 0.000571 -0.000022 0.001493
14.288900 0.970865 0.009188 0.000572 -0.000022 0.001555
14.454400 0.970326 0.009291 0.000572 -0.000023 0.001619
14.621800 0.969781 0.009394 0.000572 -0.000024 0.001686
14.791100 0.969229 0.009499 0.000571 -0.000025 0.001755
14.962400 0.968670 0.009605 0.000570 -0.000026 0.001827
15.135600 0.968105 0.009712 0.000568 -0.000027 0.001901
15.310900 0.967532 0.009820 0.000565 -0.000028 0.001978
15.488200 0.966953 0.009929 0.000562 -0.000029 0.002058
15.667500 0.966367 0.010040 0.000558 -0.000030 0.002141
15.848900 0.965775 0.010151 0.000553 -0.000031 0.002227
16.032500 0.965177 0.010264 0.000547 -0.000032 0.002316
16.218100 0.964572 0.010378 0.000541 -0.000034 0.002408
16.405900 0.963962 0.010493 0.000534 -0.000035 0.002503
16.595900 0.963344 0.010609 0.000526 -0.000036 0.002602
16.788000 0.962722 0.010727 0.000516 -0.000037 0.002704
16.982400 0.962094 0.010845 0.000506 -0.000039 0.002810
17.179100 0.961460 0.010965 0.000495 -0.000040 0.002919
17.378000 0.960820 0.011086 0.000483 -0.000042 0.003032
17.579200 0.960175 0.011209 0.000469 -0.000043 0.003149
17.782800 0.959525 0.011332 0.000454 -0.000045 0.003269
17.988700 0.958870 0.011457 0.000438 -0.000047 0.003394
18.197000 0.958210 0.011584 0.000421 -0.000049 0.003522
18.407700 0.957545 0.011711 0.000402 -0.000050 0.003655
18.620900 0.956876 0.011840 0.000382 -0.000052 0.003792
18.836500 0.956204 0.011970 0.000360 -0.000054 0.003933
19.054600 0.955527 0.012102 0.000337 -0.000056 0.004079
19.275200 0.954846 0.012235 0.000312 -0.000058 0.004228
19.498400 0.954162 0.012369 0.000286 -0.000061 0.004383
19.724200 0.953474 0.012504 0.000257 -0.000063 0.004542
19.952600 0.952783 0.012641 0.000227 -0.000065 0.004705
20.183700 0.952091 0.012780 0.000195 -0.000068 0.004874
20.417400 0.951394 0.012920 0.000161 -0.000070 0.005047
20.653800 0.950696 0.013061 0.000125 -0.000073 0.005225
20.893000 0.949997 0.013204 0.000087 -0.000076 0.005407
21.134900 0.949295 0.013348 0.000047 -0.000079 0.005595
21.379600 0.948592 0.013494 0.000004 -0.000082 0.005787
21.627200 0.947888 0.013641 -0.000041 -0.000085 0.005984
21.877600 0.947182 0.013789 -0.000088 -0.000088 0.006187
22.130900 0.946477 0.013940 -0.000138 -0.000091 0.006394
22.387200 0.945771 0.014091 -0.000191 -0.000095 0.006606
22.646400 0.945066 0.014245 -0.000246 -0.000098 0.006823
22.908700 0.944360 0.014400 -0.000304 -0.000102 0.007045
23.173900 0.943656 0.014556 -0.000364 -0.000106 0.007272
23.442300 0.942952 0.014714 -0.000428 -0.000110 0.007504
23.713700 0.942249 0.014874 -0.000495 -0.000114 0.007741
23.988300 0.941548 0.015035 -0.000564 -0.000119 0.007982
24.266100 0.940848 0.015198 -0.000637 -0.000123 0.008228
24.547100 0.940151 0.015363 -0.000713 -0.000128 0.008478
24.831300 0.939456 0.015529 -0.000792 -0.000132 0.008733
25.118900 0.938763 0.015698 -0.000875 -0.000137 0.008992
25.409700 0.938073 0.015867 -0.000961 -0.000143 0.009256
25.704000 0.937386 0.016039 -0.001050 -0.000148 0.009523
26.001600 0.936702 0.016212 -0.001144 -0.000154 0.009794
26.302700 0.936022 0.016388 -0.001241 -0.000159 0.010069
26.607300 0.935344 0.016565 -0.001341 -0.000165 0.010347
26.915300 0.934670 0.016744 -0.001446 -0.000172 0.010629
27.227000 0.934000 0.016924 -0.001554 -0.000178 0.010913
27.542300 0.933334 0.017107 -0.001666 -0.000185 0.011200
27.861200 0.932671 0.017291 -0.001783 -0.000192 0.011489
28.183800 0.932012 0.017478 -0.001903 -0.000199 0.011781
28.510200 0.931357 0.017666 -0.002027 -0.000206 0.012074
28.840300 0.930707 0.017857 -0.002156 -0.000214 0.012369
29.174300 0.930060 0.018049 -0.002289 -0.000222 0.012665
29.512100 0.929416 0.018243 -0.002426 -0.000230 0.012962
29.853800 0.928775 0.018440 -0.002568 -0.000238 0.013259
30.199500 0.928139 0.018638 -0.002713 -0.000247 0.013556
30.549200 0.927504 0.018839 -0.002864 -0.000256 0.013852
30.903000 0.926873 0.019041 -0.003018 -0.000266 0.014148
31.260800 0.926245 0.019246 -0.003177 -0.000275 0.014442
31.622800 0.925619 0.019453 -0.003340 -0.000285 0.014734
31.989000 0.924994 0.019662 -0.003508 -0.000296 0.015024
32.359400 0.924372 0.019873 -0.003680 -0.000306 0.015312
32.734100 0.923750 0.020087 -0.003857 -0.000318 0.015596
33.113100 0.923127 0.020303 -0.004038 -0.000329 0.015876
33.496500 0.922505 0.020521 -0.004223 -0.000341 0.016152
33.884400 0.921883 0.020741 -0.004413 -0.000353 0.016423
34.276800 0.921258 0.020963 -0.004607 -0.000366 0.016689
34.673700 0.920632 0.021189 -0.004805 -0.000379 0.016950
35.075200 0.920002 0.021416 -0.005008 -0.000392 0.017204
35.481300 0.919370 0.021646 -0.005214 -0.000406 0.017452
35.892200 0.918733 0.021878 -0.005425 -0.000420 0.017693
36.307800 0.918090 0.022112 -0.005640 -0.000435 0.017926
36.728200 0.917443 0.022349 -0.005859 -0.000450 0.018152
37.153500 0.916788 0.022589 -0.006082 -0.000466 0.018369
37.583700 0.916125 0.022830 -0.006309 -0.000482 0.018578
38.018900 0.915454 0.023075 -0.006540 -0.000498 0.018778
38.459200 0.914774 0.023322 -0.006774 -0.000515 0.018969
38.904500 0.914083 0.023571 -0.007012 -0.000533 0.019150
39.355000 0.913380 0.023823 -0.007254 -0.000551 0.019323
39.810700 0.912666 0.024078 -0.007499 -0.000570 0.019486
40.271700 0.911939 0.024335 -0.007748 -0.000589 0.019639
40.738000 0.911198 0.024595 -0.008000 -0.000608 0.019783
41.209800 0.910444 0.024857 -0.008255 -0.000629 0.019917
41.686900 0.909672 0.025122 -0.008514 -0.000649 0.020043
42.169700 0.908885 0.025390 -0.008775 -0.000671 0.020159
42.658000 0.908082 0.025660 -0.009040 -0.000693 0.020266
43.151900 0.907262 0.025933 -0.009308 -0.000715 0.020366
43.651600 0.906423 0.026209 -0.009579 -0.000738 0.020457
44.157000 0.905566 0.026487 -0.009853 -0.000762 0.020541
44.668400 0.904691 0.026768 -0.010129 -0.000787 0.020619
45.185600 0.903796 0.027052 -0.010409 -0.000812 0.020690
45.708800 0.902884 0.027338 -0.010692 -0.000837 0.020757
46.238100 0.901951 0.027628 -0.010978 -0.000864 0.020819
46.773500 0.901001 0.027920 -0.011267 -0.000891 0.020877
47.315100 0.900030 0.028214 -0.011559 -0.000918 0.020933
47.863000 0.899041 0.028512 -0.011855 -0.000947 0.020987
48.417200 0.898034 0.028812 -0.012154 -0.000976 0.021041
48.977900 0.897008 0.029115 -0.012456 -0.001005 0.021096
49.545000 0.895965 0.029421 -0.012762 -0.001036 0.021152
50.118700 0.894906 0.029730 -0.013072 -0.001067 0.021211
50.699100 0.893830 0.030041 -0.013386 -0.001099 0.021274
51.286100 0.892739 0.030356 -0.013704 -0.001132 0.021342
51.880000 0.891634 0.030673 -0.014027 -0.001166 0.021417
52.480700 0.890515 0.030993 -0.014354 -0.001201 0.021498
53.088400 0.889385 0.031316 -0.014687 -0.001236 0.021588
53.703200 0.888242 0.031642 -0.015025 -0.001272 0.021688
54.325000 0.887090 0.031971 -0.015368 -0.001309 0.021797
54.954100 0.885928 0.032303 -0.015718 -0.001347 0.021917
55.590400 0.884758 0.032637 -0.016074 -0.001387 0.022049
56.234100 0.883582 0.032975 -0.016437 -0.001427 0.022193
56.885300 0.882398 0.033316 -0.016807 -0.001468 0.022349
57.544000 0.881210 0.033659 -0.017184 -0.001510 0.022517
58.210300 0.880016 0.034006 -0.017569 -0.001553 0.022698
58.884400 0.878820 0.034356 -0.017963 -0.001597 0.022892
59.566200 0.877621 0.034709 -0.018365 -0.001643 0.023098
60.256000 0.876418 0.035065 -0.018775 -0.001689 0.023315
60.953700 0.875213 0.035425 -0.019195 -0.001737 0.023543
61.659500 0.874006 0.035787 -0.019625 -0.001786 0.023782
62.373500 0.872796 0.036153 -0.020064 -0.001837 0.024029
63.095700 0.871583 0.036522 -0.020513 -0.001888 0.024285
63.826300 0.870366 0.036894 -0.020972 -0.001942 0.024547
64.565400 0.869147 0.037270 -0.021441 -0.001996 0.024814
65.313100 0.867922 0.037649 -0.021921 -0.002052 0.025085
66.069300 0.866690 0.038031 -0.022411 -0.002110 0.025359
66.834400 0.865452 0.038416 -0.022912 -0.002169 0.025633
67.608300 0.864205 0.038806 -0.023423 -0.002230 0.025905
68.391200 0.862948 0.039198 -0.023944 -0.002293 0.026176
69.183100 0.861678 0.039594 -0.024475 -0.002357 0.026442
69.984200 0.860396 0.039993 -0.025017 -0.002423 0.026703
70.794600 0.859097 0.040396 -0.025568 -0.002491 0.026958
71.614300 0.857782 0.040802 -0.026129 -0.002561 0.027205
72.443600 0.856448 0.041212 -0.026699 -0.002633 0.027444
73.282500 0.855094 0.041625 -0.027278 -0.002706 0.027674
74.131000 0.853719 0.042042 -0.027866 -0.002782 0.027895
74.989400 0.852320 0.042462 -0.028462 -0.002860 0.028107
75.857800 0.850898 0.042886 -0.029066 -0.002940 0.028311
76.736100 0.849451 0.043314 -0.029677 -0.003022 0.028507
77.624700 0.847979 0.043744 -0.030296 -0.003106 0.028697
78.523600 0.846481 0.044179 -0.030923 -0.003193 0.028882
79.432800 0.844958 0.044616 -0.031556 -0.003282 0.029063
80.352600 0.843410 0.045057 -0.032197 -0.003373 0.029242
81.283100 0.841839 0.045502 -0.032844 -0.003467 0.029422
82.224300 0.840243 0.045950 -0.033499 -0.003563 0.029603
83.176400 0.838627 0.046402 -0.034161 -0.003661 0.029790
84.139500 0.836990 0.046856 -0.034830 -0.003762 0.029982
85.113800 0.835334 0.047315 -0.035507 -0.003866 0.030184
86.099400 0.833662 0.047777 -0.036192 -0.003972 0.030396
87.096400 0.831974 0.048242 -0.036886 -0.004080 0.030619
88.104900 0.830273 0.048710 -0.037590 -0.004192 0.030855
89.125100 0.828560 0.049183 -0.038303 -0.004306 0.031105
90.157100 0.826838 0.049658 -0.039028 -0.004423 0.031368
91.201100 0.825105 0.050137 -0.039764 -0.004543 0.031644
92.257100 0.823364 0.050620 -0.040513 -0.004666 0.031933
93.325400 0.821615 0.051106 -0.041275 -0.004792 0.032232
94.406100 0.819857 0.051596 -0.042052 -0.004921 0.032540
95.499300 0.818090 0.052089 -0.042843 -0.005053 0.032854
96.605100 0.816315 0.052585 -0.043650 -0.005189 0.033171
97.723700 0.814526 0.053086 -0.044473 -0.005328 0.033488
98.855300 0.812725 0.053589 -0.045313 -0.005470 0.033802
100.000000 0.810908 0.054096 -0.046171 -0.005616 0.034110
101.158000 0.809072 0.054607 -0.047046 -0.005766 0.034407
102.329000 0.807215 0.055122 -0.047938 -0.005919 0.034693
103.514000 0.805335 0.055639 -0.048848 -0.006076 0.034963
104.713000 0.803428 0.056160 -0.049775 -0.006238 0.035216
105.925000 0.801493 0.056685 -0.050719 -0.006403 0.035452
107.152000 0.799526 0.057213 -0.051681 -0.006573 0.035671
108.393000 0.797529 0.057744 -0.052658 -0.006747 0.035872
109.648000 0.795497 0.058279 -0.053651 -0.006926 0.036058
110.917000 0.793432 0.058817 -0.054660 -0.007109 0.036232
112.202000 0.791334 0.059358 -0.055684 -0.007297 0.036396
113.501000 0.789205 0.059902 -0.056722 -0.007489 0.036554
114.815000 0.787046 0.060449 -0.057775 -0.007687 0.036711
116.145000 0.784859 0.060999 -0.058842 -0.007890 0.036871
117.490000 0.782645 0.061552 -0.059923 -0.008097 0.037038
118.850000 0.780409 0.062108 -0.061019 -0.008310 0.037216
120.226000 0.778152 0.062667 -0.062130 -0.008529 0.037408
121.619000 0.775877 0.063229 -0.063256 -0.008752 0.037617
123.027000 0.773586 0.063794 -0.064398 -0.008982 0.037842
124.451000 0.771279 0.064362 -0.065557 -0.009217 0.038085
125.893000 0.768957 0.064932 -0.066734 -0.009458 0.038343
127.350000 0.766619 0.065505 -0.067929 -0.009705 0.038614
128.825000 0.764265 0.066081 -0.069144 -0.009958 0.038895
130.317000 0.761893 0.066660 -0.070379 -0.010218 0.039182
131.826000 0.759499 0.067242 -0.071634 -0.010484 0.039468
133.352000 0.757079 0.067826 -0.072911 -0.010757 0.039750
134.896000 0.754632 0.068413 -0.074209 -0.011036 0.040023
136.458000 0.752152 0.069002 -0.075528 -0.011323 0.040283
138.038000 0.749638 0.069594 -0.076869 -0.011616 0.040526
139.637000 0.747087 0.070188 -0.078231 -0.011917 0.040753
141.254000 0.744496 0.070784 -0.079615 -0.012226 0.040963
142.889000 0.741868 0.071382 -0.081019 -0.012542 0.041156
144.544000 0.739198 0.071983 -0.082445 -0.012867 0.041337
146.218000 0.736492 0.072585 -0.083893 -0.013199 0.041508
147.911000 0.733752 0.073190 -0.085362 -0.013540 0.041675
149.624000 0.730980 0.073796 -0.086854 -0.013889 0.041840
151.356000 0.728178 0.074403 -0.088369 -0.014248 0.042009
153.109000 0.725350 0.075012 -0.089909 -0.014615 0.042183
154.882000 0.722499 0.075623 -0.091476 -0.014991 0.042365
156.675000 0.719625 0.076235 -0.093071 -0.015378 0.042553
158.489000 0.716728 0.076848 -0.094695 -0.015774 0.042747
160.325000 0.713809 0.077462 -0.096349 -0.016180 0.042943
162.181000 0.710864 0.078078 -0.098035 -0.016597 0.043136
164.059000 0.707888 0.078695 -0.099752 -0.017025 0.043323
165.959000 0.704879 0.079313 -0.101502 -0.017465 0.043499
167.880000 0.701833 0.079931 -0.103282 -0.017915 0.043661
169.824000 0.698746 0.080551 -0.105092 -0.018379 0.043808
171.791000 0.695616 0.081171 -0.106931 -0.018854 0.043942
173.780000 0.692442 0.081791 -0.108795 -0.019342 0.044065
175.792000 0.689224 0.082412 -0.110685 -0.019842 0.044183
177.828000 0.685963 0.083033 -0.112597 -0.020356 0.044302
179.887000 0.682664 0.083654 -0.114532 -0.020884 0.044430
181.970000 0.679331 0.084274 -0.116488 -0.021425 0.044573
184.077000 0.675967 0.084894 -0.118465 -0.021980 0.044736
186.209000 0.672576 0.085514 -0.120465 -0.022549 0.044922
188.365000 0.669161 0.086133 -0.122490 -0.023133 0.045129
190.546000 0.665721 0.086751 -0.124541 -0.023731 0.045354
192.752000 0.662252 0.087369 -0.126622 -0.024345 0.045588
194.984000 0.658755 0.087985 -0.128734 -0.024974 0.045824
197.242000 0.655224 0.088601 -0.130879 -0.025619 0.046052
199.526000 0.651652 0.089215 -0.133058 -0.026281 0.046265
201.837000 0.648038 0.089828 -0.135272 -0.026959 0.046457
204.174000 0.644375 0.090439 -0.137521 -0.027655 0.046627
206.538000 0.640667 0.091049 -0.139806 -0.028369 0.046778
208.930000 0.636913 0.091657 -0.142122 -0.029101 0.046915
211.349000 0.633116 0.092262 -0.144469 -0.029852 0.047047
213.796000 0.629282 0.092865 -0.146848 -0.030622 0.047183
216.272000 0.625415 0.093465 -0.149256 -0.031412 0.047331
218.776000 0.621520 0.094062 -0.151693 -0.032221 0.047495
221.309000 0.617599 0.094657 -0.154159 -0.033051 0.047677
223.872000 0.613649 0.095248 -0.156654 -0.033901 0.047872
226.464000 0.609668 0.095835 -0.159177 -0.034773 0.048076
229.087000 0.605652 0.096419 -0.161727 -0.035665 0.048280
231.739000 0.601596 0.096999 -0.164304 -0.036579 0.048478
234.423000 0.597493 0.097574 -0.166904 -0.037515 0.048666
237.137000 0.593345 0.098145 -0.169528 -0.038474 0.048844
239.883000 0.589149 0.098712 -0.172172 -0.039455 0.049014
242.661000 0.584913 0.099273 -0.174837 -0.040458 0.049183
245.471000 0.580637 0.099828 -0.177524 -0.041485 0.049354
248.313000 0.576328 0.100378 -0.180232 -0.042535 0.049532
251.189000 0.571990 0.100922 -0.182965 -0.043607 0.049714
254.097000 0.567624 0.101460 -0.185724 -0.044703 0.049895
257.040000 0.563224 0.101990 -0.188512 -0.045823 0.050064
260.016000 0.558787 0.102513 -0.191327 -0.046965 0.050212
263.027000 0.554305 0.103029 -0.194167 -0.048132 0.050329
266.073000 0.549774 0.103536 -0.197029 -0.049321 0.050416
269.153000 0.545192 0.104035 -0.199908 -0.050535 0.050476
272.270000 0.540561 0.104525 -0.202796 -0.051773 0.050521
275.423000 0.535886 0.105005 -0.205690 -0.053035 0.050565
278.612000 0.531175 0.105475 -0.208585 -0.054322 0.050623
281.838000 0.526435 0.105936 -0.211481 -0.055634 0.050701
285.102000 0.521665 0.106386 -0.214380 -0.056970 0.050801
288.403000 0.516869 0.106825 -0.217281 -0.058332 0.050915
291.743000 0.512038 0.107253 -0.220182 -0.059719 0.051033
295.121000 0.507168 0.107670 -0.223082 -0.061132 0.051149
298.538000 0.502253 0.108076 -0.225979 -0.062570 0.051260
301.995000 0.497293 0.108469 -0.228863 -0.064035 0.051372
305.492000 0.492294 0.108849 -0.231732 -0.065525 0.051498
309.030000 0.487263 0.109217 -0.234585 -0.067042 0.051647
312.608000 0.482205 0.109571 -0.237421 -0.068585 0.051826
316.228000 0.477127 0.109913 -0.240246 -0.070156 0.052029
319.890000 0.472027 0.110241 -0.243067 -0.071753 0.052241
323.594000 0.466899 0.110555 -0.245884 -0.073378 0.052445
327.341000 0.461737 0.110856 -0.248700 -0.075030 0.052627
331.131000 0.456536 0.111141 -0.251507 -0.076710 0.052789
334.965000 0.451297 0.111412 -0.254298 -0.078416 0.052942
338.844000 0.446028 0.111668 -0.257065 -0.080151 0.053108
342.768000 0.440739 0.111909 -0.259803 -0.081914 0.053304
346.737000 0.435437 0.112134 -0.262516 -0.083706 0.053535
350.752000 0.430125 0.112344 -0.265209 -0.085527 0.053790
354.813000 0.424796 0.112538 -0.267887 -0.087377 0.054050
358.922000 0.419446 0.112718 -0.270554 -0.089258 0.054297
363.078000 0.414069 0.112881 -0.273202 -0.091168 0.054528
367.282000 0.408667 0.113028 -0.275820 -0.093108 0.054761
371.535000 0.403252 0.113159 -0.278396 -0.095075 0.055019
375.837000 0.397831 0.113273 -0.280920 -0.097070 0.055323
380.189000 0.392413 0.113371 -0.283392 -0.099092 0.055675
384.592000 0.386995 0.113451 -0.285816 -0.101139 0.056057
389.045000 0.381570 0.113514 -0.288197 -0.103213 0.056444
393.550000 0.376133 0.113561 -0.290535 -0.105312 0.056823
398.107000 0.370684 0.113590 -0.292818 -0.107435 0.057204
402.717000 0.365233 0.113601 -0.295032 -0.109581 0.057613
407.380000 0.359790 0.113594 -0.297163 -0.111748 0.058075
412.098000 0.354364 0.113570 -0.299212 -0.113935 0.058592
416.869000 0.348951 0.113527 -0.301182 -0.116140 0.059140
421.697000 0.343543 0.113466 -0.303081 -0.118361 0.059684
426.580000 0.338134 0.113387 -0.304912 -0.120598 0.060205
431.519000 0.332725 0.113290 -0.306667 -0.122850 0.060712
436.516000 0.327331 0.113174 -0.308330 -0.125114 0.061235
441.570000 0.321960 0.113040 -0.309890 -0.127388 0.061798
446.684000 0.316618 0.112887 -0.311344 -0.129670 0.062394
451.856000 0.311296 0.112714 -0.312696 -0.131957 0.062996
457.088000 0.305983 0.112522 -0.313942 -0.134248 0.063582
462.381000 0.300681 0.112310 -0.315080 -0.136537 0.064153
467.735000 0.295403 0.112079 -0.316091 -0.138825 0.064737
473.151000 0.290159 0.111827 -0.316965 -0.141108 0.065357
478.630000 0.284954 0.111555 -0.317703 -0.143384 0.066002
484.172000 0.279779 0.111264 -0.318312 -0.145648 0.066642
489.779000 0.274624 0.110952 -0.318786 -0.147898 0.067257
495.450000 0.269494 0.110619 -0.319113 -0.150130 0.067858
501.187000 0.264397 0.110264 -0.319276 -0.152337 0.068478
506.991000 0.259348 0.109886 -0.319270 -0.154517 0.069121
512.861000 0.254339 0.109487 -0.319104 -0.156663 0.069752
518.800000 0.249357 0.109064 -0.318789 -0.158773 0.070330
524.807000 0.244402 0.108619 -0.318305 -0.160843 0.070878
530.884000 0.239495 0.108149 -0.317595 -0.162868 0.071495
537.032000 0.234659 0.107656 -0.316593 -0.164840 0.072297
543.250000 0.229904 0.107140 -0.315261 -0.166752 0.073322
549.541000 0.225216 0.106600 -0.313612 -0.168595 0.074513
555.904000 0.220587 0.106037 -0.311680 -0.170362 0.075777
562.341000 0.216015 0.105450 -0.309496 -0.172045 0.077060
568.853000 0.211513 0.104840 -0.307069 -0.173642 0.078356
575.440000 0.207079 0.104206 -0.304404 -0.175145 0.079653
582.103000 0.202705 0.103550 -0.301514 -0.176552 0.080900
588.844000 0.198377 0.102871 -0.298425 -0.177858 0.082048
595.662000 0.194104 0.102169 -0.295153 -0.179059 0.083085
602.560000 0.189896 0.101445 -0.291702 -0.180153 0.084026
609.537000 0.185748 0.100698 -0.288083 -0.181140 0.084858
616.595000 0.181648 0.099931 -0.284312 -0.182017 0.085542
623.735000 0.177595 0.099143 -0.280408 -0.182784 0.086062
630.957000 0.173600 0.098333 -0.276379 -0.183439 0.086432
638.263000 0.169669 0.097504 -0.272229 -0.183982 0.086663
645.654000 0.165787 0.096656 -0.267968 -0.184414 0.086732
653.131000 0.161950 0.095789 -0.263615 -0.184734 0.086620
660.693000 0.158168 0.094904 -0.259177 -0.184942 0.086343
668.344000 0.154447 0.094002 -0.254659 -0.185038 0.085923
676.083000 0.150781 0.093083 -0.250068 -0.185023 0.085345
683.912000 0.147159 0.092149 -0.245416 -0.184898 0.084591
691.831000 0.143588 0.091198 -0.240711 -0.184662 0.083679
699.842000 0.140080 0.090231 -0.235952 -0.184315 0.082632
707.946000 0.136622 0.089249 -0.231146 -0.183855 0.081439
716.143000 0.133206 0.088251 -0.226303 -0.183283 0.080087
724.436000 0.129844 0.087239 -0.221429 -0.182600 0.078597
732.825000 0.126540 0.086211 -0.216523 -0.181805 0.076992
741.310000 0.123283 0.085169 -0.211590 -0.180898 0.075259
749.894000 0.120066 0.084111 -0.206640 -0.179877 0.073390
758.578000 0.116903 0.083038 -0.201675 -0.178742 0.071416
767.361000 0.113792 0.081950 -0.196691 -0.177494 0.069349
776.247000 0.110719 0.080846 -0.191698 -0.176131 0.067170
785.236000 0.107687 0.079725 -0.186701 -0.174653 0.064892
794.328000 0.104707 0.078588 -0.181698 -0.173060 0.062544
803.526000 0.101770 0.077435 -0.176694 -0.171353 0.060121
812.831000 0.098867 0.076266 -0.171698 -0.169533 0.057616
822.243000 0.096010 0.075080 -0.166711 -0.167599 0.055060
831.764000 0.093198 0.073877 -0.161731 -0.165552 0.052462
841.395000 0.090417 0.072656 -0.156766 -0.163391 0.049809
851.138000 0.087676 0.071417 -0.151819 -0.161120 0.047123
860.994000 0.084978 0.070160 -0.146891 -0.158737 0.044427
870.964000 0.082311 0.068885 -0.141987 -0.156243 0.041705
881.049000 0.079679 0.067592 -0.137113 -0.153642 0.038971
891.251000 0.077090 0.066281 -0.132267 -0.150936 0.036252
901.571000 0.074532 0.064954 -0.127459 -0.148130 0.033534
912.011000 0.072007 0.063611 -0.122695 -0.145230 0.030826
922.571000 0.069527 0.062252 -0.117975 -0.142238 0.028156
933.254000 0.067077 0.060880 -0.113305 -0.139161 0.025509
944.061000 0.064663 0.059495 -0.108693 -0.136003 0.022896
954.993000 0.062294 0.058098 -0.104140 -0.132771 0.020341
966.051000 0.059957 0.056691 -0.099653 -0.129471 0.017828
977.237000 0.057661 0.055277 -0.095240 -0.126111 0.015370
988.553000 0.055413 0.053858 -0.090904 -0.122698 0.012985
1000.000000 0.053201 0.052435 -0.086652 -0.119241 0.010655
1011.580000 0.051036 0.051012 -0.082489 -0.115748 0.008401
1023.290000 0.048917 0.049587 -0.078415 -0.112221 0.006231
1035.140000 0.046838 0.048165 -0.074438 -0.108670 0.004133
1047.130000 0.044812 0.046746 -0.070563 -0.105104 0.002136
1059.250000 0.042832 0.045332 -0.066791 -0.101528 0.000229
1071.520000 0.040900 0.043927 -0.063130 -0.097952 -0.001584
1083.930000 0.039025 0.042533 -0.059579 -0.094384 -0.003286
1096.480000 0.037197 0.041151 -0.056145 -0.090832 -0.004894
1109.170000 0.035428 0.039783 -0.052829 -0.087306 -0.006388
1122.020000 0.033710 0.038432 -0.049632 -0.083810 -0.007780
1135.010000 0.032045 0.037097 -0.046557 -0.080352 -0.009070
1148.150000 0.030440 0.035782 -0.043606 -0.076940 -0.010247
1161.450000 0.028882 0.034486 -0.040778 -0.073579 -0.011331
1174.900000 0.027385 0.033211 -0.038075 -0.070275 -0.012304
1188.500000 0.025936 0.031959 -0.035496 -0.067035 -0.013186
1202.260000 0.024544 0.030730 -0.033041 -0.063864 -0.013970
1216.190000 0.023203 0.029525 -0.030708 -0.060767 -0.014664
1230.270000 0.021911 0.028345 -0.028496 -0.057750 -0.015277
1244.510000 0.020672 0.027191 -0.026399 -0.054816 -0.015803
1258.930000 0.019475 0.026063 -0.024419 -0.051967 -0.016261
1273.500000 0.018330 0.024962 -0.022550 -0.049207 -0.016642
1288.250000 0.017224 0.023889 -0.020792 -0.046537 -0.016964
1303.170000 0.016167 0.022845 -0.019141 -0.043960 -0.017216
1318.260000 0.015148 0.021829 -0.017594 -0.041475 -0.017419
1333.520000 0.014174 0.020842 -0.016147 -0.039084 -0.017559
1348.960000 0.013234 0.019883 -0.014800 -0.036786 -0.017656
1364.580000 0.012337 0.018954 -0.013546 -0.034579 -0.017700
1380.380000 0.011471 0.018053 -0.012384 -0.032463 -0.017707
1396.370000 0.010643 0.017179 -0.011309 -0.030435 -0.017668
1412.540000 0.009845 0.016334 -0.010318 -0.028492 -0.017596
1428.890000 0.009082 0.015514 -0.009407 -0.026632 -0.017481
1445.440000 0.008346 0.014721 -0.008572 -0.024850 -0.017336
1462.180000 0.007644 0.013954 -0.007810 -0.023143 -0.017148
1479.110000 0.006966 0.013210 -0.007119 -0.021508 -0.016931
1496.240000 0.006320 0.012491 -0.006492 -0.019943 -0.016673
1513.560000 0.005698 0.011795 -0.005925 -0.018445 -0.016386
1531.090000 0.005104 0.011121 -0.005411 -0.017011 -0.016060
1548.820000 0.004534 0.010468 -0.004947 -0.015640 -0.015699
1566.750000 0.003987 0.009835 -0.004527 -0.014329 -0.015301
1584.890000 0.003467 0.009221 -0.004146 -0.013077 -0.014858
1603.250000 0.002966 0.008624 -0.003800 -0.011880 -0.014379
1621.810000 0.002491 0.008044 -0.003484 -0.010739 -0.013851
1640.590000 0.002037 0.007480 -0.003195 -0.009648 -0.013281
1659.590000 0.001605 0.006933 -0.002931 -0.008608 -0.012663
1678.800000 0.001198 0.006400 -0.002689 -0.007615 -0.011998
1698.240000 0.000810 0.005884 -0.002468 -0.006669 -0.011294
1717.910000 0.000447 0.005384 -0.002264 -0.005767 -0.010545
1737.800000 0.000107 0.004901 -0.002075 -0.004910 -0.009761
1757.920000 -0.000212 0.004436 -0.001902 -0.004097 -0.008950
1778.280000 -0.000508 0.003990 -0.001740 -0.003328 -0.008116
1798.870000 -0.000784 0.003564 -0.001589 -0.002604 -0.007279
1819.700000 -0.001040 0.003160 -0.001446 -0.001924 -0.006445
1840.770000 -0.001275 0.002779 -0.001310 -0.001287 -0.005622
1862.090000 -0.001493 0.002422 -0.001183 -0.000694 -0.004824
1883.650000 -0.001693 0.002091 -0.001063 -0.000145 -0.004058
1905.460000 -0.001871 0.001787 -0.000953 0.000361 -0.003329
1927.520000 -0.002032 0.001512 -0.000854 0.000823 -0.002646
1949.840000 -0.002175 0.001266 -0.000768 0.001242 -0.002017
1972.420000 -0.002300 0.001049 -0.000696 0.001617 -0.001444
1995.260000 -0.002409 0.000860 -0.000640 0.001951 -0.000936
2018.370000 -0.002505 0.000697 -0.000601 0.002246 -0.000494
2041.740000 -0.002588 0.000561 -0.000579 0.002502 -0.000115
2065.380000 -0.002658 0.000447 -0.000574 0.002722 0.000206
2089.300000 -0.002717 0.000354 -0.000585 0.002908 0.000475
2113.490000 -0.002768 0.000279 -0.000612 0.003062 0.000697
2137.960000 -0.002810 0.000220 -0.000653 0.003185 0.000877
2162.720000 -0.002845 0.000174 -0.000707 0.003276 0.001022
2187.760000 -0.002875 0.000139 -0.000773 0.003335 0.001139
2213.090000 -0.002900 0.000113 -0.000845 0.003361 0.001234
2238.720000 -0.002921 0.000093 -0.000917 0.003353 0.001317
2264.640000 -0.002938 0.000078 -0.000985 0.003312 0.001391
2290.870000 -0.002951 0.000066 -0.001040 0.003241 0.001464
2317.390000 -0.002959 0.000056 -0.001079 0.003143 0.001546
2344.230000 -0.002960 0.000046 -0.001096 0.003021 0.001645
2371.370000 -0.002954 0.000037 -0.001084 0.002878 0.001769
2398.830000 -0.002938 0.000027 -0.001041 0.002718 0.001919
2426.610000 -0.002915 0.000016 -0.000966 0.002542 0.002092
2454.710000 -0.002882 0.000005 -0.000862 0.002353 0.002284
2483.130000 -0.002843 -0.000006 -0.000734 0.002152 0.002484
2511.890000 -0.002798 -0.000017 -0.000587 0.001942 0.002685
2540.970000 -0.002747 -0.000029 -0.000428 0.001724 0.002879
2570.400000 -0.002693 -0.000039 -0.000261 0.001501 0.003057
2600.160000 -0.002636 -0.000049 -0.000089 0.001275 0.003215
2630.270000 -0.002576 -0.000057 0.000087 0.001051 0.003353
2660.730000 -0.002513 -0.000063 0.000272 0.000837 0.003473
2691.530000 -0.002446 -0.000067 0.000469 0.000639 0.003579
2722.700000 -0.002379 -0.000068 0.000676 0.000465 0.003662
2754.230000 -0.002314 -0.000066 0.000884 0.000317 0.003709
2786.120000 -0.002254 -0.000061 0.001084 0.000202 0.003717
2818.380000 -0.002200 -0.000053 0.001265 0.000122 0.003692
2851.020000 -0.002152 -0.000042 0.001415 0.000080 0.003638
2884.030000 -0.002114 -0.000027 0.001522 0.000074 0.003548
2917.430000 -0.002088 -0.000009 0.001578 0.000097 0.003418
2951.210000 -0.002074 0.000011 0.001581 0.000141 0.003254
2985.380000 -0.002073 0.000030 0.001535 0.000194 0.003056
3019.950000 -0.002081 0.000048 0.001454 0.000246 0.002834
3054.920000 -0.002098 0.000063 0.001353 0.000286 0.002593
3090.300000 -0.002119 0.000074 0.001233 0.000308 0.002333
3126.080000 -0.002144 0.000079 0.001091 0.000308 0.002047
3162.280000 -0.002171 0.000078 0.000924 0.000281 0.001722
3198.900000 -0.002200 0.000069 0.000737 0.000225 0.001359
3235.940000 -0.002228 0.000050 0.000535 0.000141 0.000964
3273.410000 -0.002251 0.000020 0.000329 0.000032 0.000554
3311.310000 -0.002267 -0.000020 0.000123 -0.000095 0.000141
3349.650000 -0.002274 -0.000068 -0.000074 -0.000238 -0.000264
3388.440000 -0.002270 -0.000123 -0.000252 -0.000389 -0.000646
3427.680000 -0.002254 -0.000180 -0.000398 -0.000544 -0.000993
3467.370000 -0.002226 -0.000236 -0.000504 -0.000698 -0.001295
3507.520000 -0.002184 -0.000287 -0.000561 -0.000846 -0.001544
3548.130000 -0.002127 -0.000332 -0.000562 -0.000983 -0.001737
3589.220000 -0.002055 -0.000370 -0.000495 -0.001106 -0.001869
3630.780000 -0.001968 -0.000403 -0.000353 -0.001210 -0.001939
3672.820000 -0.001870 -0.000431 -0.000136 -0.001285 -0.001954
3715.350000 -0.001762 -0.000455 0.000141 -0.001322 -0.001922
3758.370000 -0.001648 -0.000476 0.000452 -0.001310 -0.001848
3801.890000 -0.001527 -0.000492 0.000771 -0.001241 -0.001734
3845.920000 -0.001402 -0.000501 0.001068 -0.001114 -0.001593
3890.450000 -0.001284 -0.000500 0.001315 -0.000932 -0.001460
3935.500000 -0.001183 -0.000487 0.001482 -0.000706 -0.001378
3981.070000 -0.001108 -0.000461 0.001549 -0.000451 -0.001384
4027.170000 -0.001068 -0.000423 0.001503 -0.000180 -0.001498
4073.800000 -0.001065 -0.000377 0.001338 0.000097 -0.001719
4120.980000 -0.001103 -0.000324 0.001053 0.000370 -0.002045
4168.690000 -0.001182 -0.000272 0.000650 0.000628 -0.002465
4216.970000 -0.001302 -0.000226 0.000135 0.000853 -0.002953
4265.800000 -0.001454 -0.000191 -0.000478 0.001032 -0.003470
4315.190000 -0.001628 -0.000169 -0.001157 0.001158 -0.003972
4365.160000 -0.001816 -0.000156 -0.001850 0.001236 -0.004410
4415.700000 -0.002002 -0.000146 -0.002501 0.001279 -0.004722
4466.840000 -0.002173 -0.000136 -0.003050 0.001298 -0.004841
4518.560000 -0.002311 -0.000122 -0.003444 0.001304 -0.004704
4570.880000 -0.002398 -0.000105 -0.003638 0.001300 -0.004258
4623.810000 -0.002420 -0.000085 -0.003595 0.001292 -0.003474
4677.350000 -0.002369 -0.000061 -0.003305 0.001290 -0.002379
4731.510000 -0.002252 -0.000035 -0.002796 0.001300 -0.001058
4786.300000 -0.002075 -0.000007 -0.002121 0.001322 0.000391
4841.720000 -0.001850 0.000021 -0.001340 0.001351 0.001866
4897.790000 -0.001589 0.000048 -0.000522 0.001382 0.003270
4954.500000 -0.001314 0.000070 0.000265 0.001400 0.004502
5011.870000 -0.001049 0.000087 0.000972 0.001399 0.005490
5069.910000 -0.000813 0.000098 0.001552 0.001377 0.006198
5128.610000 -0.000626 0.000103 0.001965 0.001330 0.006599
5188.000000 -0.000497 0.000103 0.002199 0.001247 0.006703
5248.070000 -0.000419 0.000097 0.002279 0.001120 0.006581
5308.840000 -0.000378 0.000084 0.002242 0.000943 0.006300
5370.320000 -0.000364 0.000064 0.002119 0.000715 0.005899
5432.500000 -0.000373 0.000038 0.001938 0.000445 0.005390
5495.410000 -0.000405 0.000006 0.001714 0.000157 0.004785
5559.040000 -0.000451 -0.000033 0.001451 -0.000129 0.004114
5623.410000 -0.000500 -0.000077 0.001162 -0.000392 0.003421
5688.530000 -0.000550 -0.000123 0.000865 -0.000615 0.002719
5754.400000 -0.000602 -0.000170 0.000565 -0.000792 0.001990
5821.030000 -0.000659 -0.000215 0.000260 -0.000930 0.001215
5888.440000 -0.000714 -0.000257 -0.000029 -0.001033 0.000427
5956.620000 -0.000761 -0.000295 -0.000273 -0.001094 -0.000318
6025.600000 -0.000789 -0.000325 -0.000451 -0.001112 -0.000939
6095.370000 -0.000790 -0.000341 -0.000563 -0.001103 -0.001367
6165.950000 -0.000760 -0.000341 -0.000606 -0.001099 -0.001582
6237.350000 -0.000708 -0.000327 -0.000560 -0.001124 -0.001636
6309.570000 -0.000636 -0.000309 -0.000418 -0.001173 -0.001604
6382.630000 -0.000544 -0.000291 -0.000190 -0.001216 -0.001539
6456.540000 -0.000431 -0.000276 0.000076 -0.001214 -0.001481
6531.310000 -0.000309 -0.000262 0.000303 -0.001145 -0.001478
6606.930000 -0.000195 -0.000244 0.000428 -0.001008 -0.001563
6683.440000 -0.000115 -0.000217 0.000422 -0.000821 -0.001778
6760.830000 -0.000089 -0.000180 0.000292 -0.000610 -0.002133
6839.120000 -0.000112 -0.000135 0.000058 -0.000394 -0.002565
6918.310000 -0.000176 -0.000088 -0.000279 -0.000184 -0.003041
6998.420000 -0.000262 -0.000044 -0.000683 0.000008 -0.003497
7079.460000 -0.000349 -0.000006 -0.001053 0.000171 -0.003824
7161.430000 -0.000412 0.000027 -0.001285 0.000311 -0.003883
7244.360000 -0.000427 0.000053 -0.001320 0.000439 -0.003569
7328.250000 -0.000385 0.000075 -0.001157 0.000558 -0.002855
7413.100000 -0.000293 0.000088 -0.000840 0.000650 -0.001823
7498.940000 -0.000178 0.000089 -0.000427 0.000684 -0.000654
7585.780000 -0.000064 0.000071 0.000018 0.000636 0.000432
7673.610000 0.000039 0.000037 0.000427 0.000496 0.001246
7762.470000 0.000139 -0.000007 0.000757 0.000287 0.001737
7852.360000 0.000252 -0.000050 0.000976 0.000054 0.001949
7943.280000 0.000361 -0.000080 0.001090 -0.000140 0.001908
8035.260000 0.000443 -0.000096 0.001126 -0.000255 0.001665
8128.310000 0.000479 -0.000109 0.001073 -0.000276 0.001258
8222.430000 0.000465 -0.000134 0.000898 -0.000215 0.000731
8317.640000 0.000408 -0.000172 0.000567 -0.000119 0.000126
8413.950000 0.000329 -0.000210 0.000121 -0.000047 -0.000486
8511.380000 0.000234 -0.000226 -0.000312 -0.000034 -0.001099
8609.940000 0.000142 -0.000223 -0.000618 -0.000075 -0.001655
8709.640000 0.000087 -0.000209 -0.000732 -0.000134 -0.002022
8810.490000 0.000084 -0.000189 -0.000640 -0.000146 -0.002173
8912.510000 0.000128 -0.000153 -0.000468 -0.000027 -0.002186
9015.710000 0.000190 -0.000092 -0.000374 0.000314 -0.002124
9120.110000 0.000210 -0.000006 -0.000504 0.000871 -0.002039
9225.710000 0.000126 0.000091 -0.000967 0.001471 -0.001917
9332.540000 -0.000052 0.000173 -0.001597 0.001877 -0.001552
9440.610000 -0.000239 0.000218 -0.002009 0.001979 -0.000705
9549.930000 -0.000307 0.000225 -0.001861 0.001820 0.000787
9660.510000 -0.000165 0.000199 -0.001048 0.001541 0.002861
9772.370000 0.000199 0.000164 0.000258 0.001294 0.005157
9885.530000 0.000650 0.000153 0.001639 0.001242 0.007055
