# s W_0 W_1 W_2 W_3 W_4
0.100000 1.000000 0.000075 -0.000000 -0.000000 0.000000
0.101158 1.000000 0.000076 -0.000000 -0.000000 0.000000
0.102329 1.000000 0.000077 -0.000000 -0.000000 0.000000
0.103514 1.000000 0.000078 -0.000000 -0.000000 0.000000
0.104713 0.999999 0.000078 -0.000000 -0.000000 0.000000
0.105925 0.999999 0.000079 -0.000000 -0.000000 0.000000
0.107152 0.999999 0.000080 -0.000000 -0.000000 0.000000
0.108393 0.999999 0.000081 -0.000000 -0.000000 0.000000
0.109648 0.999999 0.000082 -0.000000 -0.000000 0.000000
0.110917 0.999999 0.000083 -0.000000 -0.000000 0.000000
0.112202 0.999999 0.000084 -0.000000 -0.000000 0.000000
0.113501 0.999999 0.000085 -0.000000 -0.000000 0.000000
0.114815 0.999999 0.000086 -0.000000 -0.000000 0.000000
0.116145 0.999999 0.000087 -0.000000 -0.000000 0.000000
0.117490 0.999999 0.000088 -0.000000 -0.000000 0.000000
0.118850 0.999999 0.000089 -0.000000 -0.000000 0.000000
0.120226 0.999999 0.000090 -0.000000 -0.000000 0.000000
0.121619 0.999999 0.000091 -0.000000 -0.000000 0.000000
0.123027 0.999999 0.000092 -0.000000 -0.000000 0.000000
0.124451 0.999999 0.000093 -0.000000 -0.000000 0.000000
0.125893 0.999999 0.000094 -0.000000 -0.000000 0.000000
0.127350 0.999999 0.000095 -0.000000 -0.000000 0.000000
0.128825 0.999999 0.000097 -0.000000 -0.000000 0.000000
0.130317 0.999999 0.000098 -0.000000 -0.000000 0.000000
0.131826 0.999999 0.000099 -0.000000 -0.000000 0.000000
0.133352 0.999999 0.000100 -0.000000 -0.000000 0.000000
0.134896 0.999999 0.000101 -0.000000 -0.000000 0.000000
0.136458 0.999999 0.000102 -0.000000 -0.000000 0.000000
0.138038 0.999998 0.000103 -0.000000 -0.000000 0.000000
0.139637 0.999998 0.000105 -0.000000 -0.000000 0.000000
0.141254 0.999998 0.000106 -0.000000 -0.000000 0.000000
0.142889 0.999998 0.000107 -0.000000 -0.000000 0.000000
0.144544 0.999998 0.000108 -0.000000 -0.000000 0.000000
0.146218 0.999998 0.000110 -0.000000 -0.000000 0.000000
0.147911 0.999998 0.000111 -0.000000 -0.000000 0.000000
0.149624 0.999998 0.000112 -0.000000 -0.000000 0.000000
0.151356 0.999998 0.000113 -0.000000 -0.000000 0.000000
0.153109 0.999998 0.000115 -0.000000 -0.000000 0.000000
0.154882 0.999998 0.000116 -0.000000 -0.000000 0.000000
0.156675 0.999998 0.000117 -0.000000 -0.000000 0.000000
0.158489 0.999998 0.000119 -0.000000 -0.000000 0.000000
0.160325 0.999998 0.000120 -0.000000 -0.000000 0.000000
0.162181 0.999998 0.000122 -0.000000 -0.000000 0.000000
0.164059 0.999996 0.000123 -0.000000 -0.000000 0.000000
0.165959 0.999996 0.000124 -0.000000 -0.000000 0.000000
0.167880 0.999996 0.000126 -0.000000 -0.000000 0.000000
0.169824 0.999996 0.000127 -0.000000 -0.000000 0.000000
0.171791 0.999996 0.000129 -0.000000 -0.000000 0.000000
0.173780 0.999996 0.000130 -0.000000 -0.000000 0.000000
0.175792 0.999996 0.000132 -0.000000 -0.000000 0.000000
0.177828 0.999996 0.000133 -0.000000 -0.000000 0.000000
0.179887 0.999996 0.000135 -0.000000 -0.000000 0.000000
0.181970 0.999996 0.000136 -0.000000 -0.000000 0.000000
0.184077 0.999996 0.000138 -0.000000 -0.000000 0.000000
0.186209 0.999996 0.000140 -0.000000 -0.000000 0.000000
0.188365 0.999995 0.000141 -0.000000 -0.000000 0.000000
0.190546 0.999995 0.000143 -0.000000 -0.000000 0.000000
0.192752 0.999995 0.000144 -0.000000 -0.000000 0.000000
0.194984 0.999995 0.000146 -0.000000 -0.000000 0.000000
0.197242 0.999995 0.000148 -0.000000 -0.000000 0.000000
0.199526 0.999995 0.000150 -0.000000 -0.000000 0.000000
0.201837 0.999995 0.000151 -0.000000 -0.000000 0.000000
0.204174 0.999995 0.000153 -0.000000 -0.000000 0.000000
0.206538 0.999995 0.000155 -0.000000 -0.000000 0.000000
0.208930 0.999994 0.000157 -0.000000 -0.000000 0.000000
0.211349 0.999994 0.000158 -0.000000 -0.000000 0.000000
0.213796 0.999994 0.000160 -0.000000 -0.000000 0.000000
0.216272 0.999994 0.000162 -0.000000 -0.000000 0.000000
0.218776 0.999994 0.000164 -0.000000 -0.000000 0.000000
0.221309 0.999994 0.000166 -0.000000 -0.000000 0.000000
0.223872 0.999994 0.000168 -0.000000 -0.000000 0.000000
0.226464 0.999993 0.000170 -0.000000 -0.000000 0.000000
0.229087 0.999993 0.000172 -0.000000 -0.000000 0.000000
0.231739 0.999993 0.000174 -0.000000 -0.000000 0.000000
0.234423 0.999993 0.000176 -0.000000 -0.000000 0.000000
0.237137 0.999993 0.000178 -0.000000 -0.000000 0.000000
0.239883 0.999993 0.000180 -0.000000 -0.000000 0.000000
0.242661 0.999991 0.000182 -0.000000 -0.000000 0.000000
0.245471 0.999991 0.000184 -0.000000 -0.000000 0.000000
0.248313 0.999991 0.000186 -0.000000 -0.000000 0.000000
0.251189 0.999991 0.000188 -0.000000 -0.000000 0.000000
0.254097 0.999991 0.000190 -0.000000 -0.000000 0.000000
0.257040 0.999991 0.000193 -0.000000 -0.000000 0.000000
0.260016 0.999990 0.000195 -0.000000 -0.000000 0.000000
0.263027 0.999990 0.000197 -0.000001 -0.000000 0.000000
0.266073 0.999990 0.000199 -0.000001 -0.000000 0.000000
0.269153 0.999990 0.000202 -0.000001 -0.000000 0.000000
0.272270 0.999990 0.000204 -0.000001 -0.000000 0.000000
0.275423 0.999989 0.000206 -0.000001 -0.000000 0.000000
0.278612 0.999989 0.000209 -0.000001 -0.000000 0.000000
0.281838 0.999989 0.000211 -0.000001 -0.000000 0.000000
0.285102 0.999989 0.000214 -0.000001 -0.000000 0.000000
0.288403 0.999988 0.000216 -0.000001 -0.000000 0.000000
0.291743 0.999988 0.000219 -0.000001 -0.000000 0.000000
0.295121 0.999988 0.000221 -0.000001 -0.000000 0.000000
0.298538 0.999988 0.000224 -0.000001 -0.000000 0.000000
0.301995 0.999986 0.000226 -0.000001 -0.000000 0.000000
0.305492 0.999986 0.000229 -0.000001 -0.000000 0.000000
0.309030 0.999986 0.000232 -0.000001 -0.000000 0.000000
0.312608 0.999986 0.000234 -0.000001 -0.000000 0.000000
0.316228 0.999985 0.000237 -0.000001 -0.000000 0.000000
0.319890 0.999985 0.000240 -0.000001 -0.000000 0.000000
0.323594 0.999985 0.000243 -0.000001 -0.000000 0.000000
0.327341 0.999984 0.000245 -0.000001 -0.000000 0.000000
0.331131 0.999984 0.000248 -0.000001 -0.000000 0.000000
0.334965 0.999984 0.000251 -0.000001 -0.000000 0.000000
0.338844 0.999983 0.000254 -0.000001 -0.000000 0.000000
0.342768 0.999983 0.000257 -0.000001 -0.000000 0.000000
0.346737 0.999983 0.000260 -0.000001 -0.000000 0.000000
0.350752 0.999982 0.000263 -0.000001 -0.000000 0.000000
0.354813 0.999982 0.000266 -0.000001 -0.000000 0.000000
0.358922 0.999982 0.000269 -0.000001 -0.000000 0.000000
0.363078 0.999980 0.000272 -0.000001 -0.000000 0.000000
0.367282 0.999980 0.000275 -0.000001 -0.000000 0.000000
0.371535 0.999980 0.000279 -0.000001 -0.000000 0.000000
0.375837 0.999979 0.000282 -0.000001 -0.000000 0.000000
0.380189 0.999979 0.000285 -0.000001 -0.000000 0.000000
0.384592 0.999978 0.000288 -0.000001 -0.000000 0.000000
0.389045 0.999978 0.000292 -0.000001 -0.000000 0.000000
0.393550 0.999977 0.000295 -0.000001 -0.000000 0.000000
0.398107 0.999977 0.000298 -0.000001 -0.000000 0.000000
0.402717 0.999975 0.000302 -0.000001 -0.000000 0.000000
0.407380 0.999975 0.000305 -0.000001 -0.000000 0.000000
0.412098 0.999975 0.000309 -0.000001 -0.000000 0.000000
0.416869 0.999974 0.000313 -0.000001 -0.000000 0.000000
0.421697 0.999974 0.000316 -0.000001 -0.000000 0.000000
0.426580 0.999973 0.000320 -0.000001 -0.000000 0.000000
0.431519 0.999972 0.000323 -0.000001 -0.000000 0.000000
0.436516 0.999972 0.000327 -0.000001 -0.000000 0.000000
0.441570 0.999970 0.000331 -0.000001 -0.000000 0.000000
0.446684 0.999970 0.000335 -0.000001 -0.000000 0.000000
0.451856 0.999969 0.000339 -0.000001 -0.000000 0.000000
0.457088 0.999969 0.000343 -0.000002 -0.000000 0.000000
0.462381 0.999968 0.000347 -0.000002 -0.000000 0.000000
0.467735 0.999967 0.000351 -0.000002 -0.000000 0.000000
0.473151 0.999967 0.000355 -0.000002 -0.000000 0.000000
0.478630 0.999966 0.000359 -0.000002 -0.000000 0.000000
0.484172 0.999964 0.000363 -0.000002 -0.000000 0.000000
0.489779 0.999964 0.000367 -0.000002 -0.000000 0.000000
0.495450 0.999963 0.000371 -0.000002 -0.000000 0.000000
0.501187 0.999962 0.000376 -0.000002 -0.000000 0.000000
0.506991 0.999962 0.000380 -0.000002 -0.000000 0.000000
0.512861 0.999961 0.000384 -0.000002 -0.000000 0.000000
0.518800 0.999959 0.000389 -0.000002 -0.000000 0.000000
0.524807 0.999958 0.000393 -0.000002 -0.000000 0.000000
0.530884 0.999957 0.000398 -0.000002 -0.000000 0.000000
0.537032 0.999957 0.000403 -0.000002 -0.000000 0.000000
0.543250 0.999956 0.000407 -0.000002 -0.000000 0.000000
0.549541 0.999954 0.000412 -0.000002 -0.000000 0.000000
0.555904 0.999953 0.000417 -0.000002 -0.000000 0.000000
0.562341 0.999952 0.000422 -0.000002 -0.000000 0.000000
0.568853 0.999951 0.000426 -0.000002 -0.000000 0.000000
0.575440 0.999949 0.000431 -0.000002 -0.000000 0.000000
0.582103 0.999948 0.000436 -0.000002 -0.000000 0.000000
0.588844 0.999947 0.000441 -0.000003 -0.000000 0.000000
0.595662 0.999946 0.000447 -0.000003 -0.000000 0.000000
0.602560 0.999945 0.000452 -0.000003 -0.000000 0.000000
0.609537 0.999943 0.000457 -0.000003 -0.000000 0.000000
0.616595 0.999942 0.000462 -0.000003 -0.000000 0.000000
0.623735 0.999941 0.000468 -0.000003 -0.000000 0.000000
0.630957 0.999940 0.000473 -0.000003 -0.000000 0.000000
0.638263 0.999938 0.000478 -0.000003 -0.000000 0.000000
0.645654 0.999937 0.000484 -0.000003 -0.000000 0.000000
0.653131 0.999935 0.000490 -0.000003 -0.000000 0.000000
0.660693 0.999933 0.000495 -0.000003 -0.000000 0.000000
0.668344 0.999932 0.000501 -0.000003 -0.000000 0.000000
0.676083 0.999930 0.000507 -0.000003 -0.000000 0.000000
0.683912 0.999929 0.000513 -0.000003 -0.000000 0.000000
0.691831 0.999927 0.000519 -0.000003 -0.000000 0.000000
0.699842 0.999925 0.000525 -0.000004 -0.000000 0.000000
0.707946 0.999924 0.000531 -0.000004 -0.000000 0.000000
0.716143 0.999921 0.000537 -0.000004 -0.000000 0.000000
0.724436 0.999920 0.000543 -0.000004 -0.000000 0.000000
0.732825 0.999917 0.000549 -0.000004 -0.000000 0.000000
0.741310 0.999916 0.000556 -0.000004 -0.000000 0.000000
0.749894 0.999914 0.000562 -0.000004 -0.000000 0.000000
0.758578 0.999913 0.000569 -0.000004 -0.000000 0.000000
0.767361 0.999910 0.000575 -0.000004 -0.000000 0.000000
0.776247 0.999908 0.000582 -0.000004 -0.000000 0.000000
0.785236 0.999905 0.000589 -0.000004 -0.000000 0.000000
0.794328 0.999904 0.000595 -0.000005 -0.000000 0.000000
0.803526 0.999901 0.000602 -0.000005 -0.000000 0.000000
0.812831 0.999899 0.000609 -0.000005 -0.000000 0.000000
0.822243 0.999897 0.000616 -0.000005 -0.000000 0.000000
0.831764 0.999894 0.000623 -0.000005 -0.000000 0.000000
0.841395 0.999892 0.000631 -0.000005 -0.000000 0.000000
0.851138 0.999889 0.000638 -0.000005 -0.000000 0.000000
0.860994 0.999887 0.000645 -0.000005 -0.000000 0.000000
0.870964 0.999884 0.000653 -0.000005 -0.000000 0.000000
0.881049 0.999880 0.000660 -0.000006 -0.000000 0.000000
0.891251 0.999878 0.000668 -0.000006 -0.000000 0.000000
0.901571 0.999876 0.000676 -0.000006 -0.000000 0.000000
0.912011 0.999872 0.000684 -0.000006 -0.000000 0.000000
0.922571 0.999869 0.000692 -0.000006 -0.000000 0.000000
0.933254 0.999867 0.000700 -0.000006 -0.000000 0.000000
0.944061 0.999863 0.000708 -0.000006 -0.000000 0.000000
0.954993 0.999860 0.000716 -0.000007 -0.000000 0.000000
0.966051 0.999857 0.000724 -0.000007 -0.000000 0.000000
0.977237 0.999853 0.000733 -0.000007 -0.000000 0.000000
0.988553 0.999850 0.000741 -0.000007 -0.000000 0.000000
1.000000 0.999846 0.000750 -0.000007 -0.000000 0.000000
1.011580 0.999842 0.000758 -0.000007 -0.000000 0.000000
1.023290 0.999839 0.000767 -0.000008 -0.000000 0.000000
1.035140 0.999835 0.000776 -0.000008 -0.000000 0.000000
1.047130 0.999831 0.000785 -0.000008 -0.000000 0.000000
1.059250 0.999828 0.000794 -0.000008 -0.000000 0.000000
1.071520 0.999824 0.000803 -0.000008 -0.000000 0.000000
1.083930 0.999819 0.000812 -0.000009 -0.000000 0.000000
1.096480 0.999815 0.000822 -0.000009 -0.000000 0.000000
1.109170 0.999810 0.000831 -0.000009 -0.000000 0.000000
1.122020 0.999807 0.000841 -0.000009 -0.000000 0.000000
1.135010 0.999802 0.000851 -0.000009 -0.000000 0.000000
1.148150 0.999797 0.000861 -0.000010 -0.000000 0.000000
1.161450 0.999793 0.000871 -0.000010 -0.000000 0.000000
1.174900 0.999788 0.000881 -0.000010 -0.000000 0.000000
1.188500 0.999783 0.000891 -0.000010 -0.000000 0.000000
1.202260 0.999777 0.000901 -0.000010 -0.000000 0.000000
1.216190 0.999772 0.000912 -0.000011 -0.000000 0.000000
1.230270 0.999767 0.000922 -0.000011 -0.000000 0.000000
1.244510 0.999762 0.000933 -0.000011 -0.000000 0.000000
1.258930 0.999756 0.000944 -0.000011 -0.000000 0.000000
1.273500 0.999750 0.000955 -0.000012 -0.000000 0.000000
1.288250 0.999745 0.000966 -0.000012 -0.000000 0.000000
1.303170 0.999739 0.000977 -0.000012 -0.000000 0.000000
1.318260 0.999733 0.000988 -0.000013 -0.000000 0.000000
1.333520 0.999726 0.000999 -0.000013 -0.000000 0.000000
1.348960 0.999720 0.001011 -0.000013 -0.000000 0.000000
1.364580 0.999713 0.001023 -0.000013 -0.000000 0.000000
1.380380 0.999707 0.001035 -0.000014 -0.000000 0.000000
1.396370 0.999699 0.001047 -0.000014 -0.000000 0.000000
1.412540 0.999693 0.001059 -0.000014 -0.000000 0.000000
1.428890 0.999686 0.001071 -0.000015 -0.000000 0.000000
1.445440 0.999678 0.001083 -0.000015 -0.000000 0.000000
1.462180 0.999671 0.001096 -0.000015 -0.000000 0.000000
1.479110 0.999664 0.001109 -0.000016 -0.000000 0.000000
1.496240 0.999655 0.001121 -0.000016 -0.000000 0.000000
1.513560 0.999648 0.001134 -0.000017 -0.000000 0.000000
1.531090 0.999639 0.001147 -0.000017 -0.000000 0.000000
1.548820 0.999630 0.001161 -0.000017 -0.000000 0.000000
1.566750 0.999622 0.001174 -0.000018 -0.000000 0.000000
1.584890 0.999613 0.001188 -0.000018 -0.000000 0.000000
1.603250 0.999605 0.001202 -0.000019 -0.000000 0.000000
1.621810 0.999595 0.001215 -0.000019 -0.000000 0.000000
1.640590 0.999586 0.001230 -0.000020 -0.000000 0.000000
1.659590 0.999576 0.001244 -0.000020 -0.000000 0.000000
1.678800 0.999566 0.001258 -0.000020 -0.000000 0.000000
1.698240 0.999555 0.001273 -0.000021 -0.000000 0.000000
1.717910 0.999545 0.001287 -0.000021 -0.000000 0.000000
1.737800 0.999534 0.001302 -0.000022 -0.000000 0.000000
1.757920 0.999524 0.001317 -0.000022 -0.000000 0.000001
1.778280 0.999513 0.001333 -0.000023 -0.000000 0.000001
1.798870 0.999501 0.001348 -0.000023 -0.000000 0.000001
1.819700 0.999490 0.001364 -0.000024 -0.000000 0.000001
1.840770 0.999478 0.001379 -0.000025 -0.000000 0.000001
1.862090 0.999467 0.001395 -0.000025 -0.000000 0.000001
1.883650 0.999454 0.001412 -0.000026 -0.000000 0.000001
1.905460 0.999441 0.001428 -0.000026 -0.000000 0.000001
1.927520 0.999428 0.001444 -0.000027 -0.000000 0.000001
1.949840 0.999415 0.001461 -0.000028 -0.000000 0.000001
1.972420 0.999401 0.001478 -0.000028 -0.000000 0.000001
1.995260 0.999386 0.001495 -0.000029 -0.000000 0.000001
2.018370 0.999373 0.001512 -0.000030 -0.000000 0.000001
2.041740 0.999358 0.001530 -0.000030 -0.000000 0.000001
2.065380 0.999343 0.001548 -0.000031 -0.000000 0.000001
2.089300 0.999329 0.001565 -0.000032 -0.000000 0.000001
2.113490 0.999313 0.001584 -0.000032 -0.000000 0.000001
2.137960 0.999297 0.001602 -0.000033 -0.000000 0.000001
2.162720 0.999280 0.001620 -0.000034 -0.000000 0.000001
2.187760 0.999263 0.001639 -0.000035 -0.000000 0.000001
2.213090 0.999246 0.001658 -0.000036 -0.000000 0.000001
2.238720 0.999229 0.001677 -0.000036 -0.000000 0.000001
2.264640 0.999212 0.001697 -0.000037 -0.000000 0.000001
2.290870 0.999193 0.001716 -0.000038 -0.000000 0.000001
2.317390 0.999173 0.001736 -0.000039 -0.000000 0.000002
2.344230 0.999155 0.001756 -0.000040 -0.000000 0.000002
2.371370 0.999135 0.001777 -0.000041 -0.000000 0.000002
2.398830 0.999115 0.001797 -0.000042 -0.000000 0.000002
2.426610 0.999094 0.001818 -0.000043 -0.000000 0.000002
2.454710 0.999074 0.001839 -0.000044 -0.000000 0.000002
2.483130 0.999053 0.001860 -0.000045 -0.000000 0.000002
2.511890 0.999030 0.001882 -0.000046 -0.000000 0.000002
2.540970 0.999007 0.001903 -0.000047 -0.000000 0.000002
2.570400 0.998985 0.001925 -0.000048 -0.000000 0.000002
2.600160 0.998961 0.001948 -0.000049 -0.000000 0.000002
2.630270 0.998937 0.001970 -0.000050 -0.000000 0.000003
2.660730 0.998912 0.001993 -0.000052 -0.000000 0.000003
2.691530 0.998887 0.002016 -0.000053 -0.000000 0.000003
2.722700 0.998862 0.002039 -0.000054 -0.000000 0.000003
2.754230 0.998835 0.002063 -0.000055 -0.000000 0.000003
2.786120 0.998809 0.002087 -0.000057 -0.000000 0.000003
2.818380 0.998780 0.002111 -0.000058 -0.000000 0.000003
2.851020 0.998752 0.002135 -0.000059 -0.000000 0.000004
2.884030 0.998724 0.002160 -0.000061 -0.000000 0.000004
2.917430 0.998694 0.002185 -0.000062 -0.000000 0.000004
2.951210 0.998663 0.002210 -0.000064 -0.000000 0.000004
2.985380 0.998632 0.002236 -0.000065 -0.000000 0.000004
3.019950 0.998602 0.002262 -0.000067 -0.000000 0.000004
3.054920 0.998568 0.002288 -0.000068 -0.000000 0.000005
3.090300 0.998536 0.002314 -0.000070 -0.000000 0.000005
3.126080 0.998502 0.002341 -0.000071 -0.000000 0.000005
3.162280 0.998467 0.002368 -0.000073 -0.000000 0.000005
3.198900 0.998432 0.002395 -0.000075 -0.000000 0.000006
3.235940 0.998396 0.002423 -0.000077 -0.000000 0.000006
3.273410 0.998359 0.002451 -0.000078 -0.000000 0.000006
3.311310 0.998321 0.002479 -0.000080 -0.000000 0.000006
3.349650 0.998283 0.002508 -0.000082 -0.000000 0.000007
3.388440 0.998243 0.002537 -0.000084 -0.000000 0.000007
3.427680 0.998202 0.002566 -0.000086 -0.000000 0.000007
3.467370 0.998161 0.002596 -0.000088 -0.000001 0.000008
3.507520 0.998119 0.002626 -0.000090 -0.000001 0.000008
3.548130 0.998076 0.002656 -0.000092 -0.000001 0.000008
3.589220 0.998031 0.002687 -0.000095 -0.000001 0.000009
3.630780 0.997986 0.002718 -0.000097 -0.000001 0.000009
3.672820 0.997939 0.002749 -0.000099 -0.000001 0.000010
3.715350 0.997892 0.002781 -0.000101 -0.000001 0.000010
3.758370 0.997843 0.002813 -0.000104 -0.000001 0.000011
3.801890 0.997793 0.002846 -0.000106 -0.000001 0.000011
3.845920 0.997743 0.002878 -0.000109 -0.000001 0.000012
3.890450 0.997691 0.002912 -0.000111 -0.000001 0.000012
3.935500 0.997638 0.002945 -0.000114 -0.000001 0.000013
3.981070 0.997584 0.002979 -0.000117 -0.000001 0.000013
4.027170 0.997529 0.003014 -0.000120 -0.000001 0.000014
4.073800 0.997472 0.003048 -0.000122 -0.000001 0.000015
4.120980 0.997414 0.003084 -0.000125 -0.000001 0.000015
4.168690 0.997354 0.003119 -0.000128 -0.000001 0.000016
4.216970 0.997293 0.003155 -0.000131 -0.000001 0.000017
4.265800 0.997232 0.003191 -0.000134 -0.000001 0.000017
4.315190 0.997168 0.003228 -0.000138 -0.000001 0.000018
4.365160 0.997104 0.003266 -0.000141 -0.000001 0.000019
4.415700 0.997037 0.003303 -0.000144 -0.000001 0.000020
4.466840 0.996969 0.003341 -0.000148 -0.000001 0.000021
4.518560 0.996900 0.003380 -0.000151 -0.000001 0.000022
4.570880 0.996829 0.003419 -0.000155 -0.000001 0.000023
4.623810 0.996757 0.003458 -0.000159 -0.000001 0.000024
4.677350 0.996683 0.003498 -0.000162 -0.000001 0.000025
4.731510 0.996607 0.003538 -0.000166 -0.000001 0.000026
4.786300 0.996529 0.003579 -0.000170 -0.000001 0.000028
4.841720 0.996451 0.003620 -0.000174 -0.000001 0.000029
4.897790 0.996369 0.003662 -0.000178 -0.000001 0.000030
4.954500 0.996287 0.003704 -0.000183 -0.000002 0.000032
5.011870 0.996203 0.003747 -0.000187 -0.000002 0.000033
5.069910 0.996117 0.003790 -0.000192 -0.000002 0.000035
5.128610 0.996028 0.003834 -0.000196 -0.000002 0.000036
5.188000 0.995938 0.003878 -0.000201 -0.000002 0.000038
5.248070 0.995846 0.003922 -0.000206 -0.000002 0.000040
5.308840 0.995751 0.003968 -0.000211 -0.000002 0.000041
5.370320 0.995655 0.004013 -0.000216 -0.000002 0.000043
5.432500 0.995556 0.004059 -0.000221 -0.000002 0.000045
5.495410 0.995456 0.004106 -0.000226 -0.000002 0.000048
5.559040 0.995353 0.004153 -0.000232 -0.000002 0.000050
5.623410 0.995248 0.004201 -0.000237 -0.000002 0.000052
5.688530 0.995141 0.004249 -0.000243 -0.000002 0.000054
5.754400 0.995031 0.004298 -0.000249 -0.000002 0.000057
5.821030 0.994919 0.004348 -0.000255 -0.000002 0.000060
5.888440 0.994805 0.004398 -0.000261 -0.000003 0.000062
5.956620 0.994688 0.004448 -0.000267 -0.000003 0.000065
6.025600 0.994567 0.004499 -0.000274 -0.000003 0.000068
6.095370 0.994445 0.004551 -0.000280 -0.000003 0.000071
6.165950 0.994320 0.004603 -0.000287 -0.000003 0.000075
6.237350 0.994192 0.004656 -0.000294 -0.000003 0.000078
6.309570 0.994063 0.004710 -0.000301 -0.000003 0.000082
6.382630 0.993930 0.004764 -0.000309 -0.000003 0.000085
6.456540 0.993793 0.004818 -0.000316 -0.000003 0.000089
6.531310 0.993654 0.004874 -0.000324 -0.000003 0.000093
6.606930 0.993512 0.004930 -0.000332 -0.000004 0.000098
6.683440 0.993368 0.004986 -0.000340 -0.000004 0.000102
6.760830 0.993220 0.005043 -0.000348 -0.000004 0.000107
6.839120 0.993069 0.005101 -0.000357 -0.000004 0.000112
6.918310 0.992915 0.005160 -0.000365 -0.000004 0.000117
6.998420 0.992757 0.005219 -0.000374 -0.000004 0.000122
7.079460 0.992596 0.005279 -0.000383 -0.000004 0.000128
7.161430 0.992432 0.005339 -0.000393 -0.000005 0.000134
7.244360 0.992263 0.005400 -0.000403 -0.000005 0.000140
7.328250 0.992092 0.005462 -0.000412 -0.000005 0.000146
7.413100 0.991917 0.005525 -0.000423 -0.000005 0.000153
7.498940 0.991738 0.005588 -0.000433 -0.000005 0.000160
7.585780 0.991556 0.005652 -0.000444 -0.000005 0.000167
7.673610 0.991370 0.005716 -0.000455 -0.000006 0.000175
7.762470 0.991180 0.005782 -0.000466 -0.000006 0.000183
7.852360 0.990987 0.005848 -0.000477 -0.000006 0.000191
7.943280 0.990788 0.005915 -0.000489 -0.000006 0.000200
8.035260 0.990586 0.005982 -0.000501 -0.000007 0.000209
8.128310 0.990380 0.006051 -0.000514 -0.000007 0.000218
8.222430 0.990171 0.006120 -0.000527 -0.000007 0.000228
8.317640 0.989957 0.006190 -0.000540 -0.000007 0.000239
8.413950 0.989737 0.006260 -0.000553 -0.000008 0.000249
8.511380 0.989514 0.006332 -0.000567 -0.000008 0.000261
8.609940 0.989286 0.006404 -0.000581 -0.000008 0.000272
8.709640 0.989053 0.006477 -0.000596 -0.000008 0.000285
8.810490 0.988817 0.006551 -0.000611 -0.000009 0.000298
8.912510 0.988575 0.006625 -0.000626 -0.000009 0.000311
9.015710 0.988329 0.006701 -0.000642 -0.000009 0.000325
9.120110 0.988078 0.006777 -0.000658 -0.000010 0.000340
9.225710 0.987821 0.006854 -0.000674 -0.000010 0.000355
9.332540 0.987560 0.006932 -0.000691 -0.000010 0.000371
9.440610 0.987293 0.007011 -0.000709 -0.000011 0.000387
9.549930 0.987022 0.007091 -0.000726 -0.000011 0.000405
9.660510 0.986745 0.007171 -0.000745 -0.000011 0.000423
9.772370 0.986463 0.007253 -0.000764 -0.000012 0.000441
9.885530 0.986175 0.007335 -0.000783 -0.000012 0.000461
10.000000 0.985882 0.007418 -0.000803 -0.000013 0.000482
10.115800 0.985584 0.007503 -0.000823 -0.000013 0.000503
10.232900 0.985280 0.007588 -0.000844 -0.000014 0.000525
10.351400 0.984971 0.007674 -0.000866 -0.000014 0.000549
10.471300 0.984654 0.007761 -0.000888 -0.000015 0.000573
10.592500 0.984334 0.007849 -0.000910 -0.000015 0.000598
10.715200 0.984006 0.007938 -0.000934 -0.000016 0.000624
10.839300 0.983672 0.008027 -0.000958 -0.000016 0.000652
10.964800 0.983333 0.008118 -0.000982 -0.000017 0.000680
11.091700 0.982987 0.008210 -0.001007 -0.000018 0.000710
11.220200 0.982636 0.008303 -0.001033 -0.000018 0.000741
11.350100 0.982277 0.008397 -0.001060 -0.000019 0.000774
11.481500 0.981914 0.008491 -0.001087 -0.000020 0.000808
11.614500 0.981543 0.008587 -0.001115 -0.000020 0.000843
11.749000 0.981165 0.008684 -0.001144 -0.000021 0.000879
11.885000 0.980782 0.008782 -0.001174 -0.000022 0.000917
12.022600 0.980391 0.008881 -0.001204 -0.000022 0.000957
12.161900 0.979994 0.008981 -0.001235 -0.000023 0.000998
12.302700 0.979590 0.009082 -0.001268 -0.000024 0.001041
12.445100 0.979180 0.009184 -0.001301 -0.000025 0.001086
12.589300 0.978764 0.009287 -0.001334 -0.000026 0.001133
12.735000 0.978339 0.009392 -0.001369 -0.000027 0.001181
12.882500 0.977907 0.009497 -0.001405 -0.000028 0.001232
13.031700 0.977470 0.009604 -0.001442 -0.000029 0.001284
13.182600 0.977025 0.009712 -0.001479 -0.000030 0.001339
13.335200 0.976573 0.009821 -0.001518 -0.000031 0.001395
13.489600 0.976114 0.009931 -0.001558 -0.000032 0.001454
13.645800 0.975648 0.010042 -0.001599 -0.000033 0.001516
13.803800 0.975175 0.010154 -0.001641 -0.000034 0.001579
13.963700 0.974694 0.010268 -0.001684 -0.000036 0.001645
14.125400 0.974206 0.010382 -0.001728 -0.000037 0.001714
14.288900 0.973711 0.010498 -0.001774 -0.000038 0.001786
14.454400 0.973210 0.010616 -0.001821 -0.000040 0.001860
14.621800 0.972700 0.010734 -0.001869 -0.000041 0.001937
14.791100 0.972183 0.010854 -0.001918 -0.000043 0.002017
14.962400 0.971660 0.010975 -0.001969 -0.000044 0.002100
15.135600 0.971129 0.011097 -0.002021 -0.000046 0.002186
15.310900 0.970590 0.011220 -0.002075 -0.000047 0.002275
15.488200 0.970045 0.011345 -0.002130 -0.000049 0.002368
15.667500 0.969493 0.011471 -0.002187 -0.000051 0.002464
15.848900 0.968933 0.011598 -0.002245 -0.000053 0.002563
16.032500 0.968367 0.011727 -0.002304 -0.000055 0.002667
16.218100 0.967792 0.011857 -0.002366 -0.000057 0.002774
16.405900 0.967211 0.011988 -0.002429 -0.000059 0.002884
16.595900 0.966623 0.012121 -0.002493 -0.000061 0.002999
16.788000 0.966028 0.012255 -0.002560 -0.000063 0.003118
16.982400 0.965427 0.012390 -0.002628 -0.000065 0.003241
17.179100 0.964818 0.012527 -0.002698 -0.000068 0.003368
17.378000 0.964204 0.012666 -0.002770 -0.000070 0.003500
17.579200 0.963581 0.012805 -0.002844 -0.000073 0.003636
17.782800 0.962953 0.012946 -0.002919 -0.000075 0.003776
17.988700 0.962319 0.013089 -0.002997 -0.000078 0.003922
18.197000 0.961678 0.013233 -0.003077 -0.000081 0.004072
18.407700 0.961030 0.013379 -0.003159 -0.000084 0.004227
18.620900 0.960377 0.013526 -0.003243 -0.000087 0.004387
18.836500 0.959718 0.013674 -0.003330 -0.000090 0.004552
19.054600 0.959052 0.013824 -0.003418 -0.000093 0.004723
19.275200 0.958381 0.013975 -0.003509 -0.000097 0.004899
19.498400 0.957705 0.014129 -0.003602 -0.000100 0.005080
19.724200 0.957022 0.014283 -0.003698 -0.000104 0.005267
19.952600 0.956335 0.014439 -0.003796 -0.000108 0.005459
20.183700 0.955642 0.014597 -0.003897 -0.000112 0.005657
20.417400 0.954945 0.014757 -0.004000 -0.000116 0.005861
20.653800 0.954243 0.014918 -0.004106 -0.000120 0.006071
20.893000 0.953537 0.015080 -0.004215 -0.000124 0.006286
21.134900 0.952825 0.015245 -0.004326 -0.000129 0.006508
21.379600 0.952110 0.015411 -0.004440 -0.000133 0.006736
21.627200 0.951391 0.015578 -0.004557 -0.000138 0.006969
21.877600 0.950666 0.015748 -0.004676 -0.000143 0.007209
22.130900 0.949939 0.015919 -0.004799 -0.000148 0.007455
22.387200 0.949209 0.016091 -0.004924 -0.000153 0.007708
22.646400 0.948476 0.016266 -0.005053 -0.000159 0.007966
22.908700 0.947739 0.016442 -0.005184 -0.000165 0.008231
23.173900 0.946998 0.016620 -0.005319 -0.000171 0.008502
23.442300 0.946257 0.016800 -0.005457 -0.000177 0.008779
23.713700 0.945511 0.016982 -0.005598 -0.000183 0.009062
23.988300 0.944765 0.017166 -0.005742 -0.000190 0.009351
24.266100 0.944016 0.017351 -0.005889 -0.000196 0.009646
24.547100 0.943264 0.017538 -0.006040 -0.000203 0.009947
24.831300 0.942511 0.017728 -0.006194 -0.000211 0.010254
25.118900 0.941757 0.017919 -0.006352 -0.000218 0.010567
25.409700 0.941001 0.018112 -0.006512 -0.000226 0.010886
25.704000 0.940244 0.018307 -0.006677 -0.000234 0.011209
26.001600 0.939487 0.018504 -0.006844 -0.000242 0.011539
26.302700 0.938728 0.018703 -0.007015 -0.000251 0.011873
26.607300 0.937969 0.018904 -0.007190 -0.000260 0.012212
26.915300 0.937207 0.019107 -0.007368 -0.000269 0.012555
27.227000 0.936447 0.019312 -0.007550 -0.000278 0.012904
27.542300 0.935686 0.019519 -0.007735 -0.000288 0.013256
27.861200 0.934925 0.019729 -0.007924 -0.000298 0.013612
28.183800 0.934162 0.019940 -0.008116 -0.000308 0.013972
28.510200 0.933399 0.020154 -0.008312 -0.000319 0.014334
28.840300 0.932637 0.020370 -0.008511 -0.000330 0.014700
29.174300 0.931873 0.020588 -0.008714 -0.000342 0.015068
29.512100 0.931110 0.020808 -0.008921 -0.000353 0.015438
29.853800 0.930345 0.021031 -0.009131 -0.000366 0.015810
30.199500 0.929581 0.021255 -0.009344 -0.000378 0.016183
30.549200 0.928815 0.021483 -0.009561 -0.000391 0.016556
30.903000 0.928050 0.021712 -0.009782 -0.000404 0.016930
31.260800 0.927282 0.021944 -0.010006 -0.000418 0.017303
31.622800 0.926514 0.022178 -0.010233 -0.000432 0.017676
31.989000 0.925743 0.022414 -0.010464 -0.000447 0.018047
32.359400 0.924972 0.022653 -0.010698 -0.000462 0.018417
32.734100 0.924199 0.022895 -0.010935 -0.000477 0.018784
33.113100 0.923422 0.023139 -0.011176 -0.000493 0.019147
33.496500 0.922644 0.023385 -0.011420 -0.000510 0.019508
33.884400 0.921861 0.023634 -0.011667 -0.000526 0.019864
34.276800 0.921075 0.023885 -0.011918 -0.000544 0.020215
34.673700 0.920286 0.024140 -0.012171 -0.000562 0.020560
35.075200 0.919492 0.024396 -0.012428 -0.000580 0.020900
35.481300 0.918693 0.024655 -0.012687 -0.000599 0.021234
35.892200 0.917888 0.024917 -0.012950 -0.000618 0.021560
36.307800 0.917077 0.025182 -0.013215 -0.000638 0.021878
36.728200 0.916259 0.025449 -0.013484 -0.000658 0.022188
37.153500 0.915435 0.025719 -0.013755 -0.000679 0.022490
37.583700 0.914602 0.025992 -0.014029 -0.000701 0.022782
38.018900 0.913761 0.026267 -0.014306 -0.000723 0.023065
38.459200 0.912911 0.026545 -0.014586 -0.000746 0.023338
38.904500 0.912051 0.026826 -0.014868 -0.000769 0.023601
39.355000 0.911180 0.027110 -0.015154 -0.000793 0.023853
39.810700 0.910299 0.027397 -0.015442 -0.000817 0.024094
40.271700 0.909406 0.027686 -0.015732 -0.000842 0.024324
40.738000 0.908499 0.027978 -0.016026 -0.000868 0.024543
41.209800 0.907581 0.028274 -0.016322 -0.000894 0.024750
41.686900 0.906648 0.028572 -0.016622 -0.000921 0.024947
42.169700 0.905702 0.028873 -0.016924 -0.000949 0.025132
42.658000 0.904741 0.029176 -0.017229 -0.000977 0.025307
43.151900 0.903764 0.029483 -0.017537 -0.001006 0.025471
43.651600 0.902772 0.029793 -0.017848 -0.001036 0.025624
44.157000 0.901765 0.030106 -0.018162 -0.001066 0.025768
44.668400 0.900741 0.030421 -0.018480 -0.001097 0.025902
45.185600 0.899701 0.030740 -0.018801 -0.001129 0.026028
45.708800 0.898644 0.031062 -0.019126 -0.001161 0.026145
46.238100 0.897570 0.031387 -0.019455 -0.001195 0.026256
46.773500 0.896478 0.031714 -0.019788 -0.001229 0.026360
47.315100 0.895369 0.032045 -0.020124 -0.001264 0.026458
47.863000 0.894244 0.032379 -0.020466 -0.001299 0.026553
48.417200 0.893101 0.032716 -0.020812 -0.001336 0.026644
48.977900 0.891942 0.033056 -0.021163 -0.001373 0.026733
49.545000 0.890766 0.033398 -0.021519 -0.001411 0.026821
50.118700 0.889575 0.033745 -0.021880 -0.001450 0.026909
50.699100 0.888368 0.034094 -0.022247 -0.001490 0.027000
51.286100 0.887144 0.034446 -0.022621 -0.001531 0.027093
51.880000 0.885907 0.034801 -0.023000 -0.001573 0.027190
52.480700 0.884656 0.035160 -0.023386 -0.001616 0.027293
53.088400 0.883390 0.035521 -0.023779 -0.001660 0.027403
53.703200 0.882111 0.035886 -0.024179 -0.001705 0.027520
54.325000 0.880820 0.036254 -0.024587 -0.001750 0.027647
54.954100 0.879518 0.036625 -0.025003 -0.001798 0.027784
55.590400 0.878206 0.037000 -0.025427 -0.001846 0.027932
56.234100 0.876881 0.037377 -0.025859 -0.001895 0.028092
56.885300 0.875548 0.037758 -0.026299 -0.001946 0.028265
57.544000 0.874207 0.038142 -0.026749 -0.001998 0.028451
58.210300 0.872855 0.038530 -0.027208 -0.002051 0.028651
58.884400 0.871498 0.038920 -0.027676 -0.002105 0.028865
59.566200 0.870130 0.039314 -0.028153 -0.002161 0.029092
60.256000 0.868756 0.039712 -0.028640 -0.002219 0.029334
60.953700 0.867375 0.040113 -0.029136 -0.002278 0.029588
61.659500 0.865988 0.040517 -0.029642 -0.002338 0.029856
62.373500 0.864592 0.040925 -0.030158 -0.002400 0.030136
63.095700 0.863190 0.041336 -0.030684 -0.002464 0.030426
63.826300 0.861779 0.041750 -0.031219 -0.002529 0.030727
64.565400 0.860361 0.042169 -0.031763 -0.002596 0.031037
65.313100 0.858935 0.042590 -0.032317 -0.002665 0.031354
66.069300 0.857498 0.043015 -0.032881 -0.002736 0.031677
66.834400 0.856053 0.043444 -0.033453 -0.002808 0.032005
67.608300 0.854595 0.043877 -0.034034 -0.002883 0.032334
68.391200 0.853126 0.044313 -0.034623 -0.002959 0.032665
69.183100 0.851642 0.044753 -0.035221 -0.003038 0.032995
69.984200 0.850145 0.045196 -0.035827 -0.003118 0.033323
70.794600 0.848632 0.045643 -0.036440 -0.003201 0.033646
71.614300 0.847103 0.046094 -0.037061 -0.003286 0.033964
72.443600 0.845556 0.046548 -0.037688 -0.003373 0.034276
73.282500 0.843989 0.047006 -0.038323 -0.003463 0.034580
74.131000 0.842402 0.047468 -0.038964 -0.003554 0.034876
74.989400 0.840794 0.047933 -0.039611 -0.003648 0.035163
75.857800 0.839166 0.048402 -0.040264 -0.003745 0.035442
76.736100 0.837513 0.048874 -0.040924 -0.003844 0.035712
77.624700 0.835838 0.049351 -0.041589 -0.003945 0.035974
78.523600 0.834140 0.049831 -0.042260 -0.004049 0.036229
79.432800 0.832419 0.050314 -0.042937 -0.004155 0.036478
80.352600 0.830674 0.050801 -0.043620 -0.004264 0.036722
81.283100 0.828906 0.051292 -0.044308 -0.004376 0.036964
82.224300 0.827118 0.051786 -0.045004 -0.004490 0.037205
83.176400 0.825306 0.052283 -0.045705 -0.004606 0.037448
84.139500 0.823474 0.052785 -0.046413 -0.004726 0.037693
85.113800 0.821623 0.053289 -0.047129 -0.004848 0.037945
86.099400 0.819754 0.053798 -0.047852 -0.004973 0.038204
87.096400 0.817866 0.054309 -0.048583 -0.005101 0.038473
88.104900 0.815963 0.054825 -0.049322 -0.005232 0.038753
89.125100 0.814045 0.055343 -0.050070 -0.005366 0.039046
90.157100 0.812112 0.055865 -0.050827 -0.005503 0.039352
91.201100 0.810165 0.056391 -0.051593 -0.005643 0.039672
92.257100 0.808205 0.056920 -0.052369 -0.005786 0.040006
93.325400 0.806232 0.057453 -0.053156 -0.005932 0.040354
94.406100 0.804246 0.057989 -0.053953 -0.006082 0.040713
95.499300 0.802248 0.058528 -0.054760 -0.006235 0.041084
96.605100 0.800235 0.059071 -0.055578 -0.006392 0.041462
97.723700 0.798207 0.059617 -0.056408 -0.006552 0.041847
98.855300 0.796163 0.060167 -0.057248 -0.006716 0.042234
100.000000 0.794102 0.060720 -0.058099 -0.006884 0.042622
101.158000 0.792021 0.061277 -0.058961 -0.007056 0.043006
102.329000 0.789918 0.061837 -0.059833 -0.007231 0.043384
103.514000 0.787793 0.062401 -0.060717 -0.007411 0.043752
104.713000 0.785643 0.062967 -0.061612 -0.007595 0.044109
105.925000 0.783467 0.063538 -0.062517 -0.007784 0.044453
107.152000 0.781262 0.064111 -0.063434 -0.007976 0.044782
108.393000 0.779029 0.064687 -0.064361 -0.008173 0.045095
109.648000 0.776766 0.065267 -0.065300 -0.008375 0.045393
110.917000 0.774472 0.065850 -0.066250 -0.008582 0.045677
112.202000 0.772150 0.066435 -0.067213 -0.008793 0.045949
113.501000 0.769796 0.067024 -0.068187 -0.009009 0.046211
114.815000 0.767415 0.067616 -0.069175 -0.009231 0.046467
116.145000 0.765006 0.068210 -0.070177 -0.009457 0.046719
117.490000 0.762573 0.068807 -0.071192 -0.009689 0.046971
118.850000 0.760114 0.069407 -0.072222 -0.009926 0.047227
120.226000 0.757633 0.070010 -0.073267 -0.010168 0.047490
121.619000 0.755130 0.070615 -0.074328 -0.010417 0.047763
123.027000 0.752609 0.071222 -0.075404 -0.010671 0.048048
124.451000 0.750067 0.071833 -0.076497 -0.010931 0.048345
125.893000 0.747505 0.072445 -0.077605 -0.011197 0.048655
127.350000 0.744927 0.073061 -0.078730 -0.011470 0.048977
128.825000 0.742327 0.073678 -0.079870 -0.011749 0.049309
130.317000 0.739706 0.074298 -0.081025 -0.012035 0.049649
131.826000 0.737062 0.074920 -0.082195 -0.012327 0.049992
133.352000 0.734393 0.075544 -0.083378 -0.012627 0.050335
134.896000 0.731696 0.076171 -0.084575 -0.012933 0.050674
136.458000 0.728970 0.076799 -0.085784 -0.013247 0.051006
138.038000 0.726211 0.077429 -0.087006 -0.013569 0.051328
139.637000 0.723419 0.078061 -0.088240 -0.013897 0.051637
141.254000 0.720593 0.078695 -0.089486 -0.014234 0.051933
142.889000 0.717731 0.079330 -0.090745 -0.014578 0.052217
144.544000 0.714835 0.079967 -0.092017 -0.014931 0.052488
146.218000 0.711905 0.080605 -0.093303 -0.015292 0.052750
147.911000 0.708941 0.081244 -0.094606 -0.015661 0.053005
149.624000 0.705947 0.081884 -0.095926 -0.016039 0.053257
151.356000 0.702923 0.082526 -0.097265 -0.016425 0.053509
153.109000 0.699874 0.083168 -0.098624 -0.016821 0.053763
154.882000 0.696799 0.083810 -0.100006 -0.017226 0.054021
156.675000 0.693699 0.084454 -0.101412 -0.017641 0.054284
158.489000 0.690575 0.085098 -0.102842 -0.018066 0.054551
160.325000 0.687426 0.085742 -0.104298 -0.018501 0.054821
162.181000 0.684250 0.086387 -0.105779 -0.018948 0.055092
164.059000 0.681046 0.087033 -0.107285 -0.019405 0.055359
165.959000 0.677811 0.087678 -0.108815 -0.019874 0.055619
167.880000 0.674544 0.088324 -0.110369 -0.020355 0.055870
169.824000 0.671240 0.088970 -0.111945 -0.020847 0.056109
171.791000 0.667898 0.089615 -0.113541 -0.021353 0.056337
173.780000 0.664520 0.090260 -0.115158 -0.021871 0.056554
175.792000 0.661104 0.090904 -0.116794 -0.022403 0.056763
177.828000 0.657650 0.091548 -0.118449 -0.022948 0.056968
179.887000 0.654162 0.092191 -0.120123 -0.023506 0.057174
181.970000 0.650643 0.092833 -0.121817 -0.024078 0.057384
184.077000 0.647094 0.093473 -0.123533 -0.024664 0.057602
186.209000 0.643518 0.094112 -0.125271 -0.025264 0.057829
188.365000 0.639915 0.094750 -0.127033 -0.025879 0.058066
190.546000 0.636287 0.095385 -0.128819 -0.026508 0.058308
192.752000 0.632630 0.096019 -0.130631 -0.027153 0.058551
194.984000 0.628944 0.096651 -0.132472 -0.027813 0.058788
197.242000 0.625226 0.097280 -0.134339 -0.028488 0.059011
199.526000 0.621471 0.097907 -0.136233 -0.029180 0.059213
201.837000 0.617676 0.098531 -0.138155 -0.029889 0.059390
204.174000 0.613840 0.099152 -0.140104 -0.030614 0.059540
206.538000 0.609961 0.099769 -0.142081 -0.031357 0.059662
208.930000 0.606042 0.100383 -0.144084 -0.032118 0.059762
211.349000 0.602084 0.100994 -0.146113 -0.032897 0.059845
213.796000 0.598088 0.101600 -0.148171 -0.033695 0.059917
216.272000 0.594059 0.102201 -0.150255 -0.034511 0.059985
218.776000 0.590000 0.102798 -0.152366 -0.035347 0.060053
221.309000 0.585912 0.103390 -0.154503 -0.036202 0.060123
223.872000 0.581792 0.103977 -0.156667 -0.037077 0.060193
226.464000 0.577641 0.104558 -0.158855 -0.037972 0.060258
229.087000 0.573454 0.105133 -0.161064 -0.038886 0.060310
231.739000 0.569227 0.105703 -0.163292 -0.039822 0.060345
234.423000 0.564957 0.106265 -0.165541 -0.040777 0.060356
237.137000 0.560643 0.106820 -0.167805 -0.041754 0.060343
239.883000 0.556284 0.107368 -0.170087 -0.042751 0.060304
242.661000 0.551882 0.107908 -0.172385 -0.043769 0.060246
245.471000 0.547441 0.108440 -0.174702 -0.044809 0.060173
248.313000 0.542964 0.108963 -0.177038 -0.045870 0.060091
251.189000 0.538453 0.109477 -0.179392 -0.046953 0.060004
254.097000 0.533910 0.109982 -0.181767 -0.048058 0.059913
257.040000 0.529333 0.110477 -0.184158 -0.049186 0.059817
260.016000 0.524719 0.110962 -0.186562 -0.050337 0.059714
263.027000 0.520065 0.111437 -0.188975 -0.051511 0.059600
266.073000 0.515370 0.111901 -0.191391 -0.052709 0.059476
269.153000 0.510632 0.112353 -0.193806 -0.053931 0.059346
272.270000 0.505853 0.112794 -0.196218 -0.055177 0.059216
275.423000 0.501037 0.113223 -0.198627 -0.056448 0.059094
278.612000 0.496188 0.113640 -0.201033 -0.057744 0.058986
281.838000 0.491310 0.114045 -0.203442 -0.059067 0.058897
285.102000 0.486406 0.114438 -0.205854 -0.060416 0.058823
288.403000 0.481477 0.114817 -0.208276 -0.061793 0.058755
291.743000 0.476518 0.115184 -0.210706 -0.063199 0.058684
295.121000 0.471526 0.115538 -0.213146 -0.064633 0.058597
298.538000 0.466497 0.115879 -0.215593 -0.066096 0.058490
301.995000 0.461431 0.116205 -0.218045 -0.067588 0.058363
305.492000 0.456332 0.116517 -0.220499 -0.069110 0.058224
309.030000 0.451203 0.116814 -0.222954 -0.070663 0.058083
312.608000 0.446052 0.117097 -0.225411 -0.072245 0.057949
316.228000 0.440881 0.117364 -0.227870 -0.073859 0.057828
319.890000 0.435693 0.117617 -0.230329 -0.075505 0.057716
323.594000 0.430484 0.117854 -0.232791 -0.077183 0.057607
327.341000 0.425251 0.118076 -0.235252 -0.078894 0.057488
331.131000 0.419993 0.118283 -0.237711 -0.080638 0.057352
334.965000 0.414710 0.118474 -0.240169 -0.082416 0.057197
338.844000 0.409404 0.118649 -0.242625 -0.084227 0.057028
342.768000 0.404080 0.118806 -0.245078 -0.086071 0.056851
346.737000 0.398746 0.118947 -0.247527 -0.087948 0.056670
350.752000 0.393400 0.119071 -0.249974 -0.089859 0.056486
354.813000 0.388044 0.119177 -0.252411 -0.091803 0.056296
358.922000 0.382674 0.119266 -0.254835 -0.093779 0.056092
363.078000 0.377286 0.119337 -0.257243 -0.095789 0.055869
367.282000 0.371883 0.119391 -0.259630 -0.097832 0.055627
371.535000 0.366468 0.119425 -0.262001 -0.099906 0.055367
375.837000 0.361046 0.119441 -0.264356 -0.102012 0.055089
380.189000 0.355621 0.119437 -0.266700 -0.104148 0.054792
384.592000 0.350192 0.119413 -0.269028 -0.106314 0.054469
389.045000 0.344753 0.119369 -0.271338 -0.108510 0.054109
393.550000 0.339304 0.119304 -0.273624 -0.110734 0.053703
398.107000 0.333841 0.119219 -0.275885 -0.112986 0.053248
402.717000 0.328370 0.119111 -0.278122 -0.115265 0.052739
407.380000 0.322892 0.118981 -0.280338 -0.117569 0.052181
412.098000 0.317415 0.118829 -0.282534 -0.119898 0.051577
416.869000 0.311937 0.118652 -0.284697 -0.122250 0.050937
421.697000 0.306457 0.118452 -0.286814 -0.124625 0.050270
426.580000 0.300972 0.118227 -0.288872 -0.127023 0.049577
431.519000 0.295482 0.117978 -0.290882 -0.129441 0.048838
436.516000 0.289987 0.117703 -0.292865 -0.131877 0.048017
441.570000 0.284488 0.117402 -0.294847 -0.134331 0.047076
446.684000 0.278983 0.117073 -0.296820 -0.136803 0.046025
451.856000 0.273480 0.116716 -0.298724 -0.139288 0.044953
457.088000 0.267996 0.116330 -0.300442 -0.141785 0.044039
462.381000 0.262560 0.115915 -0.301837 -0.144285 0.043499
467.735000 0.257201 0.115471 -0.302797 -0.146777 0.043499
473.151000 0.251938 0.114999 -0.303276 -0.149249 0.044076
478.630000 0.246769 0.114499 -0.303297 -0.151681 0.045135
484.172000 0.241680 0.113971 -0.302919 -0.154065 0.046514
489.779000 0.236656 0.113416 -0.302189 -0.156387 0.048077
495.450000 0.231693 0.112833 -0.301130 -0.158639 0.049766
501.187000 0.226802 0.112222 -0.299740 -0.160815 0.051578
506.991000 0.221987 0.111583 -0.298025 -0.162903 0.053498
512.861000 0.217244 0.110918 -0.296010 -0.164898 0.055461
518.800000 0.212559 0.110224 -0.293727 -0.166793 0.057383
524.807000 0.207926 0.109504 -0.291200 -0.168581 0.059216
530.884000 0.203352 0.108756 -0.288435 -0.170261 0.060965
537.032000 0.198842 0.107982 -0.285439 -0.171827 0.062641
543.250000 0.194400 0.107181 -0.282228 -0.173275 0.064221
549.541000 0.190014 0.106356 -0.278830 -0.174607 0.065654
555.904000 0.185677 0.105505 -0.275265 -0.175820 0.066905
562.341000 0.181396 0.104631 -0.271542 -0.176911 0.067988
568.853000 0.177180 0.103734 -0.267667 -0.177883 0.068928
575.440000 0.173028 0.102814 -0.263654 -0.178733 0.069713
582.103000 0.168931 0.101873 -0.259522 -0.179461 0.070303
588.844000 0.164884 0.100909 -0.255284 -0.180065 0.070684
595.662000 0.160894 0.099925 -0.250945 -0.180543 0.070880
602.560000 0.156967 0.098919 -0.246504 -0.180894 0.070914
609.537000 0.153100 0.097893 -0.241978 -0.181117 0.070768
616.595000 0.149281 0.096846 -0.237379 -0.181212 0.070416
623.735000 0.145512 0.095778 -0.232713 -0.181178 0.069864
630.957000 0.141801 0.094690 -0.227982 -0.181013 0.069150
638.263000 0.138152 0.093583 -0.223193 -0.180718 0.068282
645.654000 0.134553 0.092456 -0.218360 -0.180294 0.067234
653.131000 0.131001 0.091310 -0.213489 -0.179740 0.066003
660.693000 0.127503 0.090143 -0.208579 -0.179055 0.064624
668.344000 0.124065 0.088957 -0.203634 -0.178237 0.063120
676.083000 0.120675 0.087750 -0.198664 -0.177289 0.061472
683.912000 0.117330 0.086524 -0.193678 -0.176211 0.059674
691.831000 0.114034 0.085277 -0.188675 -0.175003 0.057760
699.842000 0.110792 0.084009 -0.183652 -0.173661 0.055754
707.946000 0.107595 0.082719 -0.178620 -0.172188 0.053642
716.143000 0.104437 0.081407 -0.173587 -0.170583 0.051419
724.436000 0.101325 0.080072 -0.168552 -0.168849 0.049121
732.825000 0.098263 0.078716 -0.163515 -0.166986 0.046770
741.310000 0.095242 0.077338 -0.158489 -0.164995 0.044348
749.894000 0.092258 0.075938 -0.153477 -0.162878 0.041859
758.578000 0.089321 0.074517 -0.148477 -0.160636 0.039342
767.361000 0.086429 0.073074 -0.143495 -0.158269 0.036805
776.247000 0.083571 0.071609 -0.138539 -0.155781 0.034226
785.236000 0.080753 0.070124 -0.133610 -0.153173 0.031631
794.328000 0.077982 0.068620 -0.128712 -0.150449 0.029050
803.526000 0.075252 0.067099 -0.123857 -0.147615 0.026470
812.831000 0.072563 0.065564 -0.119052 -0.144678 0.023890
822.243000 0.069924 0.064017 -0.114301 -0.141643 0.021347
831.764000 0.067335 0.062459 -0.109608 -0.138515 0.018844
841.395000 0.064787 0.060893 -0.104982 -0.135301 0.016366
851.138000 0.062289 0.059319 -0.100426 -0.132004 0.013942
860.994000 0.059846 0.057740 -0.095941 -0.128633 0.011589
870.964000 0.057447 0.056158 -0.091538 -0.125193 0.009285
881.049000 0.055097 0.054575 -0.087218 -0.121691 0.007049
891.251000 0.052806 0.052994 -0.082986 -0.118136 0.004904
901.571000 0.050565 0.051419 -0.078852 -0.114537 0.002828
912.011000 0.048379 0.049852 -0.074819 -0.110904 0.000832
922.571000 0.046255 0.048297 -0.070889 -0.107246 -0.001060
933.254000 0.044186 0.046756 -0.067070 -0.103574 -0.002872
944.061000 0.042174 0.045232 -0.063365 -0.099898 -0.004594
954.993000 0.040226 0.043727 -0.059773 -0.096225 -0.006206
966.051000 0.038333 0.042243 -0.056300 -0.092564 -0.007733
977.237000 0.036499 0.040783 -0.052947 -0.088924 -0.009163
988.553000 0.034728 0.039346 -0.049712 -0.085312 -0.010485
1000.000000 0.033008 0.037934 -0.046598 -0.081733 -0.011725
1011.580000 0.031347 0.036549 -0.043604 -0.078195 -0.012861
1023.290000 0.029745 0.035190 -0.040728 -0.074704 -0.013895
1035.140000 0.028192 0.033859 -0.037972 -0.071266 -0.014842
1047.130000 0.026699 0.032554 -0.035331 -0.067886 -0.015675
1059.250000 0.025257 0.031277 -0.032807 -0.064570 -0.016416
1071.520000 0.023867 0.030029 -0.030398 -0.061324 -0.017061
1083.930000 0.022534 0.028809 -0.028100 -0.058154 -0.017597
1096.480000 0.021250 0.027619 -0.025916 -0.055066 -0.018052
1109.170000 0.020022 0.026460 -0.023842 -0.052064 -0.018404
1122.020000 0.018845 0.025332 -0.021880 -0.049154 -0.018676
1135.010000 0.017718 0.024237 -0.020028 -0.046342 -0.018868
1148.150000 0.016644 0.023174 -0.018283 -0.043629 -0.018976
1161.450000 0.015615 0.022143 -0.016645 -0.041016 -0.019026
1174.900000 0.014636 0.021142 -0.015109 -0.038503 -0.018996
1188.500000 0.013698 0.020171 -0.013675 -0.036088 -0.018914
1202.260000 0.012804 0.019228 -0.012338 -0.033769 -0.018766
1216.190000 0.011950 0.018312 -0.011094 -0.031545 -0.018565
1230.270000 0.011133 0.017422 -0.009939 -0.029411 -0.018315
1244.510000 0.010355 0.016555 -0.008869 -0.027367 -0.018009
1258.930000 0.009608 0.015713 -0.007883 -0.025409 -0.017667
1273.500000 0.008897 0.014893 -0.006976 -0.023535 -0.017273
1288.250000 0.008215 0.014096 -0.006147 -0.021743 -0.016851
1303.170000 0.007567 0.013321 -0.005390 -0.020032 -0.016385
1318.260000 0.006944 0.012568 -0.004703 -0.018400 -0.015899
1333.520000 0.006351 0.011838 -0.004081 -0.016845 -0.015378
1348.960000 0.005782 0.011131 -0.003524 -0.015366 -0.014844
1364.580000 0.005241 0.010447 -0.003026 -0.013962 -0.014283
1380.380000 0.004722 0.009785 -0.002588 -0.012632 -0.013718
1396.370000 0.004228 0.009145 -0.002204 -0.011375 -0.013133
1412.540000 0.003753 0.008527 -0.001873 -0.010188 -0.012547
1428.890000 0.003300 0.007929 -0.001589 -0.009068 -0.011945
1445.440000 0.002863 0.007350 -0.001352 -0.008013 -0.011344
1462.180000 0.002447 0.006789 -0.001156 -0.007021 -0.010731
1479.110000 0.002045 0.006246 -0.001001 -0.006089 -0.010123
1496.240000 0.001661 0.005721 -0.000881 -0.005216 -0.009508
1513.560000 0.001291 0.005213 -0.000794 -0.004402 -0.008903
1531.090000 0.000937 0.004723 -0.000734 -0.003644 -0.008302
1548.820000 0.000598 0.004251 -0.000699 -0.002942 -0.007711
1566.750000 0.000274 0.003798 -0.000682 -0.002295 -0.007133
1584.890000 -0.000031 0.003365 -0.000680 -0.001704 -0.006562
1603.250000 -0.000319 0.002955 -0.000689 -0.001169 -0.006012
1621.810000 -0.000586 0.002567 -0.000705 -0.000690 -0.005473
1640.590000 -0.000832 0.002205 -0.000726 -0.000268 -0.004954
1659.590000 -0.001055 0.001868 -0.000749 0.000100 -0.004451
1678.800000 -0.001252 0.001558 -0.000773 0.000416 -0.003966
1698.240000 -0.001427 0.001276 -0.000795 0.000682 -0.003505
1717.910000 -0.001576 0.001021 -0.000812 0.000902 -0.003059
1737.800000 -0.001701 0.000793 -0.000822 0.001081 -0.002635
1757.920000 -0.001804 0.000592 -0.000827 0.001224 -0.002234
1778.280000 -0.001884 0.000417 -0.000823 0.001337 -0.001854
1798.870000 -0.001947 0.000267 -0.000809 0.001425 -0.001502
1819.700000 -0.001993 0.000142 -0.000783 0.001493 -0.001176
1840.770000 -0.002022 0.000039 -0.000744 0.001548 -0.000869
1862.090000 -0.002039 -0.000042 -0.000694 0.001594 -0.000588
1883.650000 -0.002044 -0.000103 -0.000636 0.001636 -0.000331
1905.460000 -0.002039 -0.000145 -0.000573 0.001679 -0.000095
1927.520000 -0.002027 -0.000171 -0.000509 0.001725 0.000117
1949.840000 -0.002011 -0.000183 -0.000447 0.001775 0.000304
1972.420000 -0.001991 -0.000182 -0.000389 0.001829 0.000471
1995.260000 -0.001972 -0.000171 -0.000335 0.001887 0.000611
2018.370000 -0.001955 -0.000152 -0.000290 0.001947 0.000720
2041.740000 -0.001943 -0.000127 -0.000256 0.002008 0.000801
2065.380000 -0.001936 -0.000099 -0.000234 0.002071 0.000858
2089.300000 -0.001935 -0.000068 -0.000228 0.002134 0.000895
2113.490000 -0.001939 -0.000037 -0.000236 0.002196 0.000917
2137.960000 -0.001948 -0.000008 -0.000259 0.002255 0.000929
2162.720000 -0.001962 0.000018 -0.000297 0.002310 0.000937
2187.760000 -0.001979 0.000041 -0.000349 0.002359 0.000941
2213.090000 -0.001999 0.000060 -0.000415 0.002398 0.000947
2238.720000 -0.002020 0.000075 -0.000490 0.002423 0.000957
2264.640000 -0.002042 0.000087 -0.000571 0.002431 0.000977
2290.870000 -0.002063 0.000095 -0.000647 0.002419 0.001012
2317.390000 -0.002082 0.000101 -0.000713 0.002384 0.001067
2344.230000 -0.002096 0.000103 -0.000765 0.002327 0.001145
2371.370000 -0.002105 0.000102 -0.000797 0.002248 0.001245
2398.830000 -0.002108 0.000097 -0.000808 0.002147 0.001363
2426.610000 -0.002106 0.000090 -0.000795 0.002027 0.001495
2454.710000 -0.002095 0.000079 -0.000759 0.001892 0.001640
2483.130000 -0.002077 0.000066 -0.000698 0.001744 0.001793
2511.890000 -0.002052 0.000050 -0.000615 0.001585 0.001949
2540.970000 -0.002019 0.000033 -0.000513 0.001417 0.002101
2570.400000 -0.001980 0.000013 -0.000397 0.001242 0.002243
2600.160000 -0.001935 -0.000009 -0.000270 0.001062 0.002372
2630.270000 -0.001885 -0.000031 -0.000130 0.000883 0.002489
2660.730000 -0.001829 -0.000054 0.000026 0.000708 0.002598
2691.530000 -0.001769 -0.000075 0.000201 0.000544 0.002709
2722.700000 -0.001705 -0.000095 0.000388 0.000398 0.002815
2754.230000 -0.001642 -0.000111 0.000575 0.000273 0.002898
2786.120000 -0.001583 -0.000123 0.000749 0.000174 0.002948
2818.380000 -0.001527 -0.000130 0.000900 0.000097 0.002971
2851.020000 -0.001475 -0.000131 0.001023 0.000043 0.002970
2884.030000 -0.001429 -0.000126 0.001108 0.000008 0.002936
2917.430000 -0.001394 -0.000113 0.001152 -0.000010 0.002860
2951.210000 -0.001370 -0.000094 0.001153 -0.000013 0.002738
2985.380000 -0.001359 -0.000069 0.001116 -0.000004 0.002573
3019.950000 -0.001361 -0.000038 0.001054 0.000015 0.002377
3054.920000 -0.001375 -0.000004 0.000979 0.000039 0.002155
3090.300000 -0.001400 0.000030 0.000892 0.000066 0.001910
3126.080000 -0.001436 0.000061 0.000784 0.000092 0.001635
3162.280000 -0.001484 0.000085 0.000648 0.000111 0.001321
3198.900000 -0.001540 0.000099 0.000488 0.000115 0.000981
3235.940000 -0.001597 0.000102 0.000316 0.000099 0.000638
3273.410000 -0.001650 0.000097 0.000141 0.000063 0.000304
3311.310000 -0.001695 0.000082 -0.000038 0.000007 -0.000017
3349.650000 -0.001728 0.000060 -0.000209 -0.000067 -0.000322
3388.440000 -0.001746 0.000032 -0.000363 -0.000158 -0.000600
3427.680000 -0.001746 -0.000000 -0.000492 -0.000264 -0.000843
3467.370000 -0.001731 -0.000037 -0.000590 -0.000382 -0.001050
3507.520000 -0.001700 -0.000075 -0.000647 -0.000504 -0.001215
3548.130000 -0.001654 -0.000114 -0.000651 -0.000622 -0.001329
3589.220000 -0.001596 -0.000154 -0.000589 -0.000730 -0.001377
3630.780000 -0.001524 -0.000193 -0.000458 -0.000822 -0.001357
3672.820000 -0.001444 -0.000230 -0.000264 -0.000897 -0.001280
3715.350000 -0.001356 -0.000265 -0.000020 -0.000954 -0.001159
3758.370000 -0.001260 -0.000297 0.000256 -0.000996 -0.001003
3801.890000 -0.001151 -0.000325 0.000546 -0.001020 -0.000813
3845.920000 -0.001031 -0.000346 0.000825 -0.001019 -0.000619
3890.450000 -0.000910 -0.000357 0.001068 -0.000981 -0.000470
3935.500000 -0.000799 -0.000355 0.001251 -0.000894 -0.000411
3981.070000 -0.000711 -0.000340 0.001352 -0.000756 -0.000478
4027.170000 -0.000654 -0.000315 0.001360 -0.000572 -0.000665
4073.800000 -0.000632 -0.000283 0.001272 -0.000354 -0.000950
4120.980000 -0.000650 -0.000249 0.001092 -0.000120 -0.001321
4168.690000 -0.000712 -0.000219 0.000808 0.000112 -0.001778
4216.970000 -0.000815 -0.000194 0.000414 0.000322 -0.002307
4265.800000 -0.000948 -0.000173 -0.000076 0.000499 -0.002862
4315.190000 -0.001099 -0.000155 -0.000632 0.000637 -0.003395
4365.160000 -0.001256 -0.000140 -0.001201 0.000736 -0.003859
4415.700000 -0.001407 -0.000127 -0.001734 0.000803 -0.004200
4466.840000 -0.001540 -0.000117 -0.002182 0.000845 -0.004361
4518.560000 -0.001642 -0.000107 -0.002506 0.000873 -0.004299
4570.880000 -0.001700 -0.000096 -0.002675 0.000898 -0.003975
4623.810000 -0.001705 -0.000081 -0.002656 0.000933 -0.003354
4677.350000 -0.001654 -0.000058 -0.002433 0.000987 -0.002446
4731.510000 -0.001555 -0.000028 -0.002031 0.001063 -0.001332
4786.300000 -0.001416 0.000008 -0.001499 0.001155 -0.000096
4841.720000 -0.001246 0.000045 -0.000890 0.001255 0.001180
4897.790000 -0.001056 0.000080 -0.000266 0.001350 0.002412
4954.500000 -0.000863 0.000111 0.000317 0.001426 0.003506
5011.870000 -0.000685 0.000134 0.000816 0.001472 0.004390
5069.910000 -0.000534 0.000146 0.001203 0.001472 0.005034
5128.610000 -0.000418 0.000146 0.001453 0.001409 0.005412
5188.000000 -0.000343 0.000135 0.001569 0.001271 0.005533
5248.070000 -0.000303 0.000114 0.001571 0.001054 0.005446
5308.840000 -0.000291 0.000087 0.001490 0.000774 0.005201
5370.320000 -0.000298 0.000056 0.001361 0.000459 0.004838
5432.500000 -0.000319 0.000017 0.001208 0.000135 0.004379
5495.410000 -0.000354 -0.000028 0.001036 -0.000178 0.003830
5559.040000 -0.000397 -0.000076 0.000845 -0.000459 0.003211
5623.410000 -0.000435 -0.000121 0.000655 -0.000685 0.002573
5688.530000 -0.000466 -0.000156 0.000474 -0.000832 0.001931
5754.400000 -0.000495 -0.000180 0.000289 -0.000900 0.001278
5821.030000 -0.000525 -0.000196 0.000095 -0.000909 0.000619
5888.440000 -0.000553 -0.000206 -0.000092 -0.000879 -0.000011
5956.620000 -0.000578 -0.000210 -0.000249 -0.000822 -0.000575
6025.600000 -0.000587 -0.000208 -0.000371 -0.000761 -0.001029
6095.370000 -0.000574 -0.000199 -0.000462 -0.000713 -0.001340
6165.950000 -0.000537 -0.000187 -0.000512 -0.000696 -0.001497
6237.350000 -0.000483 -0.000170 -0.000489 -0.000704 -0.001509
6309.570000 -0.000422 -0.000150 -0.000372 -0.000727 -0.001412
6382.630000 -0.000361 -0.000131 -0.000181 -0.000766 -0.001264
6456.540000 -0.000291 -0.000119 0.000048 -0.000802 -0.001096
6531.310000 -0.000209 -0.000112 0.000262 -0.000808 -0.000960
6606.930000 -0.000122 -0.000109 0.000409 -0.000756 -0.000906
6683.440000 -0.000054 -0.000108 0.000448 -0.000647 -0.001004
6760.830000 -0.000025 -0.000109 0.000373 -0.000498 -0.001285
6839.120000 -0.000033 -0.000105 0.000203 -0.000319 -0.001677
6918.310000 -0.000074 -0.000092 -0.000068 -0.000129 -0.002142
6998.420000 -0.000139 -0.000070 -0.000403 0.000033 -0.002614
7079.460000 -0.000210 -0.000046 -0.000721 0.000146 -0.002997
7161.430000 -0.000261 -0.000018 -0.000916 0.000236 -0.003136
7244.360000 -0.000277 0.000008 -0.000935 0.000342 -0.002914
7328.250000 -0.000250 0.000034 -0.000812 0.000473 -0.002320
7413.100000 -0.000194 0.000057 -0.000581 0.000610 -0.001438
7498.940000 -0.000126 0.000073 -0.000282 0.000710 -0.000433
7585.780000 -0.000063 0.000075 0.000023 0.000724 0.000493
7673.610000 -0.000010 0.000056 0.000283 0.000619 0.001175
7762.470000 0.000052 0.000022 0.000478 0.000409 0.001578
7852.360000 0.000139 -0.000011 0.000602 0.000149 0.001747
7943.280000 0.000238 -0.000031 0.000670 -0.000095 0.001702
8035.260000 0.000313 -0.000033 0.000711 -0.000269 0.001478
8128.310000 0.000328 -0.000031 0.000728 -0.000342 0.001133
8222.430000 0.000294 -0.000046 0.000662 -0.000344 0.000733
8317.640000 0.000237 -0.000080 0.000448 -0.000329 0.000276
8413.950000 0.000184 -0.000120 0.000113 -0.000314 -0.000216
8511.380000 0.000133 -0.000155 -0.000225 -0.000291 -0.000744
8609.940000 0.000078 -0.000178 -0.000469 -0.000257 -0.001260
8709.640000 0.000046 -0.000189 -0.000549 -0.000223 -0.001637
8810.490000 0.000072 -0.000186 -0.000441 -0.000172 -0.001786
8912.510000 0.000151 -0.000151 -0.000247 -0.000068 -0.001774
9015.710000 0.000236 -0.000077 -0.000081 0.000142 -0.001668
9120.110000 0.000260 0.000008 -0.000084 0.000476 -0.001592
9225.710000 0.000184 0.000069 -0.000413 0.000885 -0.001605
9332.540000 0.000023 0.000108 -0.000973 0.001260 -0.001501
9440.610000 -0.000157 0.000137 -0.001458 0.001477 -0.000987
9549.930000 -0.000251 0.000155 -0.001511 0.001468 0.000134
9660.510000 -0.000162 0.000161 -0.000901 0.001332 0.001866
9772.370000 0.000124 0.000154 0.000161 0.001228 0.003874
9885.530000 0.000471 0.000146 0.001256 0.001210 0.005574
