# s W_0 W_1 W_2 W_3 W_4 W_5 W_6 W_7 W_8
0.101165 0.000000 0.000000 0.000000 0.000000 0.000000 0.000000 0.000000 0.000000 0.000000
0.103521 0.000000 0.000000 0.000000 0.000000 0.000000 0.000000 0.000000 0.000000 0.000000
0.105932 0.000000 0.000000 0.000000 0.000000 0.000000 0.000000 0.000000 0.000000 0.000000
0.108400 0.000000 0.000000 0.000000 0.000000 0.000000 0.000000 0.000000 0.000000 0.000000
0.110925 0.000000 0.000000 0.000000 0.000000 0.000000 0.000000 0.000000 0.000000 0.000000
0.113509 0.000000 0.000000 0.000000 0.000000 0.000000 0.000000 0.000000 0.000000 0.000000
0.116153 0.000000 0.000000 0.000000 0.000000 0.000000 0.000000 0.000000 0.000000 0.000000
0.118858 0.000000 0.000000 0.000000 0.000000 0.000000 0.000000 0.000000 0.000000 0.000000
0.121627 0.000000 0.000000 0.000000 0.000000 0.000000 0.000000 0.000000 0.000000 0.000000
0.124460 0.000000 0.000000 0.000000 0.000000 0.000000 0.000000 0.000000 0.000000 0.000000
0.127359 0.000000 0.000000 0.000000 0.000000 0.000000 0.000000 0.000000 0.000000 0.000000
0.130325 0.000000 0.000000 0.000000 0.000000 0.000000 0.000000 0.000000 0.000000 0.000000
0.133361 0.000000 0.000000 0.000000 0.000000 0.000000 0.000000 0.000000 0.000000 0.000000
0.136467 0.000000 0.000000 0.000000 0.000000 0.000000 0.000000 0.000000 0.000000 0.000000
0.139646 0.000000 0.000000 0.000000 0.000000 0.000000 0.000000 0.000000 0.000000 0.000000
0.142899 0.000000 0.000000 0.000000 0.000000 0.000000 0.000000 0.000000 0.000000 0.000000
0.146227 0.000000 0.000000 0.000000 0.000000 0.000000 0.000000 0.000000 0.000000 0.000000
0.149633 0.000000 0.000000 0.000000 0.000000 0.000000 0.000000 0.000000 0.000000 0.000000
0.153119 0.000000 0.000000 0.000000 0.000000 0.000000 0.000000 0.000000 0.000000 0.000000
0.156685 0.000000 0.000000 0.000000 0.000000 0.000000 0.000000 0.000000 0.000000 0.000000
0.160335 0.000000 0.000000 0.000000 0.000000 0.000000 0.000000 0.000000 0.000000 0.000000
0.164070 5.371342 0.000808 -6.756390 -0.000486 -6.094246 -0.015210 77.213500 0.037339 -87.630900
0.167892 0.000000 0.000000 0.000000 0.000000 0.000000 0.000000 0.000000 0.000000 0.000000
0.171802 6.357926 0.000102 28.132525 0.001285 36.751443 0.015380 99.693200 0.028934 3.829850
0.175804 0.000000 0.000000 0.000000 0.000000 0.000000 0.000000 0.000000 0.000000 0.000000
0.179899 0.000000 0.000000 0.000000 0.000000 0.000000 0.000000 0.000000 0.000000 0.000000
0.184089 0.000000 0.000000 0.000000 0.000000 0.000000 0.000000 0.000000 0.000000 0.000000
0.188377 3.134736 0.000425 0.846262 0.001260 -11.657903 -0.014078 23.001500 -0.003595 45.301200
0.192765 0.000000 0.000000 0.000000 0.000000 0.000000 0.000000 0.000000 0.000000 0.000000
0.197255 0.000000 0.000000 0.000000 0.000000 0.000000 0.000000 0.000000 0.000000 0.000000
0.201850 0.000000 0.000000 0.000000 0.000000 0.000000 0.000000 0.000000 0.000000 0.000000
0.206552 0.000000 0.000000 0.000000 0.000000 0.000000 0.000000 0.000000 0.000000 0.000000
0.211363 5.523024 0.000561 12.293410 0.004224 -12.469641 0.007343 -101.157000 -0.041373 4.896330
0.216286 0.000000 0.000000 0.000000 0.000000 0.000000 0.000000 0.000000 0.000000 0.000000
0.221324 2.888768 0.000655 -3.383037 -0.000262 -3.954259 -0.013637 43.266200 0.030463 -44.080700
0.226479 0.000000 0.000000 0.000000 0.000000 0.000000 0.000000 0.000000 0.000000 0.000000
0.231755 3.779358 0.000693 1.304626 0.002175 -14.217158 -0.022633 23.902600 -0.008954 58.863700
0.237153 3.115830 0.000573 -0.161200 0.001268 -10.738371 -0.019355 34.949400 0.005751 26.523200
0.242677 3.778192 0.000802 -1.311310 -0.000009 -2.719102 -0.000652 -11.616900 0.001090 -16.505300
0.248330 0.000000 0.000000 0.000000 0.000000 0.000000 0.000000 0.000000 0.000000 0.000000
0.254114 3.201680 0.000499 2.783198 -0.000198 7.501645 0.014856 -25.284400 0.003150 -40.710700
0.260033 5.057100 0.000831 3.861573 0.001397 -4.090398 -0.015196 47.471100 0.018062 7.072880
0.266090 1.952807 0.000600 -3.830108 -0.001346 2.253805 0.001564 5.860890 0.011140 -22.973500
0.272288 0.000000 0.000000 0.000000 0.000000 0.000000 0.000000 0.000000 0.000000 0.000000
0.278631 0.000000 0.000000 0.000000 0.000000 0.000000 0.000000 0.000000 0.000000 0.000000
0.285121 1.590017 0.000453 -3.906085 -0.001541 5.058131 0.010566 -20.972300 -0.015483 21.755300
0.291762 1.799451 0.000450 -2.660358 -0.000503 -0.884517 -0.005906 21.784400 0.019211 -31.887700
0.298558 1.881338 0.000690 -3.903535 -0.001730 2.988343 0.004789 -0.102548 0.006342 -14.993600
0.305512 2.436605 0.000517 -0.364070 0.000693 -5.536749 -0.010237 13.704800 0.007357 -5.091620
0.312629 0.887376 0.000288 -2.185440 -0.000982 2.847267 0.006788 -11.927100 -0.010073 12.566300
0.319911 0.759276 0.000202 -0.540660 0.000135 -1.847313 -0.005847 11.960900 0.007910 -5.016150
0.327362 0.835393 0.000028 3.554737 0.000349 4.109549 0.003918 7.050330 0.006545 -8.139310
0.334988 0.754911 0.000270 -1.862258 -0.000924 2.435827 0.006424 -10.271100 -0.009611 10.928800
0.342791 1.710590 0.000554 -3.104709 -0.001135 2.213021 0.004522 -8.900570 -0.010538 18.481800
0.350775 1.056021 0.000415 -2.472974 -0.001306 2.841869 0.007703 -9.501430 -0.008723 6.751440
0.358946 3.476265 0.000605 6.151072 -0.001435 19.267043 0.020284 38.566100 -0.009424 73.508900
0.367307 0.000000 0.000000 0.000000 0.000000 0.000000 0.000000 0.000000 0.000000 0.000000
0.375862 0.360353 0.000029 1.311529 0.000309 0.768588 0.002615 -3.686490 0.002104 -9.207370
0.384617 1.135486 0.000380 -1.389386 -0.000219 -1.074591 -0.005856 12.175000 0.012276 -12.118600
0.393576 0.942569 0.000328 -0.663381 0.000008 -1.242958 -0.004069 4.936820 0.005634 -4.685210
0.402744 1.455120 0.000280 2.891318 0.000972 1.351411 0.009235 -15.305900 0.005340 -29.698400
0.412125 0.405750 0.000167 -0.796705 -0.000376 0.471636 0.000450 1.195150 0.003078 -4.747600
0.421724 0.719815 0.000243 -0.468788 0.000163 -1.602766 -0.006022 8.786700 0.006943 -2.989120
0.431548 0.571813 0.000150 0.497979 -0.000282 2.286665 0.004035 1.456730 0.000911 0.613003
0.441600 0.283479 0.000138 -0.703144 -0.000478 0.931817 0.003379 -4.014520 -0.005189 4.407560
0.451886 1.356353 0.000459 -0.197871 0.000063 -0.587966 -0.000606 -1.129280 0.006386 -13.240400
0.462412 1.770601 0.000747 -1.110955 -0.000108 -1.372191 -0.002115 -3.045250 -0.004601 3.180380
0.473183 1.098683 0.000500 -2.029358 -0.001036 1.101670 0.001733 0.971717 0.002423 -3.366910
0.484204 1.135524 0.000598 -1.434912 -0.001274 1.662259 0.008158 -8.251330 -0.004339 -3.974440
0.495483 1.294801 0.000600 -1.369313 -0.000411 -1.082940 -0.004062 4.695950 -0.000767 6.946910
0.507024 1.555604 0.000570 0.835928 0.000772 -1.545443 -0.007093 6.265200 0.003288 3.779020
0.518834 1.403108 0.000606 -0.727466 -0.000659 0.984914 0.002258 1.840170 0.001246 -1.471270
0.530920 1.437120 0.000521 0.729951 0.000110 0.688662 0.006525 -9.214590 -0.005059 -3.532240
0.543286 1.697377 0.000649 -0.049327 0.000497 -2.061876 -0.005269 1.684550 0.001454 -0.867573
0.555941 0.615484 0.000197 0.681994 0.000286 0.043963 -0.000029 0.683743 -0.007458 11.996300
0.568891 1.067088 0.000355 1.171221 0.000447 0.678270 -0.000132 3.629010 0.008599 -8.043590
0.582142 1.268509 0.000587 0.081656 0.000905 -2.309314 -0.009160 3.214180 -0.001036 3.329660
0.595702 1.157422 0.000590 -0.575524 -0.000177 -0.349579 -0.004721 6.502640 0.009886 -4.002320
0.609577 0.730339 0.000277 0.645501 0.000403 -0.063222 -0.000184 0.087582 0.002304 -3.122870
0.623776 0.970410 0.000434 0.028271 -0.000138 0.395749 -0.002791 7.986390 0.003066 6.816510
0.638306 1.260635 0.000733 -1.249405 -0.000991 0.663577 0.004827 -4.422730 -0.001565 -4.390300
0.653174 0.882281 0.000491 -0.416041 -0.000209 -0.414809 -0.000067 -1.316670 -0.003384 2.469840
0.668388 1.282319 0.000603 0.699712 0.000195 0.590318 0.004330 -4.154310 0.005912 -10.955200
0.683957 0.789005 0.000371 0.188825 0.000252 -0.353800 -0.002879 2.701690 -0.001354 6.154340
0.699888 0.581391 0.000358 -0.553501 -0.000464 0.267814 0.003522 -4.346950 -0.006906 2.578220
0.716191 1.296036 0.000753 -0.341051 -0.000352 0.250526 0.001900 -3.419870 0.000061 -3.823480
0.732873 0.846867 0.000447 0.067818 0.000208 -0.380960 -0.002621 2.459190 0.001804 0.329578
0.749944 1.410003 0.000730 0.633932 -0.000696 2.786806 0.005068 6.953190 -0.002634 11.200800
0.767412 1.496787 0.000929 -0.649908 -0.000039 -1.105549 -0.005962 3.562390 -0.000263 4.433180
0.785288 0.677220 0.000476 -0.579620 -0.000644 0.481810 0.000422 2.204480 -0.001560 4.664260
0.803579 0.966987 0.000559 0.095017 0.000368 -1.003334 -0.002326 -1.773270 -0.005795 3.845010
0.822297 0.937668 0.000633 -0.613510 -0.000188 -0.520721 -0.004154 3.259210 0.003674 0.055195
0.841451 0.873648 0.000601 -0.317504 0.000328 -1.240525 -0.005354 0.168519 -0.004726 4.582040
0.861051 0.719665 0.000480 0.170022 0.000049 0.153919 0.001252 -1.048500 -0.001544 -0.257560
0.881107 0.975716 0.000672 -0.177188 0.000058 -0.479876 -0.003964 2.968520 0.010368 -6.216090
0.901631 1.100837 0.000717 0.185747 -0.000238 0.762262 0.005020 -2.761500 -0.002659 -0.865214
0.922633 1.093456 0.000653 0.978138 0.000322 1.142308 0.002479 2.135110 0.001692 1.113050
0.944123 1.353662 0.000956 0.161810 -0.000026 0.236602 0.004270 -3.756410 -0.007577 0.319114
0.966115 1.442144 0.001023 0.321858 0.000338 -0.204300 -0.000196 -0.893198 -0.001634 0.631348
0.988619 0.915905 0.000662 0.111871 -0.000061 0.480609 0.004413 -2.261120 -0.000709 -2.771560
1.011650 1.444056 0.001166 -0.273652 -0.000931 1.297701 0.005945 0.441741 0.003366 -2.539160
1.035210 1.082338 0.000875 -0.144883 -0.000670 0.779815 0.005460 -1.431310 0.000052 -2.844340
1.059320 0.921257 0.000781 -0.496664 -0.000390 0.014616 0.000108 -0.112175 -0.003819 2.547070
1.084000 1.107849 0.000868 0.170964 -0.000019 0.436167 0.001136 0.917037 -0.002950 3.356210
1.109250 0.867642 0.000661 0.315874 0.000440 -0.270381 -0.001108 -0.282867 0.001266 -1.191850
1.135090 0.965696 0.000841 -0.106043 0.000274 -0.661379 -0.001738 -1.889930 -0.005358 1.713030
1.161530 0.881465 0.000731 0.183075 0.000552 -0.505154 0.000741 -3.499690 -0.007378 -0.013198
1.188580 0.947343 0.000771 0.230896 0.000371 -0.129467 0.000031 -0.580850 -0.002066 1.053360
1.216270 1.306563 0.001217 0.015193 0.000692 -0.824638 -0.007574 2.065660 0.002171 0.929837
1.244600 1.095643 0.001054 -0.092365 -0.000209 0.155109 0.000372 0.350960 -0.006432 4.756480
1.273590 1.346846 0.001194 0.476825 0.000696 -0.370504 -0.001302 0.318665 -0.005741 3.033730
1.303250 0.953397 0.000829 0.554679 0.000270 0.590755 0.003762 0.053308 0.002177 -1.035690
1.333610 0.953899 0.000927 0.191283 0.000240 -0.160006 -0.000766 -0.049169 -0.001617 1.074320
1.364670 1.039408 0.001041 0.068246 -0.000085 0.365114 0.003085 -0.542746 0.007260 -4.901610
1.396460 1.157574 0.001238 -0.220223 -0.000865 0.832518 0.006325 -0.156515 0.003285 -2.686300
1.428990 1.125656 0.001148 0.285733 -0.000084 0.615322 0.004743 -0.707866 -0.000976 -0.310214
1.462270 0.874266 0.001019 -0.195684 -0.000448 0.174105 0.003812 -1.745890 -0.001598 -1.718110
1.496330 0.885404 0.000999 0.080934 -0.000190 0.390603 0.002033 0.581350 0.010192 -4.188430
1.531190 1.067783 0.001231 -0.079785 0.000030 -0.122725 -0.002543 1.062800 -0.001737 2.299210
1.566850 1.188190 0.001408 0.022076 0.000401 -0.432359 -0.004320 0.776927 0.001960 -0.049045
1.603350 0.989457 0.001158 0.225082 0.000134 0.158751 0.003342 -1.425900 -0.003278 -0.137678
1.640700 1.113233 0.001406 -0.070467 -0.000083 -0.162564 -0.001661 0.551268 -0.000246 0.822868
1.678920 0.926416 0.001160 0.090987 0.000515 -0.389453 -0.005284 1.353240 0.003143 0.367844
1.718020 1.152591 0.001462 0.095751 0.000274 -0.158319 -0.002364 0.933109 0.002113 0.128559
1.758040 1.057852 0.001415 0.002418 0.000249 -0.294812 -0.000120 -1.367560 -0.007097 1.075800
1.798990 1.059173 0.001418 0.120790 0.000363 -0.216200 -0.001852 0.176380 0.000782 -0.246577
1.840890 1.082739 0.001431 0.162430 0.000337 -0.066658 0.001650 -1.285580 -0.006251 1.110230
1.883770 1.042288 0.001457 0.106727 0.000421 -0.205165 -0.000899 -0.573895 -0.002924 0.409796
1.927650 1.014122 0.001384 0.273991 0.000200 0.295238 0.002252 0.266674 -0.001292 0.814551
1.972550 1.013506 0.001521 -0.085960 -0.000135 0.009930 -0.003543 1.776620 0.008800 -1.247560
2.018500 1.024801 0.001484 0.301861 0.000447 0.039500 -0.000584 0.380719 0.003604 -0.691767
2.065520 1.113366 0.001699 0.168075 -0.000239 0.441839 0.005182 -0.402384 -0.000244 -0.610435
2.113630 0.957599 0.001533 -0.018397 -0.000252 0.193460 0.001559 0.182552 -0.001107 0.685489
2.162860 0.923961 0.001458 0.155540 0.000293 0.001753 -0.002527 1.251160 0.005148 -0.285517
2.213240 1.025796 0.001774 -0.230146 -0.000163 -0.280547 -0.003116 0.167384 0.000629 0.045051
2.264790 0.983631 0.001642 0.057996 0.000013 0.137645 0.001101 0.370485 0.002708 -0.699363
2.317550 1.050694 0.001820 0.048797 -0.000208 0.229920 0.002099 0.378621 -0.002160 1.259100
2.371530 1.098513 0.001945 0.056058 -0.000116 0.226568 0.003226 -0.463878 -0.006619 1.493350
2.426770 1.042662 0.001903 0.021509 -0.000260 0.252676 0.003673 -0.521242 -0.001511 -0.158967
2.483300 0.979803 0.001806 0.052828 0.000361 -0.160457 -0.000972 -0.499730 -0.002353 0.122517
2.541140 1.005930 0.001949 -0.055482 -0.000329 0.138099 -0.000836 0.982483 0.010342 -1.831020
2.600330 1.065653 0.002079 -0.002620 -0.000225 0.189395 0.002391 -0.060740 0.003670 -1.127740
2.660900 0.957485 0.001895 0.054044 -0.000020 0.090110 0.000668 0.197457 -0.002095 0.836489
2.722880 1.072763 0.002139 0.148221 0.000545 -0.109259 -0.001481 -0.066901 0.002210 -0.563329
2.786310 1.021947 0.002214 -0.134409 -0.000440 0.073278 0.002305 -0.497023 -0.008087 1.519430
2.851210 1.042985 0.002273 -0.030509 -0.000097 0.010184 0.001037 -0.239569 -0.001849 0.147961
2.917620 1.031889 0.002220 0.088966 0.000541 -0.185997 -0.002401 0.054628 0.002426 -0.697877
2.985580 1.043579 0.002370 -0.052794 -0.000641 0.338439 0.006057 -0.587797 -0.000924 -0.434720
3.055120 1.076946 0.002497 -0.033988 -0.000029 -0.030979 -0.000295 0.067615 -0.002021 0.514109
3.126290 1.027920 0.002414 0.005899 -0.000215 0.137545 0.004319 -0.837368 -0.001821 -0.641828
3.199110 1.052688 0.002606 -0.117086 -0.000083 -0.166989 -0.002661 0.055997 0.001284 -0.278905
3.273620 1.044770 0.002625 -0.084724 -0.000099 -0.047113 -0.000418 -0.093058 0.001437 -0.575881
3.349880 1.020030 0.002548 0.057718 0.000168 -0.003670 0.002574 -0.957873 -0.005771 0.333595
3.427910 1.063936 0.002768 -0.030291 -0.000309 0.111333 0.000848 0.405441 0.001721 0.104241
3.507750 0.963645 0.002588 -0.050058 0.000070 -0.149508 -0.002638 0.121172 -0.002823 0.737702
3.589460 1.004826 0.002662 0.083246 0.000198 0.054421 0.000299 0.088379 0.000762 -0.000459
3.673070 0.980115 0.002723 -0.019997 -0.000044 -0.001879 -0.000024 0.002136 0.001738 -0.412883
3.758620 1.050298 0.002957 0.011381 0.000015 0.004826 0.000977 -0.347026 -0.003288 0.332832
3.846170 1.014423 0.002924 0.008500 0.000309 -0.130360 0.000130 -0.738298 -0.007959 0.666127
3.935760 1.006866 0.002882 0.169502 0.000571 0.002820 0.000394 -0.057231 0.002115 -0.438529
4.027440 1.018383 0.003062 0.048729 0.000128 0.018255 0.000599 -0.057850 -0.000375 -0.012167
4.121250 1.045361 0.003236 -0.010859 -0.000112 0.041191 0.001007 -0.030875 -0.002183 0.288530
4.217240 1.048787 0.003319 0.025875 0.000015 0.015071 0.003400 -0.801179 -0.004837 0.013625
4.315480 1.000988 0.003217 0.053618 -0.000003 0.094845 0.001538 0.165332 0.002474 -0.318457
4.416000 1.037053 0.003412 0.066391 0.000254 -0.014494 -0.000425 -0.021909 0.001233 -0.128388
4.518860 0.977609 0.003302 0.017897 0.000140 -0.023177 0.000008 -0.150343 -0.001031 -0.009019
4.624120 1.045540 0.003645 -0.012484 -0.000099 0.015590 0.000125 0.039905 0.000660 -0.014605
4.731830 1.020320 0.003638 -0.006326 -0.000091 0.009273 0.000225 0.054744 0.000070 0.088689
4.842040 1.037669 0.003773 0.008315 0.000366 -0.119966 -0.002197 -0.110871 0.000481 -0.295065
4.954830 1.033180 0.003796 0.059106 0.000125 0.061220 0.004307 -0.546100 -0.005044 0.033785
5.070240 1.010294 0.003885 -0.047603 -0.000226 -0.000450 0.000909 -0.190404 -0.002356 0.078746
5.188340 0.994963 0.003860 0.021922 0.000083 0.014360 0.000284 0.008584 0.001916 -0.302270
5.309200 0.994529 0.003932 0.058235 0.000235 0.013191 0.000763 -0.104176 -0.001295 0.048514
5.432860 0.992091 0.004111 -0.047619 -0.000180 -0.011656 -0.001844 0.264974 0.002184 0.043605
5.559410 1.000044 0.004140 0.043924 -0.000054 0.096579 0.002591 0.033080 0.003124 -0.463228
5.688910 1.004378 0.004306 -0.004366 0.000065 -0.026999 -0.001801 0.201347 0.001087 0.130674
5.821420 0.986522 0.004409 -0.085803 -0.000498 0.010049 0.001190 -0.150155 -0.001708 0.043081
5.957020 0.992503 0.004450 0.005280 0.000114 -0.032895 -0.002014 0.219080 0.002527 -0.063266
6.095770 1.013693 0.004638 0.024447 0.000090 0.009206 -0.000645 0.159911 0.005667 -0.508386
6.237760 1.017312 0.004710 0.063985 0.000442 -0.027293 -0.001772 0.204024 0.001038 0.119730
6.383060 0.981043 0.004689 0.018500 0.000113 0.001693 0.001751 -0.282602 -0.002949 -0.019008
6.531740 1.016666 0.005006 -0.016700 0.000137 -0.073845 -0.001601 -0.107914 -0.000833 0.014200
6.683880 0.997988 0.004966 0.050803 0.000264 0.018400 0.001483 -0.181265 -0.000687 -0.169292
6.839570 1.010916 0.005191 0.020613 0.000143 -0.001686 -0.000911 0.149204 0.003719 -0.232456
6.998880 1.006790 0.005331 -0.021173 -0.000068 -0.013153 -0.000818 0.042178 0.001561 -0.124864
7.161910 0.989774 0.005307 0.029781 0.000228 -0.009708 -0.001361 0.162338 0.001811 0.019200
7.328730 1.005168 0.005559 -0.008611 0.000133 -0.043464 -0.003273 0.253914 0.001288 0.210785
7.499440 0.980994 0.005551 -0.014906 -0.000209 0.027623 0.000345 0.094647 0.001053 0.002154
7.674120 1.006402 0.005798 0.018919 -0.000027 0.033953 0.000637 0.087287 0.000702 0.027961
7.852880 0.997928 0.005860 0.033383 0.000134 0.027626 0.000398 0.076836 -0.000090 0.124341
8.035790 0.996436 0.005986 0.031443 0.000086 0.033285 0.000978 0.052685 0.001222 -0.103455
8.222970 1.006090 0.006195 0.026421 -0.000034 0.056248 0.001417 0.091040 0.002055 -0.072721
8.414510 1.007240 0.006381 -0.004423 -0.000219 0.047946 0.002194 -0.037668 -0.001735 0.127739
8.610510 0.991128 0.006447 -0.024767 -0.000350 0.041803 0.001717 -0.011286 -0.000593 0.041826
8.811070 0.997464 0.006643 -0.019814 -0.000352 0.049092 0.000762 0.135658 0.000770 0.100787
9.016310 1.004747 0.006822 0.003833 -0.000066 0.016861 0.000565 0.041909 -0.000807 0.108265
9.226330 1.005561 0.007003 -0.008330 -0.000032 -0.012156 -0.001478 0.115829 0.001935 -0.021596
9.441230 1.005024 0.007132 0.008012 -0.000052 0.026734 0.000765 0.051524 0.002711 -0.175023
9.661150 0.984105 0.007136 0.013850 0.000094 0.009942 -0.001402 0.198306 0.002744 0.027131
9.886190 0.986153 0.007335 0.001436 -0.000148 0.038997 0.002181 -0.062835 -0.001175 0.004295
10.116500 0.987889 0.007547 -0.019559 -0.000283 0.023143 0.000656 0.046610 0.000136 0.060291
10.352100 0.988871 0.007725 -0.012161 -0.000194 0.022025 0.000885 0.007937 0.000237 0.015177
10.593200 0.996933 0.007972 -0.014393 -0.000065 -0.013760 -0.000676 0.016711 0.002771 -0.195498
10.840000 0.995208 0.008097 0.017251 0.000119 0.006917 0.000339 -0.006889 0.000567 -0.041118
11.092500 0.999803 0.008305 0.021355 0.000277 -0.007127 0.000373 -0.083974 -0.001826 0.029237
11.350900 0.988364 0.008450 -0.002578 -0.000115 0.018171 0.000801 0.016458 -0.000565 0.048035
11.615300 0.988193 0.008649 -0.008195 -0.000191 0.023041 0.001298 -0.016264 0.001165 -0.090133
11.885800 0.998891 0.008946 -0.005953 -0.000219 0.031613 0.001581 -0.009009 -0.002123 0.140553
12.162700 0.992964 0.009091 0.000231 -0.000028 0.010163 0.000010 0.033094 0.000326 0.021138
12.446000 0.989392 0.009280 -0.007074 -0.000202 0.019195 0.000116 0.086426 0.000907 0.059033
12.735900 0.979437 0.009419 -0.015263 -0.000309 0.022532 0.000600 0.067802 0.003765 -0.139224
13.032500 0.986284 0.009677 -0.001794 -0.000108 0.019813 0.000821 0.021204 -0.000050 0.028805
13.336100 0.987428 0.009899 0.004104 -0.000071 0.017859 -0.000065 0.103684 0.001339 0.041999
13.646700 0.988535 0.010148 -0.000300 -0.000095 0.015037 0.000962 0.002181 -0.001600 0.087911
13.964600 0.989075 0.010419 -0.007008 -0.000042 -0.008616 0.000120 -0.060473 -0.001795 0.033938
14.289900 0.977636 0.010511 -0.000749 -0.000028 0.002728 0.000740 -0.036674 -0.000336 -0.039261
14.622700 0.986091 0.010840 0.006279 -0.000012 0.012419 0.001395 -0.039060 -0.002012 0.051615
14.963300 0.982969 0.011101 -0.010135 -0.000235 0.012749 0.000764 0.008431 -0.000064 0.013781
15.311900 0.982264 0.011327 -0.003512 -0.000096 0.006073 0.000691 -0.013983 -0.000945 0.039346
15.668500 0.985744 0.011631 -0.000714 -0.000249 0.029676 0.002375 -0.012446 -0.002536 0.114610
16.033500 0.981678 0.011873 -0.008559 -0.000074 -0.006684 -0.000256 -0.017107 -0.001420 0.042405
16.407000 0.979714 0.012097 -0.003221 -0.000008 -0.002358 -0.001120 0.069897 0.000062 0.092181
16.789200 0.971302 0.012290 -0.006023 -0.000181 0.013232 0.000438 0.035171 0.001079 -0.007438
17.180200 0.977026 0.012650 -0.006540 -0.000136 0.005269 -0.000066 0.037148 0.000554 0.023366
17.580400 0.975122 0.012921 -0.006772 -0.000260 0.019598 0.001772 -0.004211 -0.002456 0.095003
17.989900 0.976554 0.013258 -0.011025 -0.000297 0.013089 0.000862 0.008244 -0.001405 0.072477
18.408900 0.973079 0.013500 -0.003801 -0.000103 0.002907 0.000507 -0.005137 0.001390 -0.071044
18.837700 0.971457 0.013776 -0.001254 -0.000097 0.009944 0.000695 0.005719 0.000346 0.002460
19.276500 0.966566 0.014056 -0.009099 -0.000403 0.025511 0.002381 -0.007677 0.000388 -0.022944
19.725500 0.969735 0.014403 -0.001451 -0.000194 0.017531 0.002733 -0.064699 -0.003703 0.062685
20.185000 0.968875 0.014751 -0.007835 -0.000272 0.012210 0.001544 -0.015163 -0.001389 0.035076
20.655200 0.968940 0.015078 -0.003493 -0.000220 0.016358 0.001299 0.015313 0.000116 0.012327
21.136300 0.963249 0.015351 -0.007971 -0.000211 0.006613 0.000536 0.006625 -0.000521 0.024153
21.628600 0.967733 0.015773 -0.004379 -0.000163 0.007440 0.000261 0.024109 0.001417 -0.023918
22.132400 0.966127 0.016090 0.001169 -0.000098 0.011179 0.000754 0.022405 -0.000558 0.049036
22.647900 0.962018 0.016434 -0.008738 -0.000274 0.010288 0.001146 -0.006435 -0.000766 0.017554
23.175500 0.962804 0.016823 -0.007331 -0.000315 0.016360 0.001955 -0.012333 -0.001292 0.032614
23.715300 0.962698 0.017175 0.002196 -0.000115 0.015779 0.002217 -0.023250 -0.001674 0.023292
24.267700 0.959747 0.017554 -0.004592 -0.000287 0.015717 0.001953 -0.004995 -0.000424 0.005926
24.833000 0.958999 0.017962 -0.009032 -0.000345 0.014269 0.001020 0.024816 0.000114 0.023686
25.411400 0.958280 0.018367 -0.008965 -0.000448 0.021374 0.002683 -0.010020 -0.001602 0.033388
26.003300 0.956883 0.018759 -0.007076 -0.000231 0.006622 0.001403 -0.026114 -0.001349 0.012573
26.609000 0.954995 0.019136 -0.002443 -0.000276 0.017568 0.002647 -0.019492 -0.001524 0.023025
27.228800 0.954198 0.019597 -0.009389 -0.000399 0.014468 0.001782 -0.002977 -0.000482 0.012004
27.863100 0.950289 0.019945 -0.003477 -0.000291 0.015843 0.002550 -0.025829 -0.001893 0.026379
28.512100 0.949003 0.020420 -0.012449 -0.000560 0.018548 0.002340 0.003679 -0.002683 0.079197
29.176200 0.946239 0.020829 -0.011269 -0.000585 0.021784 0.002933 -0.001731 -0.000875 0.024377
29.855800 0.947403 0.021337 -0.008087 -0.000445 0.016616 0.002326 -0.005038 -0.001021 0.024031
30.551200 0.946608 0.021836 -0.013680 -0.000654 0.019197 0.002536 0.005488 -0.001167 0.041500
31.262900 0.943424 0.022272 -0.014178 -0.000632 0.016869 0.002426 -0.001488 -0.001013 0.021364
31.991100 0.942724 0.022742 -0.007432 -0.000486 0.018571 0.002536 0.006463 -0.001240 0.040579
32.736200 0.939575 0.023212 -0.010595 -0.000545 0.016088 0.002730 -0.014120 -0.001287 0.015553
33.498800 0.938433 0.023732 -0.013158 -0.000628 0.016240 0.003212 -0.026465 -0.003421 0.047238
34.279100 0.936268 0.024243 -0.015147 -0.000829 0.022447 0.003175 0.011285 -0.001311 0.048886
35.077500 0.936197 0.024786 -0.012349 -0.000749 0.022472 0.003906 -0.009780 -0.002042 0.033388
35.894600 0.932644 0.025272 -0.012629 -0.000705 0.018727 0.003099 -0.001685 -0.001622 0.035933
36.730700 0.932159 0.025844 -0.012411 -0.000773 0.021482 0.003524 0.000687 -0.000981 0.026608
37.586200 0.928950 0.026367 -0.013919 -0.000830 0.020222 0.003717 -0.005746 -0.001315 0.022830
38.461700 0.928068 0.026968 -0.015068 -0.000948 0.023829 0.004123 0.001936 -0.000774 0.020628
39.357600 0.925944 0.027543 -0.017375 -0.001094 0.026898 0.005318 -0.017044 -0.002473 0.031364
40.274400 0.924127 0.028111 -0.014349 -0.000957 0.023493 0.005499 -0.031948 -0.004064 0.041200
41.212500 0.922524 0.028748 -0.018891 -0.001077 0.020066 0.003980 -0.007429 -0.002401 0.037889
42.172400 0.918892 0.029286 -0.017190 -0.001102 0.023524 0.004747 -0.006717 -0.001719 0.025418
43.154800 0.917473 0.029929 -0.017790 -0.001196 0.025876 0.005465 -0.012639 -0.002023 0.022772
44.160000 0.916508 0.030595 -0.018322 -0.001240 0.025000 0.005629 -0.012464 -0.002821 0.033832
45.188600 0.913448 0.031228 -0.021472 -0.001447 0.026802 0.006922 -0.034537 -0.002758 0.005936
46.241200 0.911294 0.031875 -0.020331 -0.001358 0.024703 0.005512 -0.011174 -0.002643 0.035058
47.318300 0.909273 0.032544 -0.020519 -0.001414 0.025014 0.005816 -0.009647 -0.002223 0.024539
48.420400 0.906574 0.033228 -0.022996 -0.001628 0.027626 0.006248 -0.002142 -0.001739 0.027086
49.548300 0.904448 0.033917 -0.022463 -0.001600 0.026067 0.006563 -0.014878 -0.002907 0.027956
50.702400 0.902614 0.034638 -0.023030 -0.001733 0.028973 0.007680 -0.020636 -0.004419 0.043765
51.883400 0.899785 0.035355 -0.025082 -0.001832 0.027722 0.006802 -0.004820 -0.002150 0.028824
53.092000 0.898356 0.036129 -0.026357 -0.001975 0.028789 0.007595 -0.012490 -0.003598 0.038540
54.328600 0.895168 0.036847 -0.026810 -0.001999 0.027639 0.007863 -0.021476 -0.004263 0.035706
55.594100 0.891593 0.037567 -0.027903 -0.002158 0.029527 0.008194 -0.015365 -0.003886 0.038326
56.889100 0.890159 0.038376 -0.027594 -0.002123 0.027358 0.007608 -0.011859 -0.004132 0.045877
58.214200 0.887202 0.039151 -0.028414 -0.002278 0.029408 0.008881 -0.022050 -0.004430 0.034547
59.570200 0.884715 0.039944 -0.027529 -0.002303 0.030123 0.008998 -0.016314 -0.004573 0.041651
60.957700 0.882075 0.040790 -0.031739 -0.002603 0.030625 0.010063 -0.027957 -0.005103 0.032325
62.377600 0.878818 0.041592 -0.031989 -0.002660 0.030117 0.009488 -0.017527 -0.005664 0.052695
63.830600 0.876165 0.042441 -0.032813 -0.002807 0.031587 0.010129 -0.018477 -0.005288 0.046455
65.317400 0.873230 0.043292 -0.033263 -0.002879 0.030822 0.010050 -0.016042 -0.004679 0.038954
66.838800 0.870214 0.044177 -0.035535 -0.003158 0.033201 0.011214 -0.018248 -0.005953 0.048733
68.395700 0.867371 0.045070 -0.036883 -0.003338 0.033630 0.011345 -0.014071 -0.004832 0.041039
69.988800 0.863967 0.045953 -0.037409 -0.003403 0.032593 0.011931 -0.025371 -0.006253 0.041100
71.619100 0.861425 0.046900 -0.038761 -0.003662 0.034775 0.013334 -0.029537 -0.007799 0.048261
73.287300 0.857671 0.047798 -0.039677 -0.003799 0.034650 0.013073 -0.022482 -0.006276 0.040396
74.994400 0.854381 0.048749 -0.041785 -0.004025 0.034834 0.013551 -0.025041 -0.006169 0.035571
76.741200 0.851199 0.049711 -0.042454 -0.004234 0.036683 0.015152 -0.033407 -0.009022 0.051899
78.528800 0.847510 0.050664 -0.043236 -0.004406 0.036888 0.014854 -0.022616 -0.007530 0.049058
80.357900 0.844103 0.051663 -0.045154 -0.004641 0.036787 0.015105 -0.021883 -0.007728 0.048982
82.229700 0.840406 0.052659 -0.046800 -0.004923 0.038037 0.015829 -0.020644 -0.006714 0.039700
84.145100 0.836706 0.053673 -0.048294 -0.005129 0.037536 0.016537 -0.027866 -0.008490 0.045049
86.105100 0.833167 0.054716 -0.049879 -0.005429 0.039124 0.016757 -0.018553 -0.008534 0.056126
88.110700 0.829548 0.055783 -0.051937 -0.005814 0.041041 0.018430 -0.024430 -0.008526 0.046684
90.163100 0.825669 0.056831 -0.052556 -0.005991 0.040900 0.019181 -0.028969 -0.009565 0.047477
92.263300 0.821679 0.057906 -0.054559 -0.006240 0.039703 0.018715 -0.023942 -0.010443 0.059637
94.412300 0.817396 0.058967 -0.055519 -0.006584 0.042220 0.020379 -0.026041 -0.010272 0.053787
96.611500 0.813241 0.060063 -0.056952 -0.006905 0.042916 0.021160 -0.026032 -0.010297 0.052184
98.861900 0.809017 0.061183 -0.058933 -0.007235 0.042832 0.021533 -0.024724 -0.010607 0.053162
101.165000 0.805223 0.062343 -0.060289 -0.007571 0.043540 0.022889 -0.030514 -0.012157 0.055718
103.521000 0.800785 0.063486 -0.062565 -0.008014 0.044615 0.023900 -0.029987 -0.012407 0.056245
105.932000 0.796071 0.064622 -0.064267 -0.008410 0.045466 0.024794 -0.029378 -0.012538 0.055753
108.400000 0.791679 0.065814 -0.066783 -0.008867 0.045651 0.025409 -0.028861 -0.012827 0.056164
110.925000 0.786938 0.066974 -0.068012 -0.009204 0.045744 0.026572 -0.034119 -0.014448 0.058885
113.509000 0.782294 0.068181 -0.070066 -0.009693 0.046724 0.027842 -0.035757 -0.014923 0.057727
116.153000 0.777463 0.069385 -0.071860 -0.010168 0.047588 0.029080 -0.036529 -0.015340 0.057163
118.858000 0.772467 0.070594 -0.073800 -0.010666 0.048406 0.030097 -0.035735 -0.016211 0.061418
121.627000 0.767590 0.071837 -0.076191 -0.011209 0.048933 0.031422 -0.038390 -0.017160 0.061065
124.460000 0.762349 0.073064 -0.078136 -0.011724 0.049249 0.032511 -0.039957 -0.018147 0.062810
127.359000 0.757214 0.074320 -0.080250 -0.012259 0.049580 0.033407 -0.039708 -0.018575 0.063175
130.325000 0.751811 0.075571 -0.082444 -0.012890 0.050597 0.035129 -0.042052 -0.019476 0.062963
133.361000 0.746305 0.076839 -0.085133 -0.013596 0.051673 0.037016 -0.044874 -0.021078 0.065622
136.467000 0.740880 0.078131 -0.087668 -0.014295 0.052463 0.038507 -0.045933 -0.021685 0.064654
139.646000 0.735137 0.079402 -0.089996 -0.014953 0.052800 0.039732 -0.046816 -0.022551 0.065483
142.899000 0.729509 0.080717 -0.092802 -0.015736 0.053578 0.041852 -0.051603 -0.024866 0.068728
146.227000 0.723471 0.081996 -0.095459 -0.016513 0.054158 0.042625 -0.047073 -0.024272 0.068548
149.633000 0.717552 0.083310 -0.098198 -0.017332 0.054719 0.044694 -0.051615 -0.026580 0.071047
153.119000 0.711324 0.084596 -0.100538 -0.018094 0.054971 0.045748 -0.049899 -0.026811 0.070513
156.685000 0.705102 0.085917 -0.103698 -0.019047 0.055683 0.048062 -0.054316 -0.028586 0.070296
160.335000 0.698728 0.087216 -0.106036 -0.019895 0.056224 0.049478 -0.053189 -0.028884 0.069115
164.070000 0.692234 0.088525 -0.108972 -0.020867 0.056775 0.051428 -0.055295 -0.030598 0.070968
167.892000 0.685689 0.089850 -0.112007 -0.021888 0.057276 0.053106 -0.055124 -0.031390 0.070946
171.802000 0.678943 0.091159 -0.115035 -0.022969 0.058077 0.055526 -0.057995 -0.033317 0.071937
175.804000 0.672012 0.092480 -0.118830 -0.024170 0.058298 0.057303 -0.059523 -0.034891 0.073189
179.899000 0.664895 0.093762 -0.121817 -0.025321 0.058972 0.059788 -0.062036 -0.037065 0.074709
184.089000 0.658016 0.095099 -0.125091 -0.026552 0.059501 0.061663 -0.061379 -0.037836 0.074634
188.377000 0.650711 0.096388 -0.128429 -0.027820 0.059775 0.063769 -0.062701 -0.039494 0.075132
192.765000 0.643317 0.097678 -0.132138 -0.029215 0.060306 0.066230 -0.064550 -0.040965 0.074089
197.255000 0.635820 0.098965 -0.135767 -0.030642 0.060714 0.068555 -0.065683 -0.042782 0.074980
201.850000 0.628162 0.100242 -0.139684 -0.032164 0.060984 0.070969 -0.067618 -0.044445 0.074340
206.552000 0.620361 0.101504 -0.143669 -0.033729 0.060999 0.073270 -0.069542 -0.046418 0.074034
211.363000 0.612416 0.102756 -0.147876 -0.035410 0.061134 0.075648 -0.071058 -0.048291 0.073956
216.286000 0.604312 0.103982 -0.152001 -0.037114 0.061080 0.077972 -0.072774 -0.050548 0.074791
221.324000 0.595952 0.105178 -0.156447 -0.038978 0.061249 0.080333 -0.072909 -0.051949 0.074310
226.479000 0.587500 0.106353 -0.160708 -0.040865 0.061313 0.082910 -0.073996 -0.054038 0.074286
231.755000 0.578993 0.107528 -0.165374 -0.042885 0.061209 0.085275 -0.074669 -0.055996 0.074298
237.153000 0.570286 0.108668 -0.170089 -0.044972 0.060926 0.087561 -0.075514 -0.058156 0.074679
242.677000 0.561422 0.109773 -0.174795 -0.047138 0.060657 0.089832 -0.075787 -0.060110 0.074705
248.330000 0.552354 0.110832 -0.179505 -0.049403 0.060502 0.092411 -0.076377 -0.062573 0.075522
254.114000 0.543169 0.111870 -0.184432 -0.051756 0.059952 0.094452 -0.076039 -0.064388 0.075115
260.033000 0.533692 0.112837 -0.189290 -0.054212 0.059627 0.096963 -0.076299 -0.066401 0.074409
266.090000 0.524220 0.113789 -0.194204 -0.056766 0.059223 0.099252 -0.075502 -0.068077 0.073842
272.288000 0.514550 0.114681 -0.199040 -0.059413 0.058950 0.101971 -0.075404 -0.070271 0.073660
278.631000 0.504644 0.115509 -0.203940 -0.062163 0.058530 0.104347 -0.074126 -0.072141 0.073684
285.121000 0.494697 0.116304 -0.208853 -0.065070 0.058451 0.107418 -0.073215 -0.073957 0.072736
291.762000 0.484658 0.117058 -0.213816 -0.068118 0.058440 0.110607 -0.071725 -0.075802 0.072321
298.558000 0.474435 0.117736 -0.218641 -0.071213 0.058221 0.113998 -0.071500 -0.078103 0.071084
305.512000 0.464098 0.118361 -0.223575 -0.074457 0.057978 0.117070 -0.069644 -0.079259 0.069041
312.629000 0.453668 0.118927 -0.228460 -0.077858 0.058039 0.121153 -0.069144 -0.081319 0.067064
319.911000 0.443174 0.119442 -0.233332 -0.081348 0.057821 0.125399 -0.069614 -0.083963 0.064714
327.362000 0.432581 0.119894 -0.238270 -0.084999 0.057656 0.129340 -0.068287 -0.085395 0.061939
334.988000 0.421927 0.120282 -0.243064 -0.088769 0.057604 0.134044 -0.067961 -0.087449 0.058754
342.791000 0.411188 0.120602 -0.247872 -0.092667 0.057390 0.138807 -0.067756 -0.089341 0.054804
350.775000 0.400344 0.120836 -0.252545 -0.096666 0.057148 0.143770 -0.067407 -0.091650 0.051560
358.946000 0.389545 0.121033 -0.257270 -0.100844 0.056891 0.149264 -0.067614 -0.094290 0.047664
367.307000 0.378617 0.121136 -0.261995 -0.105166 0.056558 0.154921 -0.067811 -0.096901 0.043570
375.862000 0.367718 0.121179 -0.266537 -0.109586 0.056157 0.160729 -0.067760 -0.099524 0.039443
384.617000 0.356732 0.121133 -0.271106 -0.114168 0.055665 0.166743 -0.067683 -0.102112 0.034851
393.576000 0.345752 0.121014 -0.275559 -0.118815 0.054823 0.172708 -0.068289 -0.105172 0.029822
402.744000 0.334688 0.120797 -0.279980 -0.123604 0.053840 0.178701 -0.068575 -0.108459 0.025135
412.125000 0.323683 0.120510 -0.284214 -0.128465 0.052681 0.184775 -0.069064 -0.111864 0.020077
421.724000 0.312630 0.120127 -0.288424 -0.133466 0.051327 0.190511 -0.068624 -0.115013 0.015384
431.548000 0.301566 0.119644 -0.292446 -0.138550 0.049825 0.196591 -0.068663 -0.119117 0.010719
441.600000 0.290499 0.119059 -0.296290 -0.143672 0.047981 0.202173 -0.068465 -0.122782 0.005533
451.886000 0.279410 0.118360 -0.299965 -0.148825 0.045772 0.207432 -0.068496 -0.126917 0.000138
462.412000 0.268422 0.117555 -0.303003 -0.154035 0.044137 0.212424 -0.063995 -0.130589 -0.000382
473.183000 0.257731 0.116623 -0.304251 -0.159205 0.044762 0.218401 -0.048791 -0.132639 0.009350
484.204000 0.247386 0.115585 -0.303798 -0.164206 0.047011 0.225871 -0.027601 -0.130750 0.020402
495.483000 0.237356 0.114436 -0.301829 -0.168939 0.050246 0.235571 -0.005040 -0.124815 0.027419
507.024000 0.227579 0.113166 -0.298536 -0.173351 0.053994 0.247797 0.016347 -0.115722 0.029025
518.834000 0.218084 0.111787 -0.294047 -0.177337 0.057792 0.262334 0.035018 -0.104908 0.025496
530.920000 0.208837 0.110297 -0.288540 -0.180880 0.061391 0.278870 0.050610 -0.093057 0.018042
543.286000 0.199836 0.108704 -0.282144 -0.183945 0.064562 0.297205 0.063009 -0.081853 0.008012
555.941000 0.191064 0.107004 -0.274989 -0.186515 0.067194 0.317012 0.072436 -0.072193 -0.003251
568.891000 0.182531 0.105212 -0.267207 -0.188586 0.069185 0.337777 0.079471 -0.064666 -0.014697
582.142000 0.174231 0.103329 -0.258900 -0.190155 0.070478 0.359159 0.084705 -0.060082 -0.025748
595.702000 0.166169 0.101363 -0.250139 -0.191170 0.070978 0.380162 0.088826 -0.057925 -0.035721
609.577000 0.158352 0.099325 -0.241055 -0.191686 0.070744 0.400752 0.092358 -0.058727 -0.044648
623.776000 0.150752 0.097205 -0.231677 -0.191662 0.069762 0.420246 0.095846 -0.061979 -0.052499
638.306000 0.143379 0.095012 -0.222072 -0.191090 0.068033 0.438123 0.099720 -0.067515 -0.059493
653.174000 0.136209 0.092739 -0.212285 -0.189971 0.065628 0.454111 0.104260 -0.074854 -0.065886
668.388000 0.129247 0.090390 -0.202370 -0.188296 0.062581 0.467736 0.109685 -0.083538 -0.072007
683.957000 0.122472 0.087956 -0.192356 -0.186056 0.058959 0.478719 0.116095 -0.093022 -0.078154
699.888000 0.115874 0.085437 -0.182286 -0.183264 0.054840 0.486861 0.123523 -0.102687 -0.084550
716.191000 0.109439 0.082825 -0.172184 -0.179908 0.050291 0.491869 0.131901 -0.111917 -0.091358
732.873000 0.103165 0.080123 -0.162100 -0.176016 0.045404 0.493792 0.141118 -0.120494 -0.098887
749.944000 0.097053 0.077336 -0.152072 -0.171596 0.040254 0.492356 0.150934 -0.127561 -0.106840
767.412000 0.091078 0.074448 -0.142113 -0.166655 0.034932 0.487737 0.161158 -0.133102 -0.115462
785.288000 0.085265 0.071484 -0.132293 -0.161252 0.029522 0.479990 0.171538 -0.136713 -0.124546
803.579000 0.079606 0.068440 -0.122636 -0.155404 0.024105 0.469160 0.181737 -0.138111 -0.133750
822.297000 0.074117 0.065337 -0.113203 -0.149180 0.018763 0.455568 0.191555 -0.137294 -0.143020
841.451000 0.068796 0.062179 -0.104017 -0.142609 0.013566 0.439342 0.200668 -0.134125 -0.151936
861.051000 0.063676 0.058996 -0.095145 -0.135766 0.008580 0.420672 0.208740 -0.128516 -0.159967
881.107000 0.058744 0.055789 -0.086599 -0.128688 0.003865 0.399916 0.215575 -0.120728 -0.166983
901.631000 0.054024 0.052587 -0.078430 -0.121451 -0.000526 0.377360 0.220893 -0.110855 -0.172422
922.633000 0.049521 0.049401 -0.070660 -0.114111 -0.004549 0.353381 0.224550 -0.099248 -0.176178
944.123000 0.045260 0.046269 -0.063339 -0.106763 -0.008174 0.328363 0.226403 -0.086127 -0.177804
966.115000 0.041246 0.043206 -0.056481 -0.099470 -0.011380 0.302710 0.226422 -0.071916 -0.177272
988.619000 0.037485 0.040231 -0.050104 -0.092298 -0.014153 0.276850 0.224610 -0.057067 -0.174558
1011.650000 0.033971 0.037352 -0.044203 -0.085292 -0.016494 0.251111 0.221038 -0.041968 -0.169761
1035.210000 0.030697 0.034577 -0.038770 -0.078486 -0.018407 0.225790 0.215772 -0.026996 -0.162963
1059.320000 0.027655 0.031909 -0.033793 -0.071907 -0.019901 0.201141 0.208889 -0.012525 -0.154327
1084.000000 0.024847 0.029365 -0.029268 -0.065604 -0.021002 0.177423 0.200569 0.001172 -0.144020
1109.250000 0.022257 0.026940 -0.025169 -0.059580 -0.021727 0.154767 0.190889 0.013820 -0.132212
1135.090000 0.019884 0.024648 -0.021487 -0.053875 -0.022105 0.133415 0.180094 0.025155 -0.119273
1161.530000 0.017722 0.022494 -0.018205 -0.048518 -0.022178 0.113554 0.168505 0.035033 -0.105651
1188.580000 0.015752 0.020472 -0.015291 -0.043501 -0.021972 0.095237 0.156290 0.043333 -0.091663
1216.270000 0.013959 0.018572 -0.012717 -0.038814 -0.021516 0.078515 0.143653 0.049988 -0.077663
1244.600000 0.012325 0.016784 -0.010453 -0.034440 -0.020833 0.063391 0.130752 0.054968 -0.063951
1273.590000 0.010838 0.015105 -0.008476 -0.030377 -0.019952 0.049873 0.117771 0.058283 -0.050805
1303.250000 0.009484 0.013524 -0.006760 -0.026606 -0.018894 0.037931 0.104830 0.059954 -0.038447
1333.610000 0.008253 0.012040 -0.005285 -0.023122 -0.017687 0.027553 0.092117 0.060068 -0.027127
1364.670000 0.007138 0.010650 -0.004033 -0.019922 -0.016359 0.018710 0.079792 0.058724 -0.017045
1396.460000 0.006128 0.009347 -0.002985 -0.016996 -0.014935 0.011368 0.068031 0.056074 -0.008395
1428.990000 0.005216 0.008128 -0.002125 -0.014341 -0.013445 0.005470 0.057022 0.052338 -0.001298
1462.270000 0.004389 0.006984 -0.001431 -0.011936 -0.011908 0.000921 0.046866 0.047727 0.004216
1496.330000 0.003639 0.005910 -0.000887 -0.009768 -0.010346 -0.002386 0.037641 0.042452 0.008181
1531.190000 0.002961 0.004905 -0.000475 -0.007828 -0.008789 -0.004578 0.029405 0.036732 0.010690
1566.850000 0.002356 0.003978 -0.000178 -0.006118 -0.007272 -0.005798 0.022215 0.030812 0.011885
1603.350000 0.001823 0.003136 0.000019 -0.004639 -0.005833 -0.006207 0.016107 0.024936 0.011943
1640.700000 0.001367 0.002396 0.000136 -0.003399 -0.004520 -0.005986 0.011121 0.019385 0.011096
1678.920000 0.000990 0.001768 0.000189 -0.002395 -0.003371 -0.005328 0.007237 0.014401 0.009614
1718.020000 0.000691 0.001256 0.000197 -0.001618 -0.002412 -0.004425 0.004386 0.010183 0.007803
1758.040000 0.000461 0.000854 0.000176 -0.001042 -0.001647 -0.003438 0.002432 0.006818 0.005932
1798.990000 0.000294 0.000554 0.000141 -0.000638 -0.001070 -0.002497 0.001209 0.004314 0.004226
1840.890000 0.000178 0.000340 0.000101 -0.000369 -0.000657 -0.001687 0.000515 0.002564 0.002806
1883.770000 0.000100 0.000195 0.000066 -0.000200 -0.000376 -0.001051 0.000169 0.001414 0.001716
1927.650000 0.000052 0.000103 0.000039 -0.000099 -0.000197 -0.000591 0.000024 0.000707 0.000946
1972.550000 0.000024 0.000047 0.000020 -0.000042 -0.000089 -0.000286 -0.000018 0.000304 0.000446
2018.500000 0.000008 0.000017 0.000008 -0.000014 -0.000032 -0.000108 -0.000017 0.000101 0.000163
2065.520000 0.000002 0.000004 0.000002 -0.000003 -0.000007 -0.000027 -0.000007 0.000022 0.000039
2113.630000 0.000000 0.000000 0.000000 -0.000000 -0.000001 -0.000003 -0.000001 0.000002 0.000004
2162.860000 0.000000 0.000000 0.000000 -0.000000 -0.000000 -0.000000 -0.000000 0.000000 0.000000
2213.240000 0.000000 0.000000 0.000000 0.000000 0.000000 0.000000 0.000000 0.000000 0.000000
2264.790000 0.000000 0.000000 0.000000 0.000000 0.000000 0.000000 0.000000 0.000000 0.000000
2317.550000 0.000000 0.000000 0.000000 0.000000 0.000000 0.000000 0.000000 0.000000 0.000000
2371.530000 0.000000 0.000000 0.000000 0.000000 0.000000 0.000000 0.000000 0.000000 0.000000
2426.770000 0.000000 0.000000 0.000000 0.000000 0.000000 0.000000 0.000000 0.000000 0.000000
2483.300000 0.000000 0.000000 0.000000 0.000000 0.000000 0.000000 0.000000 0.000000 0.000000
2541.140000 0.000000 0.000000 0.000000 0.000000 0.000000 0.000000 0.000000 0.000000 0.000000
2600.330000 0.000000 0.000000 0.000000 0.000000 0.000000 0.000000 0.000000 0.000000 0.000000
2660.900000 0.000000 0.000000 0.000000 0.000000 0.000000 0.000000 0.000000 0.000000 0.000000
2722.880000 0.000000 0.000000 0.000000 0.000000 0.000000 0.000000 0.000000 0.000000 0.000000
2786.310000 0.000000 0.000000 0.000000 0.000000 0.000000 0.000000 0.000000 0.000000 0.000000
2851.210000 0.000000 0.000000 0.000000 0.000000 0.000000 0.000000 0.000000 0.000000 0.000000
2917.620000 0.000000 0.000000 0.000000 0.000000 0.000000 0.000000 0.000000 0.000000 0.000000
2985.580000 0.000000 0.000000 0.000000 0.000000 0.000000 0.000000 0.000000 0.000000 0.000000
3055.120000 0.000000 0.000000 0.000000 0.000000 0.000000 0.000000 0.000000 0.000000 0.000000
3126.290000 0.000000 0.000000 0.000000 0.000000 0.000000 0.000000 0.000000 0.000000 0.000000
3199.110000 0.000000 0.000000 0.000000 0.000000 0.000000 0.000000 0.000000 0.000000 0.000000
3273.620000 0.000000 0.000000 0.000000 0.000000 0.000000 0.000000 0.000000 0.000000 0.000000
3349.880000 0.000000 0.000000 0.000000 0.000000 0.000000 0.000000 0.000000 0.000000 0.000000
3427.910000 0.000000 0.000000 0.000000 0.000000 0.000000 0.000000 0.000000 0.000000 0.000000
3507.750000 0.000000 0.000000 0.000000 0.000000 0.000000 0.000000 0.000000 0.000000 0.000000
3589.460000 0.000000 0.000000 0.000000 0.000000 0.000000 0.000000 0.000000 0.000000 0.000000
3673.070000 0.000000 0.000000 0.000000 0.000000 0.000000 0.000000 0.000000 0.000000 0.000000
3758.620000 0.000000 0.000000 0.000000 0.000000 0.000000 0.000000 0.000000 0.000000 0.000000
3846.170000 0.000000 0.000000 0.000000 0.000000 0.000000 0.000000 0.000000 0.000000 0.000000
3935.760000 0.000000 0.000000 0.000000 0.000000 0.000000 0.000000 0.000000 0.000000 0.000000
4027.440000 0.000000 0.000000 0.000000 0.000000 0.000000 0.000000 0.000000 0.000000 0.000000
4121.250000 0.000000 0.000000 0.000000 0.000000 0.000000 0.000000 0.000000 0.000000 0.000000
4217.240000 0.000000 0.000000 0.000000 0.000000 0.000000 0.000000 0.000000 0.000000 0.000000
4315.480000 0.000000 0.000000 0.000000 0.000000 0.000000 0.000000 0.000000 0.000000 0.000000
4416.000000 0.000000 0.000000 0.000000 0.000000 0.000000 0.000000 0.000000 0.000000 0.000000
4518.860000 0.000000 0.000000 0.000000 0.000000 0.000000 0.000000 0.000000 0.000000 0.000000
4624.120000 0.000000 0.000000 0.000000 0.000000 0.000000 0.000000 0.000000 0.000000 0.000000
4731.830000 0.000000 0.000000 0.000000 0.000000 0.000000 0.000000 0.000000 0.000000 0.000000
4842.040000 0.000000 0.000000 0.000000 0.000000 0.000000 0.000000 0.000000 0.000000 0.000000
4954.830000 0.000000 0.000000 0.000000 0.000000 0.000000 0.000000 0.000000 0.000000 0.000000
5070.240000 0.000000 0.000000 0.000000 0.000000 0.000000 0.000000 0.000000 0.000000 0.000000
5188.340000 0.000000 0.000000 0.000000 0.000000 0.000000 0.000000 0.000000 0.000000 0.000000
5309.200000 0.000000 0.000000 0.000000 0.000000 0.000000 0.000000 0.000000 0.000000 0.000000
5432.860000 0.000000 0.000000 0.000000 0.000000 0.000000 0.000000 0.000000 0.000000 0.000000
5559.410000 0.000000 0.000000 0.000000 0.000000 0.000000 0.000000 0.000000 0.000000 0.000000
5688.910000 0.000000 0.000000 0.000000 0.000000 0.000000 0.000000 0.000000 0.000000 0.000000
5821.420000 0.000000 0.000000 0.000000 0.000000 0.000000 0.000000 0.000000 0.000000 0.000000
5957.020000 0.000000 0.000000 0.000000 0.000000 0.000000 0.000000 0.000000 0.000000 0.000000
6095.770000 0.000000 0.000000 0.000000 0.000000 0.000000 0.000000 0.000000 0.000000 0.000000
6237.760000 0.000000 0.000000 0.000000 0.000000 0.000000 0.000000 0.000000 0.000000 0.000000
6383.060000 0.000000 0.000000 0.000000 0.000000 0.000000 0.000000 0.000000 0.000000 0.000000
6531.740000 0.000000 0.000000 0.000000 0.000000 0.000000 0.000000 0.000000 0.000000 0.000000
6683.880000 0.000000 0.000000 0.000000 0.000000 0.000000 0.000000 0.000000 0.000000 0.000000
6839.570000 0.000000 0.000000 0.000000 0.000000 0.000000 0.000000 0.000000 0.000000 0.000000
6998.880000 0.000000 0.000000 0.000000 0.000000 0.000000 0.000000 0.000000 0.000000 0.000000
7161.910000 0.000000 0.000000 0.000000 0.000000 0.000000 0.000000 0.000000 0.000000 0.000000
7328.730000 0.000000 0.000000 0.000000 0.000000 0.000000 0.000000 0.000000 0.000000 0.000000
7499.440000 0.000000 0.000000 0.000000 0.000000 0.000000 0.000000 0.000000 0.000000 0.000000
7674.120000 0.000000 0.000000 0.000000 0.000000 0.000000 0.000000 0.000000 0.000000 0.000000
7852.880000 0.000000 0.000000 0.000000 0.000000 0.000000 0.000000 0.000000 0.000000 0.000000
8035.790000 0.000000 0.000000 0.000000 0.000000 0.000000 0.000000 0.000000 0.000000 0.000000
8222.970000 0.000000 0.000000 0.000000 0.000000 0.000000 0.000000 0.000000 0.000000 0.000000
8414.510000 0.000000 0.000000 0.000000 0.000000 0.000000 0.000000 0.000000 0.000000 0.000000
8610.510000 0.000000 0.000000 0.000000 0.000000 0.000000 0.000000 0.000000 0.000000 0.000000
8811.070000 0.000000 0.000000 0.000000 0.000000 0.000000 0.000000 0.000000 0.000000 0.000000
9016.310000 0.000000 0.000000 0.000000 0.000000 0.000000 0.000000 0.000000 0.000000 0.000000
9226.330000 0.000000 0.000000 0.000000 0.000000 0.000000 0.000000 0.000000 0.000000 0.000000
9441.230000 0.000000 0.000000 0.000000 0.000000 0.000000 0.000000 0.000000 0.000000 0.000000
9661.150000 0.000000 0.000000 0.000000 0.000000 0.000000 0.000000 0.000000 0.000000 0.000000
9886.190000 0.000000 0.000000 0.000000 0.000000 0.000000 0.000000 0.000000 0.000000 0.000000
