# s W_0 W_1 W_2 W_3 W_4 W_5 W_6 W_7 W_8
0.101165 0.000000 0.000000 0.000000 0.000000 0.000000 0.000000 0.000000 0.000000 0.000000
0.103521 0.000000 0.000000 0.000000 0.000000 0.000000 0.000000 0.000000 0.000000 0.000000
0.105932 0.000000 0.000000 0.000000 0.000000 0.000000 0.000000 0.000000 0.000000 0.000000
0.108400 0.000000 0.000000 0.000000 0.000000 0.000000 0.000000 0.000000 0.000000 0.000000
0.110925 0.000000 0.000000 0.000000 0.000000 0.000000 0.000000 0.000000 0.000000 0.000000
0.113509 0.000000 0.000000 0.000000 0.000000 0.000000 0.000000 0.000000 0.000000 0.000000
0.116153 0.000000 0.000000 0.000000 0.000000 0.000000 0.000000 0.000000 0.000000 0.000000
0.118858 0.000000 0.000000 0.000000 0.000000 0.000000 0.000000 0.000000 0.000000 0.000000
0.121627 0.000000 0.000000 0.000000 0.000000 0.000000 0.000000 0.000000 0.000000 0.000000
0.124460 0.000000 0.000000 0.000000 0.000000 0.000000 0.000000 0.000000 0.000000 0.000000
0.127359 0.000000 0.000000 0.000000 0.000000 0.000000 0.000000 0.000000 0.000000 0.000000
0.130325 0.000000 0.000000 0.000000 0.000000 0.000000 0.000000 0.000000 0.000000 0.000000
0.133361 0.000000 0.000000 0.000000 0.000000 0.000000 0.000000 0.000000 0.000000 0.000000
0.136467 0.000000 0.000000 0.000000 0.000000 0.000000 0.000000 0.000000 0.000000 0.000000
0.139646 0.000000 0.000000 0.000000 0.000000 0.000000 0.000000 0.000000 0.000000 0.000000
0.142899 0.000000 0.000000 0.000000 0.000000 0.000000 0.000000 0.000000 0.000000 0.000000
0.146227 0.000000 0.000000 0.000000 0.000000 0.000000 0.000000 0.000000 0.000000 0.000000
0.149633 0.000000 0.000000 0.000000 0.000000 0.000000 0.000000 0.000000 0.000000 0.000000
0.153119 2.147910 0.000169 3.671931 0.001071 -6.795513 -0.002841 -78.300800 -0.034747 73.663500
0.156685 0.000000 0.000000 0.000000 0.000000 0.000000 0.000000 0.000000 0.000000 0.000000
0.160335 7.223113 0.000118 30.649442 0.001438 35.106665 0.043855 157.191000 0.072593 -204.337000
0.164070 1.738631 0.000101 4.783377 0.000880 -1.656459 0.010388 -94.123900 -0.013046 -61.473600
0.167892 0.000000 0.000000 0.000000 0.000000 0.000000 0.000000 0.000000 0.000000 0.000000
0.171802 1.319968 0.000148 0.929390 0.000590 -5.091220 -0.011805 4.079550 -0.013803 69.338400
0.175804 2.207401 0.000337 -3.171325 -0.000343 -1.365289 -0.013117 76.095600 0.040141 -106.205000
0.179899 0.000000 0.000000 0.000000 0.000000 0.000000 0.000000 0.000000 0.000000 0.000000
0.184089 1.174760 0.000109 1.993040 0.000688 -3.737798 -0.001958 -42.319000 -0.022353 41.050300
0.188377 0.000000 0.000000 0.000000 0.000000 0.000000 0.000000 0.000000 0.000000 0.000000
0.192765 2.192456 0.000287 -0.262150 0.000589 -7.389491 -0.026371 71.391500 0.010738 42.334400
0.197255 0.000000 0.000000 0.000000 0.000000 0.000000 0.000000 0.000000 0.000000 0.000000
0.201850 0.000000 0.000000 0.000000 0.000000 0.000000 0.000000 0.000000 0.000000 0.000000
0.206552 0.000000 0.000000 0.000000 0.000000 0.000000 0.000000 0.000000 0.000000 0.000000
0.211363 1.382687 0.000350 -2.943757 -0.000923 2.491451 0.008704 -6.210300 0.004002 -21.794400
0.216286 2.758859 0.000552 -0.872721 0.000467 -6.109929 -0.033303 62.217900 0.041889 -36.207600
0.221324 0.000000 0.000000 0.000000 0.000000 0.000000 0.000000 0.000000 0.000000 0.000000
0.226479 0.000000 0.000000 0.000000 0.000000 0.000000 0.000000 0.000000 0.000000 0.000000
0.231755 2.406837 0.000379 -0.204373 0.000808 -8.207404 -0.034879 76.044600 0.012248 51.366600
0.237153 2.577605 0.000472 -0.276789 0.000677 -5.462586 -0.015705 -3.575240 -0.032581 93.709300
0.242677 4.273387 0.000987 -4.319850 -0.001639 4.669409 0.006753 32.887200 0.070802 -182.166000
0.248330 0.000000 0.000000 0.000000 0.000000 0.000000 0.000000 0.000000 0.000000 0.000000
0.254114 0.000000 0.000000 0.000000 0.000000 0.000000 0.000000 0.000000 0.000000 0.000000
0.260033 0.746369 0.000196 -1.826691 -0.000663 2.343890 0.012263 -26.134400 -0.017623 26.458700
0.266090 1.438226 0.000412 -3.395408 -0.001318 3.977977 0.021830 -37.496900 -0.025811 27.908900
0.272288 0.337410 0.000032 0.907474 0.000277 -0.379930 0.003042 -18.317100 -0.004575 -10.477000
0.278631 0.728635 0.000162 -0.128010 0.000127 -1.221958 -0.004545 0.770759 0.001210 -0.761970
0.285121 1.118397 0.000311 -2.047566 -0.000617 0.854639 -0.000188 13.555900 0.016901 -33.086900
0.291762 2.163053 0.000630 -3.040665 -0.000653 -1.153937 -0.019838 58.241000 0.052184 -61.756900
0.298558 0.289819 0.000086 -0.528200 -0.000166 0.187694 -0.000558 4.943540 0.006610 -11.898400
0.305512 0.912582 0.000254 -1.581010 -0.000454 0.647116 0.000397 4.460230 0.005436 -8.414520
0.312629 0.514392 0.000147 -0.666137 -0.000163 -0.023686 -0.000278 -0.753223 -0.004352 11.118800
0.319911 1.165486 0.000334 -1.076065 -0.000026 -1.262691 -0.010201 11.547600 -0.001734 20.076500
0.327362 3.315212 0.000942 -2.311866 -0.001122 3.515711 0.037773 -90.624200 -0.076853 70.803000
0.334988 0.174505 0.000016 0.564866 0.000157 0.104287 0.002831 -8.002770 0.000224 -10.993100
0.342791 1.593145 0.000399 0.477088 0.000803 -3.512891 -0.017389 6.491440 0.005831 -6.548200
0.350775 1.966775 0.000560 -0.290667 -0.000153 -0.214229 -0.010262 31.596300 0.037553 -40.181900
0.358946 1.895497 0.000381 2.304587 -0.000194 5.750608 0.024039 6.903860 -0.013929 44.877200
0.367307 0.901668 0.000354 -1.963975 -0.001002 1.887989 0.013211 -12.636400 -0.011146 5.541460
0.375862 0.769014 0.000250 -0.652099 -0.000670 2.451939 0.010429 3.301840 -0.005466 16.294300
0.384617 0.340742 0.000170 -0.841888 -0.000584 1.105349 0.011137 -12.811500 -0.016791 13.758500
0.393576 0.798257 0.000295 -1.271529 -0.000610 0.998779 0.009010 -12.757900 -0.011570 6.731130
0.402744 0.657138 0.000130 0.938670 0.000100 1.222306 0.013399 -23.541700 -0.003492 -22.330800
0.412125 1.836432 0.000551 0.038770 0.000526 -2.570952 -0.010484 -4.687990 -0.018177 29.334700
0.421724 1.488968 0.000399 1.161762 0.000146 2.209675 0.015804 -11.936800 -0.033807 48.987400
0.431548 1.069104 0.000245 1.537387 0.000489 0.656186 0.001229 6.783980 0.005019 1.174320
0.441600 1.127433 0.000324 0.777266 -0.000222 2.647255 0.010320 9.173230 0.005969 5.743630
0.451886 0.932987 0.000260 1.012751 0.000820 -1.414264 0.002179 -26.798800 -0.023980 2.281840
0.462412 0.902533 0.000257 0.699891 0.000628 -1.626371 -0.013708 10.559700 0.009830 -2.422720
0.473183 0.647545 0.000160 1.177034 0.000492 0.232268 -0.001280 3.733540 -0.009095 18.862500
0.484204 1.053186 0.000343 0.444209 0.000177 -0.233950 -0.001394 -0.036693 0.015800 -23.525200
0.495483 0.862744 0.000377 -0.621977 -0.000228 -0.224953 -0.003153 3.428720 0.005957 -4.803910
0.507024 1.393381 0.000555 -0.412448 -0.000852 2.747757 0.011722 9.041220 -0.001391 21.968700
0.518834 0.907359 0.000391 -0.280924 0.000139 -0.904057 -0.004713 -5.757810 -0.008639 7.142170
0.530920 0.822441 0.000304 0.479784 0.000493 -0.843795 -0.003403 -4.597530 0.005257 -14.162000
0.543286 1.113809 0.000464 0.027073 -0.000139 0.426232 0.005373 -4.136630 -0.021884 24.849900
0.555941 0.931173 0.000399 -0.069212 -0.000478 1.492533 0.011420 -1.858100 0.004035 -10.229000
0.568891 1.089749 0.000462 0.243124 0.000219 -0.411363 0.008678 -24.684400 -0.025397 3.426290
0.582142 0.988040 0.000401 0.272798 0.000134 -0.071356 0.002081 -4.923460 0.001387 -8.066920
0.595702 0.983202 0.000473 -0.113538 -0.000818 2.320713 0.010077 17.011500 -0.002535 22.055600
0.609577 0.893288 0.000363 0.333550 -0.000044 0.766422 -0.001765 15.597400 0.001265 16.650100
0.623776 0.980216 0.000483 -0.311637 -0.000071 -0.166265 -0.006970 9.458190 0.002667 8.670450
0.638306 0.829833 0.000434 -0.381444 -0.000566 1.055549 0.009743 -1.786240 0.002350 -5.419720
0.653174 1.069025 0.000520 0.123448 -0.000011 0.363792 -0.000107 4.309640 -0.015483 23.729400
0.668388 1.443141 0.000706 0.214442 0.000348 -0.591397 -0.001643 -4.663360 0.000522 -11.158600
0.683957 0.570432 0.000293 -0.029167 -0.000091 0.270733 0.005575 -3.950820 -0.002466 -3.264940
0.699888 1.035908 0.000510 0.163384 0.000128 0.015852 -0.000058 -0.898106 -0.004943 6.339090
0.716191 1.147204 0.000572 0.266314 -0.000179 0.928588 0.003117 11.290500 0.008520 5.012130
0.732873 1.253516 0.000694 -0.098048 0.000096 -0.507284 0.003012 -12.007300 -0.009025 -6.015190
0.749944 1.027576 0.000627 -0.243997 -0.000523 0.733094 0.006633 -0.461693 0.000883 0.715996
0.767412 0.851167 0.000527 -0.256104 0.000030 -0.584631 -0.003346 -3.452000 -0.011644 7.671240
0.785288 0.830578 0.000425 0.498384 0.000222 0.451034 0.005634 -2.093300 -0.006414 2.467470
0.803579 1.084118 0.000586 0.600635 0.000566 -0.327529 -0.007415 5.563600 0.009073 -0.253370
0.822297 0.925366 0.000623 -0.440067 -0.000304 0.083062 -0.002036 2.158370 0.001296 2.477970
0.841451 1.020367 0.000638 0.216000 -0.000017 0.313599 0.009748 -8.153670 -0.001426 -9.944610
0.861051 1.086531 0.000736 -0.256538 0.000089 -0.558400 -0.004337 -2.322270 -0.007252 2.443950
0.881107 1.221640 0.000713 0.798497 0.000415 0.553798 0.002345 4.254570 0.006829 -0.113326
0.901631 0.840195 0.000535 0.228455 0.000082 0.227411 -0.003362 7.011500 0.012368 -1.953770
0.922633 1.278639 0.000871 0.189736 0.000310 -0.378042 -0.006573 3.010420 0.003188 -0.227011
0.944123 1.337246 0.000972 -0.091075 -0.000021 -0.036848 -0.001192 1.980080 0.027496 -20.884400
0.966115 1.171473 0.000870 -0.143848 -0.000107 0.062941 -0.002433 2.291820 0.014383 -7.939040
0.988619 0.983887 0.000665 0.463552 0.000284 0.236635 0.001952 1.359690 -0.003905 4.320850
1.011650 1.189010 0.000946 -0.323330 -0.000477 0.355946 0.002632 2.149930 0.009361 -3.895660
1.035210 1.008918 0.000742 0.198638 0.000362 -0.329274 -0.005475 1.379690 0.006811 -3.879550
1.059320 1.166439 0.000923 0.067455 -0.000130 0.393660 0.010474 -5.868050 -0.006814 -2.331230
1.084000 1.075251 0.000839 0.224064 0.000321 -0.217677 0.001617 -4.154830 0.003059 -7.874760
1.109250 1.054378 0.000918 -0.300400 -0.000572 0.516647 0.010852 -4.633140 -0.001118 -5.377740
1.135090 1.176736 0.001036 -0.128674 0.000064 -0.354474 -0.005433 0.245300 0.006134 -4.206390
1.161530 0.930263 0.000796 0.020963 0.000347 -0.567000 -0.009187 1.292630 0.002834 -0.128294
1.188580 1.068747 0.000967 -0.103927 -0.000027 -0.075155 -0.006973 4.446230 0.014901 -3.571930
1.216270 1.026534 0.000903 0.250724 0.000517 -0.402639 -0.006265 -0.804045 -0.001283 0.085810
1.244600 1.011996 0.000901 0.239443 0.000078 0.298673 0.003640 0.736016 0.005663 -2.370480
1.273590 1.012910 0.000974 0.034147 -0.000141 0.289417 0.007342 -2.028040 -0.007564 1.539360
1.303250 1.081090 0.001074 -0.069069 -0.000007 -0.049783 -0.001094 -0.026956 0.002580 -0.908902
1.333610 0.978345 0.000965 0.057771 0.000312 -0.342184 -0.003654 -1.328340 0.003777 -4.211970
1.364670 1.147681 0.001185 -0.079489 -0.000018 -0.084146 -0.001392 -0.277581 -0.003516 2.572220
1.396460 1.137314 0.001213 -0.081691 -0.000379 0.371948 0.003996 2.638940 0.006897 -0.592247
1.428990 0.941647 0.001050 -0.124811 0.000007 -0.255702 0.003613 -6.336890 -0.021222 3.352910
1.462270 1.184382 0.001339 -0.140634 -0.000073 -0.167581 -0.007722 3.495970 0.011554 -1.231720
1.496330 1.063305 0.001200 -0.016117 -0.000208 0.209590 0.002740 0.819615 -0.001040 2.191540
1.531190 0.999027 0.001098 0.193299 0.000374 -0.082943 0.001659 -2.086200 -0.001797 -1.782800
1.566850 0.980499 0.001112 0.179903 0.000090 0.184059 0.003227 0.574305 0.002503 -0.847518
1.603350 1.053782 0.001282 0.002641 0.000152 -0.198067 -0.005547 1.206350 0.001244 0.370120
1.640700 1.032462 0.001264 -0.010475 -0.000221 0.295759 0.003468 1.887610 -0.003091 4.181210
1.678920 1.085747 0.001427 -0.227641 -0.000250 -0.131696 -0.001796 -0.240651 0.005734 -3.601550
1.718020 0.951246 0.001210 0.043280 -0.000026 0.147560 -0.001490 2.720920 0.007433 0.437502
1.758040 1.022711 0.001335 0.080311 -0.000052 0.182347 0.001981 1.417370 0.000795 1.372900
1.798990 0.974905 0.001281 0.188458 0.000269 0.014871 -0.001002 0.420552 0.000566 0.776520
1.840890 0.989910 0.001389 -0.013617 -0.000162 0.157799 -0.005542 5.016980 0.013281 0.941212
1.883770 1.052223 0.001453 0.142580 0.000597 -0.409820 -0.005892 -2.386370 -0.004115 -1.250430
1.927650 1.051478 0.001507 0.081019 0.000203 -0.067003 0.000229 -1.221100 -0.000127 -1.118510
1.972550 0.964248 0.001461 -0.153361 -0.000217 -0.080506 -0.001021 0.031151 -0.004198 1.131450
2.018500 0.995651 0.001533 -0.078264 -0.000163 0.068050 0.000461 0.416367 -0.013267 5.690090
2.065520 1.026027 0.001558 0.106780 0.000209 -0.004061 0.004772 -3.100980 -0.012838 1.365530
2.113630 1.054815 0.001684 -0.016471 0.000030 -0.076949 -0.004620 1.778810 0.007851 -0.633488
2.162860 0.990249 0.001563 0.150887 0.000362 -0.064852 0.003760 -2.856060 -0.010760 0.381470
2.213240 1.053126 0.001766 -0.036889 -0.000056 0.016520 -0.000054 -0.140956 0.002237 -1.076660
2.264790 0.987268 0.001690 -0.054998 -0.000246 0.138373 0.003883 0.002854 0.003966 -1.532510
2.317550 1.022840 0.001801 -0.040180 0.000053 -0.108822 -0.002350 -0.257493 -0.000816 -0.397463
2.371530 0.994072 0.001751 0.063053 0.000023 0.113721 0.004701 -0.627124 -0.001777 -0.353176
2.426770 1.031628 0.001859 0.033918 -0.000031 0.071390 -0.001900 1.705310 0.008036 -0.227776
2.483300 1.026246 0.001920 -0.024344 -0.000315 0.189850 0.004968 0.593024 0.003320 -0.385852
2.541140 0.962089 0.001829 0.019436 -0.000008 0.068150 -0.002481 1.915540 0.008013 -0.239818
2.600330 1.006961 0.001895 0.204587 0.000337 0.094005 0.000786 1.167200 0.001264 1.234000
2.660900 1.045153 0.002062 0.076007 0.000115 0.066486 -0.000779 1.365330 0.006546 -0.228451
2.722880 0.999196 0.002011 0.091280 0.000137 0.062325 0.003449 -0.439110 -0.004670 0.724132
2.786310 1.000497 0.002094 0.002761 -0.000028 0.019480 -0.000134 0.529443 -0.001402 1.025650
2.851210 1.073235 0.002306 -0.008694 0.000041 -0.042195 -0.003199 0.444925 0.004002 -0.452929
2.917620 1.026583 0.002232 0.042719 0.000168 -0.031504 -0.001409 0.107874 -0.005000 1.373570
2.985580 1.000954 0.002250 -0.004533 -0.000064 0.036135 0.000773 0.142941 0.010093 -2.302630
3.055120 1.031727 0.002362 0.002246 -0.000167 0.136447 0.004824 -0.061892 -0.002847 0.695524
3.126290 1.022085 0.002413 -0.037891 -0.000114 0.024486 0.001105 -0.273453 0.002756 -0.710708
3.199110 1.028569 0.002458 0.020170 0.000120 -0.031358 -0.001126 0.123221 -0.002767 0.646292
3.273620 1.030049 0.002519 0.025519 -0.000055 0.098217 0.002715 0.384203 -0.002647 1.092180
3.349880 0.999524 0.002493 0.044416 0.000176 -0.002951 0.001730 -0.899105 -0.004300 -0.155503
3.427910 1.019096 0.002653 -0.043251 0.000017 -0.089026 -0.005391 0.350749 0.002427 -0.005889
3.507750 1.015472 0.002658 0.042333 0.000291 -0.086789 -0.004571 0.292249 0.000434 0.161364
3.589460 1.032313 0.002750 0.071006 0.000195 0.009340 0.000099 0.103086 -0.000979 0.386011
3.673070 1.014002 0.002823 -0.024606 -0.000089 -0.007180 0.001660 -0.578504 -0.004058 0.111449
3.758620 1.010497 0.002847 0.019728 0.000096 -0.004493 -0.004513 1.357220 0.010995 -0.639900
3.846170 1.013724 0.002904 0.049003 0.000199 -0.010249 0.000279 -0.264323 -0.000582 -0.218498
3.935760 1.029384 0.003030 0.028545 0.000201 -0.043816 -0.003070 0.292128 -0.001252 0.486250
4.027440 1.009672 0.003032 0.039393 0.000133 0.015942 0.000787 -0.021540 0.005269 -0.985885
4.121250 0.999931 0.003102 0.002739 0.000189 -0.097099 -0.004060 -0.257145 -0.003686 0.321580
4.217240 1.016633 0.003211 0.023151 0.000137 -0.025456 0.000599 -0.518923 -0.002153 -0.344867
4.315480 0.986863 0.003233 -0.036554 -0.000283 0.055223 0.001888 0.473908 0.002896 0.044736
4.416000 1.001957 0.003328 0.012428 0.000169 -0.044135 -0.003122 0.074208 0.004091 -0.572766
4.518860 1.013346 0.003445 0.002368 0.000036 -0.009082 -0.000190 -0.127302 -0.000691 -0.067783
4.624120 1.007935 0.003534 -0.040293 -0.000091 -0.042985 -0.002289 -0.045358 0.003027 -0.578008
4.731830 1.002533 0.003544 0.033893 -0.000022 0.069395 0.002927 0.314666 0.004212 -0.176337
4.842040 1.000825 0.003605 0.054218 0.000171 0.017169 0.003564 -0.578927 -0.004001 -0.100421
4.954830 1.002135 0.003745 -0.009657 -0.000172 0.046097 0.004523 -0.266649 -0.007137 0.797266
5.070240 1.009563 0.003841 0.013074 0.000087 -0.008309 -0.002769 0.501338 0.003449 0.111967
5.188340 1.006971 0.003923 0.009041 0.000121 -0.031667 -0.002946 0.216640 0.004953 -0.561138
5.309200 1.016782 0.004028 0.045711 0.000116 0.039299 -0.000473 0.593922 0.003130 0.316501
5.432860 0.989640 0.004058 -0.019601 -0.000030 -0.010164 -0.001651 0.193064 0.000460 0.147775
5.559410 1.001351 0.004203 -0.013853 -0.000055 -0.011284 -0.001122 0.120181 0.003294 -0.352000
5.688910 1.015333 0.004329 0.026136 0.000098 0.010572 0.000235 0.154602 0.000865 0.021050
5.821420 0.998431 0.004352 0.024864 0.000057 0.025149 0.001863 0.019048 -0.002227 0.313240
5.957020 0.997885 0.004453 0.017340 0.000086 -0.001974 0.001154 -0.180309 -0.002789 0.131563
6.095770 1.013128 0.004623 0.026985 0.000049 0.030119 0.004878 -0.465605 -0.003709 -0.177302
6.237760 1.005422 0.004729 -0.014866 -0.000197 0.036776 0.003223 -0.029041 -0.004821 0.565153
6.383060 0.992577 0.004754 0.018456 0.000086 0.005401 0.000159 0.078692 -0.000231 0.088154
6.531740 0.992389 0.004921 -0.045182 -0.000228 -0.005320 -0.002364 0.260807 0.002815 0.041841
6.683880 1.002036 0.005026 0.003119 -0.000040 0.016670 0.000702 0.120936 0.002386 -0.148488
6.839570 0.998650 0.005155 -0.015019 -0.000128 0.011382 0.004422 -0.581817 -0.005197 -0.196682
6.998880 0.993288 0.005231 0.006700 0.000067 -0.007681 -0.000416 -0.059655 -0.004761 0.450528
7.161910 0.993953 0.005339 0.013925 0.000162 -0.019521 -0.001474 -0.077536 0.001379 -0.266589
7.328730 0.990906 0.005473 -0.004185 -0.000041 0.002440 0.000138 0.037352 0.000391 0.015221
7.499440 0.996783 0.005618 0.008363 -0.000003 0.013166 0.001369 0.008667 -0.001573 0.149672
7.674120 0.992887 0.005728 0.003143 0.000087 -0.014505 -0.000667 -0.116678 -0.001124 -0.038820
7.852880 0.992024 0.005858 0.005107 -0.000014 0.016473 0.001527 -0.018900 -0.000054 -0.034655
8.035790 1.005998 0.006091 -0.008398 -0.000108 0.013461 0.000823 0.119777 -0.002949 0.406370
8.222970 0.993447 0.006134 0.009788 0.000017 0.011010 0.000805 0.078506 -0.000116 0.130889
8.414510 0.990961 0.006253 0.016385 0.000147 -0.003466 0.000157 -0.095592 -0.002979 0.180865
8.610510 0.993566 0.006445 0.000427 -0.000007 0.002931 0.000427 -0.030411 0.001231 -0.178140
8.811070 0.991847 0.006591 -0.011597 -0.000164 0.013604 0.001779 0.011964 0.000444 -0.062185
9.016310 0.990258 0.006719 0.001115 0.000032 -0.001895 0.001617 -0.192556 -0.001644 -0.166913
9.226330 1.003059 0.006963 0.000375 -0.000098 0.021897 0.000462 0.254045 0.003947 -0.044005
9.441230 0.996148 0.007055 0.016364 0.000067 0.014287 -0.000196 0.233834 0.000599 0.239981
9.661150 0.987797 0.007172 0.006277 0.000025 0.009482 0.002886 -0.228062 -0.005400 0.158056
9.886190 0.993556 0.007393 -0.000500 -0.000022 0.004824 0.002364 -0.230285 -0.001733 -0.157259
10.116500 0.987791 0.007529 -0.009122 -0.000184 0.019943 0.001981 0.077143 -0.001352 0.213311
10.352100 0.995879 0.007760 0.000478 -0.000110 0.021064 -0.000178 0.326325 0.005171 0.028443
10.593200 0.993953 0.007930 -0.004858 -0.000061 0.005472 -0.000849 0.162434 0.001375 0.104406
10.840000 0.995760 0.008117 0.002199 0.000010 0.002383 -0.001684 0.224131 0.003964 -0.016525
11.092500 0.990435 0.008281 -0.007777 -0.000145 0.014179 0.003193 -0.133028 -0.005749 0.215926
11.350900 0.987340 0.008448 -0.008585 -0.000185 0.015956 0.002510 0.004616 -0.000922 0.067519
11.615300 0.992000 0.008689 -0.008289 -0.000285 0.031780 0.001324 0.342528 0.006153 0.042549
11.885800 0.990984 0.008875 -0.006161 -0.000076 0.004759 0.000255 0.037303 0.000527 0.011293
12.162700 0.988266 0.009049 -0.003384 -0.000053 0.004051 0.000050 0.049752 0.001124 -0.023253
12.446000 0.988697 0.009289 -0.014140 -0.000297 0.021824 0.001986 0.151837 0.002243 0.038909
12.735900 0.987459 0.009465 -0.002776 -0.000027 0.002480 0.000350 -0.001104 -0.001577 0.125989
13.032500 0.986790 0.009707 -0.014500 -0.000141 -0.003122 -0.001430 0.083488 -0.000112 0.101946
13.336100 0.988353 0.009932 -0.005859 -0.000211 0.021278 0.002139 0.118032 0.004473 -0.114139
13.646700 0.980749 0.010068 -0.000554 -0.000128 0.017637 0.001606 0.132307 0.003220 -0.019965
13.964600 0.986325 0.010381 -0.010288 -0.000173 0.007213 0.000832 0.032329 -0.002132 0.170890
14.289900 0.986177 0.010610 -0.003841 -0.000019 0.000101 0.000092 -0.034681 -0.000797 0.010920
14.622700 0.984033 0.010848 -0.008093 -0.000166 0.009518 0.003195 -0.119906 -0.003322 0.013948
14.963300 0.980652 0.011052 -0.003946 -0.000144 0.012369 0.002297 -0.001036 0.000327 -0.021175
15.311900 0.982086 0.011334 -0.007981 -0.000123 0.002577 0.001075 -0.022550 -0.002919 0.115752
15.668500 0.979562 0.011544 0.001470 -0.000050 0.010265 0.002079 -0.009280 -0.000393 0.015094
16.033500 0.977643 0.011818 -0.008200 -0.000215 0.011939 0.002612 -0.012698 -0.003172 0.139869
16.407000 0.982382 0.012158 -0.012404 -0.000272 0.012384 0.004903 -0.162262 -0.007933 0.164878
16.789200 0.979886 0.012417 -0.011484 -0.000232 0.007585 0.001506 0.009883 -0.002278 0.108865
17.180200 0.978580 0.012671 -0.006706 -0.000200 0.012131 0.004349 -0.109872 -0.002904 -0.012367
17.580400 0.976091 0.012921 -0.002534 -0.000092 0.005984 0.001610 -0.022939 -0.000947 0.019723
17.989900 0.977591 0.013280 -0.016622 -0.000379 0.013082 0.003236 -0.006463 -0.001409 0.050657
18.408900 0.977239 0.013563 -0.009332 -0.000199 0.006880 0.001289 0.008759 0.002433 -0.086381
18.837700 0.975623 0.013879 -0.016023 -0.000281 0.002420 -0.000807 0.078589 0.002075 0.012087
19.276500 0.976141 0.014173 -0.004852 -0.000144 0.007079 0.003489 -0.090424 -0.001189 -0.078434
19.725500 0.974191 0.014504 -0.015929 -0.000396 0.012723 0.002310 0.039748 -0.001452 0.121242
20.185000 0.972790 0.014819 -0.012999 -0.000385 0.014719 0.003147 0.035273 -0.000789 0.071728
20.655200 0.972274 0.015155 -0.013549 -0.000394 0.014552 0.005970 -0.126450 -0.004003 0.000379
21.136300 0.970693 0.015483 -0.012421 -0.000389 0.014058 0.004884 -0.045977 -0.003805 0.089195
21.628600 0.969866 0.015823 -0.010788 -0.000325 0.010828 0.004992 -0.102119 -0.003964 0.010438
22.132400 0.971444 0.016216 -0.010681 -0.000361 0.014319 0.005334 -0.075032 -0.006209 0.128859
22.647900 0.968704 0.016568 -0.016247 -0.000459 0.012018 0.005698 -0.107720 -0.004854 0.036980
23.175500 0.968594 0.016951 -0.016633 -0.000484 0.013357 0.004807 -0.052184 -0.003352 0.048440
23.715300 0.966773 0.017305 -0.014157 -0.000450 0.013917 0.003505 0.024724 -0.000298 0.042503
24.267700 0.966140 0.017697 -0.015689 -0.000470 0.011583 0.003516 0.003639 -0.000756 0.025631
24.833000 0.966180 0.018118 -0.016167 -0.000491 0.011432 0.004635 -0.044539 -0.002925 0.033153
25.411400 0.967144 0.018555 -0.015381 -0.000474 0.010961 0.003514 -0.003005 -0.002781 0.084600
26.003300 0.963774 0.018934 -0.018469 -0.000593 0.013446 0.005247 -0.045141 -0.005179 0.109169
26.609000 0.962360 0.019333 -0.014764 -0.000491 0.011080 0.005490 -0.065137 -0.005124 0.067171
27.228800 0.962279 0.019800 -0.018670 -0.000658 0.015550 0.006793 -0.059241 -0.002395 -0.013480
27.863100 0.961630 0.020244 -0.018466 -0.000665 0.015708 0.005101 0.015340 -0.001225 0.057864
28.512100 0.960411 0.020697 -0.019494 -0.000673 0.013732 0.006310 -0.051573 -0.003506 0.029940
29.176200 0.959827 0.021160 -0.019265 -0.000714 0.014845 0.005621 -0.000535 -0.003132 0.082883
29.855800 0.958418 0.021621 -0.018403 -0.000678 0.013642 0.004774 0.012462 -0.000755 0.032861
30.551200 0.956334 0.022091 -0.021563 -0.000793 0.014397 0.006133 -0.021206 -0.003270 0.056773
31.262900 0.955399 0.022590 -0.022901 -0.000866 0.015247 0.006636 -0.028833 -0.004240 0.076019
31.991100 0.954006 0.023084 -0.022870 -0.000851 0.013074 0.005723 -0.019984 -0.004508 0.085892
32.736200 0.951418 0.023573 -0.025364 -0.000941 0.012861 0.006429 -0.045510 -0.004066 0.046734
33.498800 0.952022 0.024127 -0.024437 -0.001017 0.017988 0.007368 -0.001371 -0.004085 0.099115
34.279100 0.950383 0.024657 -0.025910 -0.001069 0.016945 0.008889 -0.050604 -0.007619 0.109577
35.077500 0.949453 0.025208 -0.025915 -0.001080 0.016200 0.007965 -0.028916 -0.003705 0.050070
35.894600 0.948537 0.025777 -0.027788 -0.001157 0.015665 0.007644 -0.020299 -0.003153 0.048108
36.730700 0.948153 0.026367 -0.027189 -0.001194 0.017380 0.009909 -0.061381 -0.005664 0.045266
37.586200 0.946282 0.026931 -0.027622 -0.001214 0.016186 0.009423 -0.057433 -0.007116 0.075476
38.461700 0.944304 0.027503 -0.027443 -0.001288 0.018799 0.010130 -0.036393 -0.004835 0.059196
39.357600 0.943656 0.028136 -0.029816 -0.001375 0.017460 0.009729 -0.034459 -0.004699 0.056237
40.274400 0.941875 0.028740 -0.030195 -0.001424 0.017520 0.009400 -0.017746 -0.003785 0.058334
41.212500 0.940671 0.029390 -0.033071 -0.001587 0.018694 0.012562 -0.081601 -0.008476 0.061139
42.172400 0.938926 0.030016 -0.032381 -0.001580 0.018223 0.010424 -0.026959 -0.003930 0.046667
43.154800 0.936985 0.030657 -0.033051 -0.001617 0.016953 0.010280 -0.031099 -0.006210 0.074649
44.160000 0.936244 0.031360 -0.034914 -0.001779 0.019210 0.012344 -0.043989 -0.007145 0.072271
45.188600 0.935117 0.032056 -0.035228 -0.001828 0.018969 0.012248 -0.041938 -0.007348 0.080804
46.241200 0.932818 0.032741 -0.037819 -0.001988 0.019410 0.013081 -0.045192 -0.008042 0.082504
47.318300 0.931374 0.033460 -0.038862 -0.002102 0.021040 0.014171 -0.045066 -0.007942 0.076449
48.420400 0.930176 0.034200 -0.039290 -0.002172 0.020711 0.013731 -0.034987 -0.007607 0.087346
49.548300 0.928202 0.034930 -0.040009 -0.002273 0.021187 0.015788 -0.060218 -0.009492 0.074609
50.702400 0.926489 0.035686 -0.040718 -0.002361 0.021309 0.015360 -0.043598 -0.007434 0.064940
51.883400 0.925074 0.036474 -0.042505 -0.002554 0.023671 0.018077 -0.062303 -0.011134 0.092219
53.092000 0.922344 0.037225 -0.043662 -0.002602 0.021093 0.016701 -0.058568 -0.011021 0.092642
54.328600 0.921198 0.038050 -0.043977 -0.002698 0.021789 0.017213 -0.054359 -0.008995 0.065275
55.594100 0.919184 0.038866 -0.045327 -0.002839 0.022409 0.018107 -0.056496 -0.011461 0.092316
56.889100 0.917829 0.039725 -0.046970 -0.003072 0.025405 0.020437 -0.049139 -0.011303 0.095466
58.214200 0.915066 0.040545 -0.048578 -0.003196 0.024250 0.020688 -0.061509 -0.013496 0.107317
59.570200 0.913019 0.041417 -0.050423 -0.003358 0.023590 0.020683 -0.060143 -0.013064 0.099009
60.957700 0.911291 0.042320 -0.052200 -0.003590 0.025426 0.023281 -0.072756 -0.013423 0.079870
62.377600 0.909224 0.043221 -0.053333 -0.003754 0.026232 0.023290 -0.053157 -0.011618 0.081967
63.830600 0.906924 0.044128 -0.054475 -0.003937 0.026998 0.025395 -0.069589 -0.015528 0.106486
65.317400 0.905075 0.045082 -0.055871 -0.004077 0.026041 0.025016 -0.069597 -0.015446 0.103601
66.838800 0.903209 0.046068 -0.058489 -0.004370 0.027079 0.027304 -0.082154 -0.017581 0.104998
68.395700 0.900689 0.047020 -0.059352 -0.004544 0.027708 0.027708 -0.069747 -0.015552 0.094754
69.988800 0.898657 0.048030 -0.061231 -0.004785 0.028272 0.030838 -0.102021 -0.018615 0.081843
71.619100 0.896011 0.049028 -0.063048 -0.005070 0.029712 0.032611 -0.096345 -0.019568 0.096515
73.287300 0.893922 0.050073 -0.064476 -0.005285 0.029885 0.032881 -0.086701 -0.018752 0.094061
74.994400 0.891761 0.051142 -0.066614 -0.005541 0.029737 0.033924 -0.095109 -0.020822 0.101690
76.741200 0.889080 0.052208 -0.068847 -0.005895 0.031388 0.037114 -0.105381 -0.023716 0.113267
78.528800 0.886771 0.053315 -0.070718 -0.006179 0.031803 0.037841 -0.098833 -0.022572 0.105703
80.357900 0.884192 0.054426 -0.072756 -0.006480 0.031933 0.039011 -0.099848 -0.022511 0.096753
82.229700 0.881863 0.055587 -0.075469 -0.006871 0.032924 0.041203 -0.103788 -0.024973 0.110960
84.145100 0.878812 0.056705 -0.076644 -0.007119 0.032901 0.041888 -0.100483 -0.024731 0.105438
86.105100 0.875916 0.057871 -0.078866 -0.007467 0.033128 0.043444 -0.104791 -0.026382 0.110244
88.110700 0.873254 0.059075 -0.081111 -0.007866 0.034125 0.046434 -0.115464 -0.028541 0.110402
90.163100 0.870393 0.060297 -0.083749 -0.008300 0.034898 0.048027 -0.110654 -0.030458 0.127716
92.263300 0.867722 0.061549 -0.085953 -0.008706 0.035533 0.049907 -0.111160 -0.031449 0.129794
94.412300 0.864443 0.062785 -0.087981 -0.009104 0.035877 0.052247 -0.120263 -0.032761 0.122480
96.611500 0.861394 0.064069 -0.090634 -0.009598 0.036894 0.054681 -0.119555 -0.034992 0.134910
98.861900 0.858226 0.065366 -0.093153 -0.010061 0.037238 0.056604 -0.122158 -0.035992 0.133100
101.165000 0.855231 0.066711 -0.096002 -0.010601 0.037989 0.059061 -0.123469 -0.037977 0.139265
103.521000 0.851786 0.068033 -0.098211 -0.011077 0.038292 0.061328 -0.128505 -0.038968 0.133364
105.932000 0.848348 0.069391 -0.100818 -0.011611 0.038797 0.063349 -0.127851 -0.040393 0.137660
108.400000 0.844998 0.070787 -0.103736 -0.012208 0.039450 0.066696 -0.137395 -0.042595 0.133487
110.925000 0.841472 0.072200 -0.106915 -0.012839 0.039929 0.068705 -0.135945 -0.044879 0.144582
113.509000 0.837679 0.073614 -0.109777 -0.013527 0.041412 0.073028 -0.140516 -0.047543 0.148589
116.153000 0.834198 0.075074 -0.112289 -0.014129 0.041722 0.075486 -0.142719 -0.048969 0.148139
118.858000 0.830315 0.076542 -0.115643 -0.014874 0.042487 0.078586 -0.144385 -0.051272 0.153170
121.627000 0.826449 0.078032 -0.118565 -0.015611 0.043479 0.082242 -0.145927 -0.053173 0.154881
124.460000 0.822615 0.079561 -0.121825 -0.016358 0.043560 0.085358 -0.156090 -0.057253 0.159066
127.359000 0.818454 0.081087 -0.125192 -0.017188 0.044312 0.089335 -0.161685 -0.060017 0.160361
130.325000 0.814346 0.082646 -0.128489 -0.018061 0.045465 0.094138 -0.168853 -0.062391 0.156136
133.361000 0.810066 0.084221 -0.132005 -0.018912 0.045356 0.096573 -0.171479 -0.065325 0.160515
136.467000 0.805688 0.085822 -0.135877 -0.019922 0.046405 0.101983 -0.181073 -0.070409 0.167128
139.646000 0.801272 0.087450 -0.139775 -0.020931 0.046868 0.105108 -0.180103 -0.071023 0.162157
142.899000 0.796676 0.089081 -0.143454 -0.021962 0.047627 0.110074 -0.188313 -0.075234 0.164492
146.227000 0.791925 0.090731 -0.147414 -0.023050 0.048022 0.113452 -0.187432 -0.078200 0.170772
149.633000 0.787174 0.092407 -0.151313 -0.024217 0.049119 0.118970 -0.192353 -0.082351 0.175102
153.119000 0.782230 0.094098 -0.155459 -0.025437 0.049796 0.123433 -0.193361 -0.084915 0.175909
156.685000 0.777196 0.095803 -0.159538 -0.026697 0.050594 0.128236 -0.194596 -0.088709 0.182507
160.335000 0.772019 0.097535 -0.164112 -0.028079 0.051344 0.134362 -0.203582 -0.093827 0.183720
164.070000 0.766731 0.099273 -0.168342 -0.029468 0.052184 0.139370 -0.202257 -0.096217 0.184391
167.892000 0.761164 0.101012 -0.172984 -0.030953 0.052863 0.145736 -0.211625 -0.100914 0.182671
171.802000 0.755718 0.102800 -0.177760 -0.032518 0.053521 0.151493 -0.214690 -0.105855 0.187638
175.804000 0.750052 0.104583 -0.182393 -0.034136 0.054366 0.157916 -0.218803 -0.109548 0.186289
179.899000 0.744280 0.106392 -0.187441 -0.035857 0.054978 0.163856 -0.221294 -0.114816 0.192717
184.089000 0.738303 0.108193 -0.192294 -0.037647 0.055941 0.170776 -0.223079 -0.119013 0.194957
188.377000 0.732177 0.110007 -0.197331 -0.039522 0.056757 0.178084 -0.227639 -0.123568 0.194047
192.765000 0.725966 0.111839 -0.202567 -0.041490 0.057421 0.185410 -0.232707 -0.128185 0.192130
197.255000 0.719493 0.113663 -0.207931 -0.043565 0.058210 0.193097 -0.236223 -0.133532 0.193945
201.850000 0.712930 0.115496 -0.213200 -0.045696 0.058937 0.200947 -0.239644 -0.138845 0.194689
206.552000 0.706143 0.117326 -0.218750 -0.047954 0.059556 0.209324 -0.245229 -0.145418 0.196135
211.363000 0.699279 0.119170 -0.224382 -0.050318 0.060263 0.217873 -0.249467 -0.150616 0.193866
216.286000 0.692220 0.121012 -0.230213 -0.052845 0.061227 0.227375 -0.252297 -0.156676 0.195777
221.324000 0.685027 0.122856 -0.236126 -0.055443 0.061833 0.236041 -0.254193 -0.163052 0.198404
226.479000 0.677621 0.124683 -0.241978 -0.058169 0.062767 0.246621 -0.258623 -0.170297 0.198954
231.755000 0.670088 0.126517 -0.248168 -0.061047 0.063537 0.256514 -0.260344 -0.176717 0.199866
237.153000 0.662420 0.128348 -0.254350 -0.064041 0.064318 0.267399 -0.264262 -0.183618 0.198625
242.677000 0.654558 0.130162 -0.260604 -0.067187 0.065289 0.279025 -0.266380 -0.190432 0.198216
248.330000 0.646527 0.131965 -0.266983 -0.070469 0.066133 0.291110 -0.269839 -0.197868 0.196689
254.114000 0.638217 0.133736 -0.273538 -0.073908 0.066890 0.303409 -0.272755 -0.205567 0.195259
260.033000 0.629830 0.135500 -0.279999 -0.077451 0.067619 0.315884 -0.274774 -0.212967 0.193603
266.090000 0.621289 0.137253 -0.286686 -0.081196 0.068378 0.329409 -0.277728 -0.220567 0.189973
272.288000 0.612537 0.138973 -0.293405 -0.085082 0.069044 0.343804 -0.282534 -0.230170 0.188002
278.631000 0.603617 0.140670 -0.300266 -0.089186 0.069941 0.358629 -0.282927 -0.237967 0.185404
285.121000 0.594508 0.142336 -0.307267 -0.093483 0.070777 0.374475 -0.285074 -0.247107 0.183167
291.762000 0.585269 0.143971 -0.314090 -0.097907 0.071648 0.390688 -0.284687 -0.257461 0.184760
298.558000 0.575778 0.145552 -0.321027 -0.102527 0.072470 0.407846 -0.285666 -0.265793 0.179134
305.512000 0.566189 0.147111 -0.328012 -0.107340 0.073255 0.425829 -0.286399 -0.275515 0.174981
312.629000 0.556459 0.148629 -0.334940 -0.112318 0.074007 0.444292 -0.285984 -0.285296 0.171299
319.911000 0.546471 0.150081 -0.341959 -0.117532 0.074811 0.464023 -0.285297 -0.295235 0.166807
327.362000 0.536400 0.151500 -0.348968 -0.122934 0.075518 0.484575 -0.284890 -0.305629 0.161125
334.988000 0.526120 0.152854 -0.355997 -0.128557 0.076212 0.506560 -0.284960 -0.316622 0.154308
342.791000 0.515691 0.154148 -0.362972 -0.134371 0.076822 0.529003 -0.283681 -0.327766 0.147877
350.775000 0.505154 0.155387 -0.369858 -0.140402 0.077512 0.552748 -0.281107 -0.338731 0.141309
358.946000 0.494459 0.156557 -0.376665 -0.146660 0.078250 0.577917 -0.277331 -0.350740 0.135990
367.307000 0.483649 0.157660 -0.383387 -0.153122 0.078892 0.604166 -0.273314 -0.362900 0.129134
375.862000 0.472700 0.158683 -0.389935 -0.159798 0.079588 0.631805 -0.267456 -0.374014 0.120730
384.617000 0.461640 0.159629 -0.396354 -0.166665 0.080133 0.660702 -0.262104 -0.386271 0.111478
393.576000 0.450430 0.160479 -0.402595 -0.173734 0.080627 0.690981 -0.256016 -0.398511 0.101143
402.744000 0.439144 0.161251 -0.408655 -0.180992 0.080970 0.722411 -0.249364 -0.411229 0.089877
412.125000 0.427728 0.161919 -0.414528 -0.188443 0.081200 0.755177 -0.242327 -0.424276 0.077591
421.724000 0.416218 0.162497 -0.420289 -0.196108 0.081198 0.789125 -0.235316 -0.437564 0.063076
431.548000 0.404603 0.162963 -0.425786 -0.203921 0.080954 0.824080 -0.228014 -0.452220 0.048087
441.600000 0.392901 0.163321 -0.431084 -0.211938 0.080564 0.860547 -0.219931 -0.467528 0.032559
451.886000 0.381112 0.163569 -0.436199 -0.220146 0.079925 0.898079 -0.211122 -0.483660 0.015974
462.412000 0.369338 0.163694 -0.440593 -0.228505 0.079823 0.936624 -0.190091 -0.499483 0.011576
473.183000 0.357837 0.163703 -0.443138 -0.236924 0.081907 0.978776 -0.138943 -0.509956 0.034303
484.204000 0.346617 0.163594 -0.443883 -0.245317 0.085739 1.027920 -0.070720 -0.510253 0.059798
495.483000 0.335679 0.163379 -0.443031 -0.253594 0.090648 1.085570 0.002617 -0.499212 0.073309
507.024000 0.325008 0.163053 -0.440676 -0.261622 0.096040 1.152200 0.073321 -0.479006 0.069760
518.834000 0.314579 0.162610 -0.436960 -0.269319 0.101478 1.227480 0.137319 -0.452542 0.049960
530.920000 0.304403 0.162068 -0.432086 -0.276683 0.106700 1.311800 0.192503 -0.424351 0.017049
543.286000 0.294478 0.161427 -0.426141 -0.283626 0.111381 1.403620 0.238709 -0.398391 -0.024686
555.941000 0.284789 0.160684 -0.419239 -0.290097 0.115323 1.501360 0.276999 -0.376847 -0.071218
568.891000 0.275320 0.159838 -0.411465 -0.296051 0.118365 1.603580 0.309026 -0.362823 -0.119376
582.142000 0.266070 0.158894 -0.402940 -0.301477 0.120429 1.708960 0.336658 -0.358082 -0.166924
595.702000 0.257048 0.157861 -0.393758 -0.306349 0.121439 1.815740 0.361959 -0.363747 -0.212422
609.577000 0.248239 0.156736 -0.383985 -0.310631 0.121334 1.921730 0.387235 -0.379197 -0.255427
623.776000 0.239638 0.155520 -0.373709 -0.314324 0.120137 2.025950 0.414133 -0.404834 -0.296337
638.306000 0.231227 0.154205 -0.362965 -0.317378 0.117828 2.126100 0.444379 -0.439008 -0.335722
653.174000 0.223015 0.152803 -0.351845 -0.319815 0.114458 2.221330 0.479394 -0.480889 -0.375167
668.388000 0.215007 0.151321 -0.340427 -0.321638 0.110077 2.310120 0.520193 -0.528338 -0.415719
683.957000 0.207173 0.149741 -0.328715 -0.322800 0.104719 2.390770 0.567443 -0.579000 -0.458496
699.888000 0.199536 0.148087 -0.316818 -0.323359 0.098479 2.462830 0.621658 -0.630899 -0.504761
716.191000 0.192085 0.146349 -0.304758 -0.323280 0.091412 2.524850 0.682840 -0.681767 -0.555429
732.873000 0.184802 0.144521 -0.292563 -0.322561 0.083604 2.576030 0.750755 -0.729324 -0.610969
749.944000 0.177703 0.142619 -0.280308 -0.321237 0.075145 2.615900 0.825048 -0.771483 -0.671740
767.412000 0.170769 0.140631 -0.268000 -0.319280 0.066115 2.643500 0.904846 -0.805961 -0.737168
785.288000 0.163999 0.138561 -0.255685 -0.316717 0.056606 2.658680 0.989390 -0.831158 -0.806944
803.579000 0.157389 0.136409 -0.243398 -0.313557 0.046712 2.661120 1.077550 -0.845492 -0.880025
822.297000 0.150946 0.134182 -0.231178 -0.309824 0.036527 2.650750 1.168130 -0.847709 -0.955089
841.451000 0.144644 0.131865 -0.219026 -0.305496 0.026137 2.627390 1.259760 -0.836931 -1.030750
861.051000 0.138498 0.129471 -0.206997 -0.300617 0.015637 2.591190 1.351010 -0.812351 -1.104930
881.107000 0.132502 0.126998 -0.195108 -0.295194 0.005115 2.542400 1.440410 -0.773755 -1.175720
901.631000 0.126648 0.124443 -0.183382 -0.289247 -0.005339 2.481460 1.526550 -0.721264 -1.241260
922.633000 0.120930 0.121802 -0.171832 -0.282769 -0.015643 2.408470 1.607740 -0.654990 -1.299090
944.123000 0.115355 0.119086 -0.160498 -0.275813 -0.025713 2.324340 1.682720 -0.575765 -1.347380
966.115000 0.109913 0.116286 -0.149388 -0.268379 -0.035470 2.229520 1.749960 -0.484489 -1.384070
988.619000 0.104598 0.113401 -0.138520 -0.260482 -0.044832 2.124810 1.808140 -0.382531 -1.407510
1011.650000 0.099411 0.110434 -0.127917 -0.252155 -0.053732 2.011040 1.856030 -0.271311 -1.415960
1035.210000 0.094354 0.107389 -0.117603 -0.243433 -0.062098 1.889320 1.892640 -0.152723 -1.408420
1059.320000 0.089428 0.104270 -0.107600 -0.234345 -0.069865 1.760610 1.916900 -0.028719 -1.383720
1084.000000 0.084620 0.101068 -0.097911 -0.224904 -0.076972 1.626000 1.928080 0.098524 -1.341610
1109.250000 0.079934 0.097787 -0.088561 -0.215143 -0.083357 1.486660 1.925420 0.226633 -1.281850
1135.090000 0.075369 0.094431 -0.079566 -0.205103 -0.088976 1.343900 1.908600 0.353228 -1.204890
1161.530000 0.070919 0.090995 -0.070937 -0.194800 -0.093772 1.198850 1.877110 0.475784 -1.111300
1188.580000 0.066587 0.087485 -0.062696 -0.184285 -0.097709 1.053080 1.831160 0.591752 -1.002780
1216.270000 0.062376 0.083911 -0.054860 -0.173613 -0.100769 0.908024 1.771240 0.698886 -0.881233
1244.600000 0.058284 0.080271 -0.047440 -0.162816 -0.102920 0.765076 1.697750 0.794831 -0.748978
1273.590000 0.054312 0.076575 -0.040452 -0.151951 -0.104161 0.625695 1.611690 0.877670 -0.608799
1303.250000 0.050469 0.072839 -0.033911 -0.141087 -0.104499 0.491323 1.514250 0.945670 -0.463720
1333.610000 0.046754 0.069068 -0.027824 -0.130270 -0.103948 0.363244 1.406740 0.997453 -0.316988
1364.670000 0.043179 0.065286 -0.022204 -0.119578 -0.102548 0.242764 1.290950 1.032110 -0.172062
1396.460000 0.039748 0.061510 -0.017055 -0.109077 -0.100347 0.130965 1.168690 1.049130 -0.032320
1428.990000 0.036471 0.057763 -0.012377 -0.098837 -0.097406 0.028821 1.041980 1.048430 0.098889
1462.270000 0.033354 0.054066 -0.008169 -0.088923 -0.093800 -0.062934 0.912915 1.030510 0.218539
1496.330000 0.030408 0.050446 -0.004422 -0.079401 -0.089616 -0.143718 0.783639 0.996230 0.323842
1531.190000 0.027637 0.046925 -0.001125 -0.070330 -0.084945 -0.213170 0.656313 0.946979 0.412513
1566.850000 0.025047 0.043522 0.001736 -0.061757 -0.079878 -0.271112 0.532975 0.884458 0.482753
1603.350000 0.022637 0.040254 0.004181 -0.053723 -0.074511 -0.317581 0.415599 0.810845 0.533466
1640.700000 0.020402 0.037122 0.006230 -0.046245 -0.068919 -0.352740 0.305885 0.728451 0.564203
1678.920000 0.018328 0.034120 0.007901 -0.039327 -0.063165 -0.376864 0.205277 0.639688 0.575170
1718.020000 0.016403 0.031234 0.009214 -0.032965 -0.057305 -0.390325 0.115013 0.547055 0.567204
1758.040000 0.014612 0.028450 0.010185 -0.027150 -0.051390 -0.393610 0.036089 0.453086 0.541796
1798.990000 0.012938 0.025754 0.010828 -0.021876 -0.045472 -0.387299 -0.030659 0.360382 0.501037
1840.890000 0.011372 0.023132 0.011155 -0.017144 -0.039615 -0.372138 -0.084579 0.271637 0.447706
1883.770000 0.009903 0.020578 0.011177 -0.012961 -0.033893 -0.349065 -0.125243 0.189558 0.385197
1927.650000 0.008527 0.018091 0.010909 -0.009338 -0.028394 -0.319289 -0.152597 0.116698 0.317433
1972.550000 0.007242 0.015679 0.010371 -0.006287 -0.023214 -0.284340 -0.167141 0.055142 0.248574
2018.500000 0.006049 0.013356 0.009595 -0.003804 -0.018446 -0.245942 -0.169950 0.006269 0.182587
2065.520000 0.004952 0.011143 0.008620 -0.001875 -0.014170 -0.205936 -0.162593 -0.029290 0.123028
2113.630000 0.003956 0.009066 0.007496 -0.000471 -0.010457 -0.166236 -0.147139 -0.051774 0.072758
2162.860000 0.003069 0.007156 0.006284 0.000452 -0.007354 -0.128688 -0.126031 -0.062318 0.033644
2213.240000 0.002296 0.005444 0.005048 0.000962 -0.004876 -0.094901 -0.101912 -0.062932 0.006288
2264.790000 0.001645 0.003963 0.003859 0.001140 -0.003006 -0.066147 -0.077425 -0.056288 -0.009989
2317.550000 0.001118 0.002732 0.002783 0.001082 -0.001689 -0.043131 -0.054851 -0.045376 -0.017063
2371.530000 0.000712 0.001766 0.001874 0.000888 -0.000835 -0.025960 -0.035866 -0.033076 -0.017583
2426.770000 0.000420 0.001055 0.001163 0.000643 -0.000338 -0.014142 -0.021318 -0.021649 -0.014341
2483.300000 0.000224 0.000570 0.000652 0.000409 -0.000090 -0.006762 -0.011232 -0.012476 -0.009711
2541.140000 0.000104 0.000267 0.000317 0.000221 0.000004 -0.002693 -0.005025 -0.006092 -0.005396
2600.330000 0.000039 0.000102 0.000125 0.000096 0.000020 -0.000812 -0.001768 -0.002346 -0.002322
2660.900000 0.000010 0.000028 0.000035 0.000029 0.000011 -0.000153 -0.000424 -0.000623 -0.000683
2722.880000 0.000002 0.000004 0.000005 0.000005 0.000003 -0.000011 -0.000052 -0.000087 -0.000106
2786.310000 0.000000 0.000000 0.000000 0.000000 0.000000 0.000000 -0.000002 -0.000004 -0.000005
2851.210000 0.000000 0.000000 0.000000 0.000000 0.000000 0.000000 -0.000000 -0.000000 -0.000000
2917.620000 0.000000 0.000000 0.000000 0.000000 0.000000 0.000000 0.000000 0.000000 0.000000
2985.580000 0.000000 0.000000 0.000000 0.000000 0.000000 0.000000 0.000000 0.000000 0.000000
3055.120000 0.000000 0.000000 0.000000 0.000000 0.000000 0.000000 0.000000 0.000000 0.000000
3126.290000 0.000000 0.000000 0.000000 0.000000 0.000000 0.000000 0.000000 0.000000 0.000000
3199.110000 0.000000 0.000000 0.000000 0.000000 0.000000 0.000000 0.000000 0.000000 0.000000
3273.620000 0.000000 0.000000 0.000000 0.000000 0.000000 0.000000 0.000000 0.000000 0.000000
3349.880000 0.000000 0.000000 0.000000 0.000000 0.000000 0.000000 0.000000 0.000000 0.000000
3427.910000 0.000000 0.000000 0.000000 0.000000 0.000000 0.000000 0.000000 0.000000 0.000000
3507.750000 0.000000 0.000000 0.000000 0.000000 0.000000 0.000000 0.000000 0.000000 0.000000
3589.460000 0.000000 0.000000 0.000000 0.000000 0.000000 0.000000 0.000000 0.000000 0.000000
3673.070000 0.000000 0.000000 0.000000 0.000000 0.000000 0.000000 0.000000 0.000000 0.000000
3758.620000 0.000000 0.000000 0.000000 0.000000 0.000000 0.000000 0.000000 0.000000 0.000000
3846.170000 0.000000 0.000000 0.000000 0.000000 0.000000 0.000000 0.000000 0.000000 0.000000
3935.760000 0.000000 0.000000 0.000000 0.000000 0.000000 0.000000 0.000000 0.000000 0.000000
4027.440000 0.000000 0.000000 0.000000 0.000000 0.000000 0.000000 0.000000 0.000000 0.000000
4121.250000 0.000000 0.000000 0.000000 0.000000 0.000000 0.000000 0.000000 0.000000 0.000000
4217.240000 0.000000 0.000000 0.000000 0.000000 0.000000 0.000000 0.000000 0.000000 0.000000
4315.480000 0.000000 0.000000 0.000000 0.000000 0.000000 0.000000 0.000000 0.000000 0.000000
4416.000000 0.000000 0.000000 0.000000 0.000000 0.000000 0.000000 0.000000 0.000000 0.000000
4518.860000 0.000000 0.000000 0.000000 0.000000 0.000000 0.000000 0.000000 0.000000 0.000000
4624.120000 0.000000 0.000000 0.000000 0.000000 0.000000 0.000000 0.000000 0.000000 0.000000
4731.830000 0.000000 0.000000 0.000000 0.000000 0.000000 0.000000 0.000000 0.000000 0.000000
4842.040000 0.000000 0.000000 0.000000 0.000000 0.000000 0.000000 0.000000 0.000000 0.000000
4954.830000 0.000000 0.000000 0.000000 0.000000 0.000000 0.000000 0.000000 0.000000 0.000000
5070.240000 0.000000 0.000000 0.000000 0.000000 0.000000 0.000000 0.000000 0.000000 0.000000
5188.340000 0.000000 0.000000 0.000000 0.000000 0.000000 0.000000 0.000000 0.000000 0.000000
5309.200000 0.000000 0.000000 0.000000 0.000000 0.000000 0.000000 0.000000 0.000000 0.000000
5432.860000 0.000000 0.000000 0.000000 0.000000 0.000000 0.000000 0.000000 0.000000 0.000000
5559.410000 0.000000 0.000000 0.000000 0.000000 0.000000 0.000000 0.000000 0.000000 0.000000
5688.910000 0.000000 0.000000 0.000000 0.000000 0.000000 0.000000 0.000000 0.000000 0.000000
5821.420000 0.000000 0.000000 0.000000 0.000000 0.000000 0.000000 0.000000 0.000000 0.000000
5957.020000 0.000000 0.000000 0.000000 0.000000 0.000000 0.000000 0.000000 0.000000 0.000000
6095.770000 0.000000 0.000000 0.000000 0.000000 0.000000 0.000000 0.000000 0.000000 0.000000
6237.760000 0.000000 0.000000 0.000000 0.000000 0.000000 0.000000 0.000000 0.000000 0.000000
6383.060000 0.000000 0.000000 0.000000 0.000000 0.000000 0.000000 0.000000 0.000000 0.000000
6531.740000 0.000000 0.000000 0.000000 0.000000 0.000000 0.000000 0.000000 0.000000 0.000000
6683.880000 0.000000 0.000000 0.000000 0.000000 0.000000 0.000000 0.000000 0.000000 0.000000
6839.570000 0.000000 0.000000 0.000000 0.000000 0.000000 0.000000 0.000000 0.000000 0.000000
6998.880000 0.000000 0.000000 0.000000 0.000000 0.000000 0.000000 0.000000 0.000000 0.000000
7161.910000 0.000000 0.000000 0.000000 0.000000 0.000000 0.000000 0.000000 0.000000 0.000000
7328.730000 0.000000 0.000000 0.000000 0.000000 0.000000 0.000000 0.000000 0.000000 0.000000
7499.440000 0.000000 0.000000 0.000000 0.000000 0.000000 0.000000 0.000000 0.000000 0.000000
7674.120000 0.000000 0.000000 0.000000 0.000000 0.000000 0.000000 0.000000 0.000000 0.000000
7852.880000 0.000000 0.000000 0.000000 0.000000 0.000000 0.000000 0.000000 0.000000 0.000000
8035.790000 0.000000 0.000000 0.000000 0.000000 0.000000 0.000000 0.000000 0.000000 0.000000
8222.970000 0.000000 0.000000 0.000000 0.000000 0.000000 0.000000 0.000000 0.000000 0.000000
8414.510000 0.000000 0.000000 0.000000 0.000000 0.000000 0.000000 0.000000 0.000000 0.000000
8610.510000 0.000000 0.000000 0.000000 0.000000 0.000000 0.000000 0.000000 0.000000 0.000000
8811.070000 0.000000 0.000000 0.000000 0.000000 0.000000 0.000000 0.000000 0.000000 0.000000
9016.310000 0.000000 0.000000 0.000000 0.000000 0.000000 0.000000 0.000000 0.000000 0.000000
9226.330000 0.000000 0.000000 0.000000 0.000000 0.000000 0.000000 0.000000 0.000000 0.000000
9441.230000 0.000000 0.000000 0.000000 0.000000 0.000000 0.000000 0.000000 0.000000 0.000000
9661.150000 0.000000 0.000000 0.000000 0.000000 0.000000 0.000000 0.000000 0.000000 0.000000
9886.190000 0.000000 0.000000 0.000000 0.000000 0.000000 0.000000 0.000000 0.000000 0.000000
