# s W_0 W_1 W_2 W_3 W_4 W_5 W_6 W_7 W_8
0.101165 21.905138 0.003744 -8.104663 0.005503 -66.464203 -0.107384 272.462000 0.086390 26.679100
0.103521 0.000000 0.000000 0.000000 0.000000 0.000000 0.000000 0.000000 0.000000 0.000000
0.105932 0.000000 0.000000 0.000000 0.000000 0.000000 0.000000 0.000000 0.000000 0.000000
0.108400 0.000000 0.000000 0.000000 0.000000 0.000000 0.000000 0.000000 0.000000 0.000000
0.110925 0.000000 0.000000 0.000000 0.000000 0.000000 0.000000 0.000000 0.000000 0.000000
0.113509 0.000000 0.000000 0.000000 0.000000 0.000000 0.000000 0.000000 0.000000 0.000000
0.116153 0.000000 0.000000 0.000000 0.000000 0.000000 0.000000 0.000000 0.000000 0.000000
0.118858 0.000000 0.000000 0.000000 0.000000 0.000000 0.000000 0.000000 0.000000 0.000000
0.121627 0.000000 0.000000 0.000000 0.000000 0.000000 0.000000 0.000000 0.000000 0.000000
0.124460 0.000000 0.000000 0.000000 0.000000 0.000000 0.000000 0.000000 0.000000 0.000000
0.127359 0.000000 0.000000 0.000000 0.000000 0.000000 0.000000 0.000000 0.000000 0.000000
0.130325 0.000000 0.000000 0.000000 0.000000 0.000000 0.000000 0.000000 0.000000 0.000000
0.133361 0.000000 0.000000 0.000000 0.000000 0.000000 0.000000 0.000000 0.000000 0.000000
0.136467 0.000000 0.000000 0.000000 0.000000 0.000000 0.000000 0.000000 0.000000 0.000000
0.139646 0.000000 0.000000 0.000000 0.000000 0.000000 0.000000 0.000000 0.000000 0.000000
0.142899 0.000000 0.000000 0.000000 0.000000 0.000000 0.000000 0.000000 0.000000 0.000000
0.146227 0.000000 0.000000 0.000000 0.000000 0.000000 0.000000 0.000000 0.000000 0.000000
0.149633 0.000000 0.000000 0.000000 0.000000 0.000000 0.000000 0.000000 0.000000 0.000000
0.153119 0.000000 0.000000 0.000000 0.000000 0.000000 0.000000 0.000000 0.000000 0.000000
0.156685 0.000000 0.000000 0.000000 0.000000 0.000000 0.000000 0.000000 0.000000 0.000000
0.160335 0.000000 0.000000 0.000000 0.000000 0.000000 0.000000 0.000000 0.000000 0.000000
0.164070 0.000000 0.000000 0.000000 0.000000 0.000000 0.000000 0.000000 0.000000 0.000000
0.167892 0.000000 0.000000 0.000000 0.000000 0.000000 0.000000 0.000000 0.000000 0.000000
0.171802 4.275524 0.000720 -5.673900 -0.000550 -4.019709 -0.010889 52.000700 0.028949 -64.031700
0.175804 0.000000 0.000000 0.000000 0.000000 0.000000 0.000000 0.000000 0.000000 0.000000
0.179899 6.399241 0.001021 8.756185 0.005641 -22.766623 -0.014486 -49.841500 -0.059507 99.329100
0.184089 0.000000 0.000000 0.000000 0.000000 0.000000 0.000000 0.000000 0.000000 0.000000
0.188377 0.000000 0.000000 0.000000 0.000000 0.000000 0.000000 0.000000 0.000000 0.000000
0.192765 4.807068 0.001551 -5.999907 -0.000898 -5.582687 -0.026090 61.310400 0.063360 -68.771200
0.197255 0.000000 0.000000 0.000000 0.000000 0.000000 0.000000 0.000000 0.000000 0.000000
0.201850 5.446851 0.001604 -13.617127 -0.005614 18.383136 0.035882 -72.002200 -0.057085 82.387100
0.206552 0.000000 0.000000 0.000000 0.000000 0.000000 0.000000 0.000000 0.000000 0.000000
0.211363 0.000000 0.000000 0.000000 0.000000 0.000000 0.000000 0.000000 0.000000 0.000000
0.216286 0.000000 0.000000 0.000000 0.000000 0.000000 0.000000 0.000000 0.000000 0.000000
0.221324 0.000000 0.000000 0.000000 0.000000 0.000000 0.000000 0.000000 0.000000 0.000000
0.226479 0.000000 0.000000 0.000000 0.000000 0.000000 0.000000 0.000000 0.000000 0.000000
0.231755 0.000000 0.000000 0.000000 0.000000 0.000000 0.000000 0.000000 0.000000 0.000000
0.237153 0.000000 0.000000 0.000000 0.000000 0.000000 0.000000 0.000000 0.000000 0.000000
0.242677 3.651937 0.000956 -2.280273 0.000838 -9.504852 -0.025396 49.927500 0.030703 -14.831200
0.248330 0.000000 0.000000 0.000000 0.000000 0.000000 0.000000 0.000000 0.000000 0.000000
0.254114 0.000000 0.000000 0.000000 0.000000 0.000000 0.000000 0.000000 0.000000 0.000000
0.260033 1.298749 0.000238 0.483488 0.000763 -4.903106 -0.006835 6.822760 -0.003058 18.284900
0.266090 0.000000 0.000000 0.000000 0.000000 0.000000 0.000000 0.000000 0.000000 0.000000
0.272288 2.648463 0.000488 3.817245 0.002781 -9.235577 -0.006091 -23.023200 -0.029524 39.111100
0.278631 0.000000 0.000000 0.000000 0.000000 0.000000 0.000000 0.000000 0.000000 0.000000
0.285121 7.772724 0.000885 21.847699 0.004893 10.490710 0.009775 11.456300 0.033689 -67.572300
0.291762 0.000000 0.000000 0.000000 0.000000 0.000000 0.000000 0.000000 0.000000 0.000000
0.298558 0.000000 0.000000 0.000000 0.000000 0.000000 0.000000 0.000000 0.000000 0.000000
0.305512 0.000000 0.000000 0.000000 0.000000 0.000000 0.000000 0.000000 0.000000 0.000000
0.312629 2.491265 0.000575 2.340717 0.002266 -8.132230 -0.012379 -2.726200 -0.011912 23.587400
0.319911 1.940191 0.000328 3.537367 0.000925 1.131390 -0.008670 33.278400 0.002107 38.342000
0.327362 0.000000 0.000000 0.000000 0.000000 0.000000 0.000000 0.000000 0.000000 0.000000
0.334988 0.000000 0.000000 0.000000 0.000000 0.000000 0.000000 0.000000 0.000000 0.000000
0.342791 0.000000 0.000000 0.000000 0.000000 0.000000 0.000000 0.000000 0.000000 0.000000
0.350775 1.685768 0.000774 -3.770348 -0.002218 3.782948 0.009058 -7.729140 -0.004406 -0.256088
0.358946 2.228345 0.000872 -1.709171 -0.000155 -3.035329 -0.007280 6.973840 -0.002070 12.950700
0.367307 0.477674 0.000193 0.664719 0.001079 -1.689069 -0.002640 -3.859290 -0.011409 7.305390
0.375862 2.121864 0.000809 -1.085427 0.000922 -5.952426 -0.022363 28.056000 0.022991 -3.667040
0.384617 0.389779 0.000151 -0.602124 -0.000192 -0.111005 -0.001494 3.854750 0.005428 -6.095630
0.393576 2.390700 0.001080 -3.952129 -0.002245 2.551992 0.010092 -12.469000 -0.023182 24.312900
0.402744 0.975013 0.000710 -2.159487 -0.002042 2.115229 0.008561 -4.130320 -0.005219 -0.248042
0.412125 0.392807 0.000244 -0.808804 -0.000603 0.599729 0.001361 0.136597 0.002281 -2.969080
0.421724 1.508314 0.000585 1.553512 0.001430 -2.403303 -0.002058 -5.395180 0.005387 -8.192350
0.431548 2.518343 0.001063 -1.421963 0.000492 -5.322416 -0.017465 18.156000 0.009898 7.636070
0.441600 1.941276 0.000987 -2.678722 -0.001423 0.204523 0.001164 0.234660 -0.005848 7.787330
0.451886 0.498965 0.000137 0.506251 -0.000210 1.842970 0.002744 1.848070 0.002333 -1.580300
0.462412 0.000000 0.000000 0.000000 0.000000 0.000000 0.000000 0.000000 0.000000 0.000000
0.473183 1.110474 0.000629 -0.979662 -0.000747 -0.395904 0.001879 -1.648750 -0.004349 1.938850
0.484204 1.400048 0.000809 -1.744759 -0.000517 -1.466847 -0.012039 15.753100 0.028380 -16.880300
0.495483 1.416637 0.000961 -1.201235 -0.000576 -1.535795 -0.004037 3.442100 -0.005566 6.516310
0.507024 0.168648 0.000086 -0.257659 -0.000106 -0.057055 -0.000892 1.703690 0.003143 -2.640630
0.518834 1.353858 0.000770 -0.117117 0.000341 -0.423179 0.001627 -2.280860 0.004830 -7.242690
0.530920 1.561976 0.000709 0.663265 0.002040 -4.186278 -0.011458 1.097220 -0.006968 6.129100
0.543286 1.369033 0.000632 0.741027 0.001217 -1.807787 -0.003552 -3.709660 -0.003870 -4.386220
0.555941 0.575878 0.000440 -0.738332 -0.000314 0.248611 -0.000237 -1.835050 -0.002299 2.204580
0.568891 1.117871 0.000564 0.041797 -0.000468 1.480053 0.005293 -0.683416 0.001306 -0.345522
0.582142 1.262024 0.000575 0.942980 0.000945 -0.976266 -0.000437 -3.518620 -0.000108 -7.182400
0.595702 2.094485 0.001157 -0.136673 0.000447 -1.778417 -0.013008 11.167800 0.022952 -10.353700
0.609577 1.394255 0.000966 -1.363756 -0.000873 -0.424648 0.001334 -2.509670 -0.010686 6.460460
0.623776 0.740741 0.000587 -0.511986 -0.000098 -0.860606 -0.005623 4.057670 0.012198 -6.025250
0.638306 2.235128 0.001277 0.687829 0.001268 -0.944674 0.001616 -7.748330 -0.017200 5.907420
0.653174 0.628664 0.000295 0.919950 0.000447 0.787313 0.004281 -3.962320 0.004224 -8.390230
0.668388 1.194474 0.000675 0.536243 0.000577 0.569160 0.001082 -0.970634 -0.006778 7.917410
0.683957 0.825328 0.000636 -0.410330 -0.000702 0.486441 0.001797 0.814284 -0.006186 5.836050
0.699888 1.231344 0.000797 0.133406 0.000011 -0.015840 0.001777 -1.843430 -0.015955 11.449300
0.716191 1.149445 0.000880 -0.192705 -0.001020 1.763272 0.003529 2.872250 0.001771 1.500850
0.732873 1.313641 0.000928 0.586014 -0.000043 1.044012 0.004353 -0.285641 0.002056 -0.402472
0.749944 1.207412 0.000787 0.576315 0.000865 -0.476441 -0.001040 -3.845380 -0.001935 -2.915950
0.767412 1.717745 0.001083 0.740538 0.002281 -3.446830 -0.019003 8.160940 0.000944 10.477500
0.785288 0.886704 0.000774 -0.423161 0.000039 -0.425370 -0.001264 -1.256970 -0.000534 -2.818560
0.803579 0.957922 0.000948 -0.244977 0.000171 -1.149568 -0.005532 0.683303 0.005362 -1.242300
0.822297 0.995941 0.000766 0.255374 0.001225 -1.238762 -0.004482 -1.779840 -0.007985 3.189430
0.841451 0.785831 0.000750 -0.155697 0.000245 -0.526363 -0.000560 -1.883730 -0.004464 -0.729868
0.861051 0.956432 0.000716 0.422863 0.000888 -0.923579 -0.003728 -0.719400 -0.005822 3.390920
0.881107 1.194007 0.001129 -0.261930 -0.000541 -0.009968 0.003776 -3.463390 -0.000004 -3.325340
0.901631 1.171861 0.001110 -0.040240 0.000159 -0.051783 -0.007704 3.823760 0.010554 1.321490
0.922633 1.082926 0.001074 0.274469 0.000021 0.223601 0.003397 -1.307560 -0.001382 -0.211954
0.944123 0.776572 0.000759 0.010933 0.000239 -0.566078 -0.001431 -1.388600 0.005909 -5.037990
0.966115 1.137497 0.001203 -0.220550 0.000520 -1.438709 -0.009459 1.951190 0.002156 1.273460
0.988619 1.252967 0.001371 -0.638148 -0.001245 0.905982 0.000867 2.900520 0.003480 2.148560
1.011650 1.257835 0.001236 -0.307204 -0.000783 0.648508 0.004662 -0.717697 -0.004434 1.924120
1.035210 0.901618 0.001060 -0.196136 -0.000746 0.606401 0.004753 -1.503100 0.000568 -2.919470
1.059320 1.136055 0.001288 -0.209488 0.000390 -0.823269 -0.010089 4.119330 0.000689 5.479990
1.084000 1.054895 0.001246 -0.231795 -0.000415 -0.261979 -0.007742 5.929790 0.012637 0.554008
1.109250 1.050558 0.001211 -0.252331 -0.000099 -0.119878 0.000517 -0.858873 0.000662 -2.702540
1.135090 1.279553 0.001384 0.369948 0.000737 -0.058362 0.000497 -0.628290 -0.008345 1.556520
1.161530 0.789144 0.001019 -0.276213 -0.000647 0.731217 0.004549 -0.973359 -0.007277 1.790600
1.188580 1.081284 0.001326 -0.038236 -0.000287 0.228399 0.003112 -1.383950 -0.005021 0.792579
1.216270 1.264897 0.001432 0.601420 0.000423 0.461450 0.003137 0.007765 -0.005257 2.216540
1.244600 1.115536 0.001430 0.233693 0.000521 -0.162733 0.000266 -0.909604 -0.001539 -1.737450
1.273590 0.905598 0.001079 0.194016 0.000093 0.117757 0.001946 -0.145563 0.000212 -0.915435
1.303250 1.118891 0.001509 0.000186 0.000098 -0.305230 -0.001911 0.287320 -0.001207 0.922245
1.333610 1.020257 0.001304 0.305930 0.000886 -0.430752 -0.006552 1.698570 0.010332 -2.498250
1.364670 1.110754 0.001765 -0.717004 -0.001713 0.437998 0.002591 0.320417 0.003843 -1.013810
1.396460 1.137217 0.001751 -0.357572 -0.000297 -0.246804 -0.003503 0.380619 0.002307 -0.893858
1.428990 0.925730 0.001204 0.500083 0.000913 -0.198456 -0.003821 0.994718 0.002918 0.610639
1.462270 1.127822 0.001767 -0.257791 0.000184 -0.600934 -0.005253 -0.160931 -0.001449 0.505329
1.496330 1.028523 0.001569 0.029544 0.000461 -0.247503 -0.005435 1.561870 0.003050 0.082902
1.531190 1.025890 0.001632 -0.146639 -0.000573 0.246991 0.001232 0.651502 0.009328 -3.256190
1.566850 0.949173 0.001484 0.002879 -0.000063 0.230629 0.002016 -0.722369 -0.003323 0.518656
1.603350 0.900893 0.001489 -0.180723 0.000159 -0.396461 -0.003380 0.172862 -0.004606 1.031430
1.640700 0.897801 0.001539 -0.141612 -0.000088 -0.227468 -0.002340 0.019742 0.004172 -1.496000
1.678920 0.945915 0.001675 -0.173474 -0.000112 -0.232381 -0.000596 -0.226622 -0.003878 0.736672
1.718020 1.053810 0.001797 0.111952 0.000077 0.146838 -0.001278 1.526340 0.011143 -2.031600
1.758040 1.109251 0.001960 0.077866 0.000013 0.202579 0.001099 0.518636 0.002241 0.200993
1.798990 1.183847 0.002229 -0.323893 -0.000707 0.008051 -0.001814 1.003490 0.004239 0.206169
1.840890 0.949745 0.001683 0.237883 0.000227 0.053287 0.000216 0.331356 0.003727 -0.161301
1.883770 1.162851 0.002103 0.199671 0.000423 -0.130101 -0.004045 1.703040 0.012471 -1.520130
1.927650 0.908219 0.001695 0.129194 0.000448 -0.022109 -0.002031 0.384191 -0.004044 1.793450
1.972550 0.968510 0.001878 0.075235 0.000223 -0.064848 -0.002167 0.559062 0.004531 -0.872791
2.018500 1.128262 0.002333 -0.233618 -0.000666 0.083473 0.001177 0.002807 0.002053 -0.449623
2.065520 1.107078 0.002505 -0.310251 -0.000956 0.222241 0.003996 -1.330990 -0.007613 0.401923
2.113630 0.994137 0.002231 -0.204072 -0.000300 -0.218450 -0.003404 0.343488 0.002198 -0.037256
2.162860 1.139344 0.002400 0.209530 0.000286 0.225209 0.000358 0.426507 -0.005057 1.812470
2.213240 0.914080 0.002098 0.032255 -0.000116 0.105505 -0.000323 0.383361 0.004866 -0.551673
2.264790 1.025868 0.002349 -0.084434 -0.000157 0.036433 0.000145 -0.018849 -0.005003 1.272570
2.317550 1.039274 0.002377 0.031616 0.000136 0.078792 -0.000936 0.500518 0.004230 -0.506462
2.371530 1.017792 0.002416 0.032497 0.000155 0.020685 -0.003139 0.868305 0.002010 0.623351
2.426770 0.991663 0.002387 0.094842 -0.000054 0.194182 0.000823 0.526787 0.005958 -0.652138
2.483300 0.971617 0.002405 -0.037396 -0.000226 0.057148 0.000537 0.288144 -0.000223 0.759998
2.541140 0.956524 0.002503 -0.016580 0.000165 -0.102463 0.000054 -0.806804 -0.002327 -0.413155
2.600330 0.995837 0.002649 0.019957 -0.000037 0.010946 0.001865 -0.690489 -0.004169 0.013349
2.660900 0.997552 0.002651 0.076935 0.000020 0.109624 0.000397 -0.084832 0.003591 -0.531728
2.722880 0.977105 0.002748 -0.113878 -0.000771 0.187963 0.003108 0.023173 -0.003570 1.045040
2.786310 1.049031 0.002903 0.139399 0.000350 0.051116 0.002804 -0.700756 -0.000732 -0.699089
2.851210 0.955584 0.002741 0.066628 -0.000005 0.093126 0.003395 -0.590876 -0.004828 0.054607
2.917620 0.960593 0.002968 -0.261541 -0.000721 -0.045760 0.001065 -0.572969 -0.003350 0.033683
2.985580 1.041545 0.003122 0.076027 0.000432 -0.101391 -0.004024 0.604604 0.008562 -0.870573
3.055120 1.015570 0.003167 -0.029897 0.000193 -0.061205 0.002065 -0.720014 -0.005606 0.029621
3.126290 1.051791 0.003282 0.007209 0.000011 0.034242 -0.001502 0.636307 0.006864 -0.439721
3.199110 1.064535 0.003366 0.105686 0.000871 -0.234942 -0.005407 0.198252 0.005456 -0.637990
3.273620 1.022657 0.003445 -0.064462 -0.000210 -0.062006 0.001912 -0.716678 -0.006486 0.353433
3.349880 1.066681 0.003522 0.128721 0.000828 -0.112326 -0.000496 -0.623831 -0.002814 -0.420956
3.427910 1.048585 0.003675 -0.030844 -0.000277 0.048411 0.003027 -0.352322 -0.001995 -0.261614
3.507750 1.004565 0.003513 0.059669 0.000601 -0.127585 -0.003474 0.173261 0.003928 -0.563831
3.589460 1.060113 0.003820 0.041423 0.000195 0.005573 0.001209 -0.248787 -0.001802 0.001046
3.673070 1.018317 0.003754 0.069598 0.000330 -0.055534 -0.003657 0.596611 0.002974 0.392669
3.758620 1.020905 0.003857 0.018204 -0.000047 0.039420 0.003413 -0.489143 -0.001139 -0.455107
3.846170 1.004383 0.004041 -0.070983 -0.000381 0.044758 0.000500 -0.027232 0.006026 -0.986853
3.935760 1.054541 0.004170 -0.015538 0.000263 -0.099269 -0.001847 -0.045393 -0.000485 -0.035128
4.027440 1.038840 0.004238 0.001350 -0.000070 0.010182 0.001699 -0.264191 -0.003770 0.160644
4.121250 0.973989 0.003995 0.045836 0.000678 -0.132384 -0.005233 0.509404 -0.002934 0.989548
4.217240 0.994217 0.004228 0.007900 0.000554 -0.169025 -0.005007 0.247549 0.004418 -0.282361
4.315480 1.032168 0.004428 0.090065 0.000503 0.042061 -0.000315 0.123978 0.001916 -0.010603
4.416000 1.021151 0.004563 -0.002432 0.000002 -0.010375 -0.000918 0.083490 -0.003018 0.457455
4.518860 0.975185 0.004493 -0.056074 -0.000180 -0.034154 -0.001664 0.144385 -0.001333 0.369511
4.624120 1.032190 0.004753 0.097439 -0.000018 0.166339 0.004420 -0.007523 0.000941 -0.065589
4.731830 1.028834 0.004855 0.093800 0.000511 -0.024378 -0.000144 -0.009734 0.000080 0.003403
4.842040 1.001018 0.004886 0.018751 0.000196 -0.024760 -0.000873 -0.057086 0.000463 0.057099
4.954830 0.992309 0.004932 0.032419 0.000478 -0.068715 -0.002401 0.106791 0.001024 -0.007336
5.070240 0.994355 0.005075 0.029769 0.000128 0.032539 0.001428 0.055974 -0.002969 0.230224
5.188340 0.987435 0.005193 0.011986 0.000127 -0.045838 -0.002192 0.136014 -0.001944 0.429889
5.309200 1.022082 0.005542 -0.028665 -0.000191 0.001621 0.001194 -0.146305 -0.001417 0.033692
5.432860 1.000530 0.005434 0.038106 0.000290 -0.036699 0.001683 -0.318601 -0.001348 -0.327616
5.559410 1.001206 0.005595 -0.003461 0.000043 -0.009076 -0.000033 0.044441 -0.001776 0.164416
5.688910 0.994555 0.005715 0.018541 0.000174 -0.003256 -0.001003 0.076656 -0.000202 0.167432
5.821420 1.023480 0.006064 -0.036904 -0.000758 0.130876 0.002976 0.139400 -0.001634 0.340276
5.957020 0.994893 0.006011 -0.038878 -0.000934 0.171912 0.008204 -0.302039 -0.004680 0.061410
6.095770 0.995652 0.006109 0.018301 -0.000011 0.052097 0.002659 -0.150376 -0.001217 -0.125280
6.237760 1.010939 0.006336 0.031819 0.000226 -0.001435 -0.000270 0.022492 0.001045 -0.060618
6.383060 0.984435 0.006383 -0.002959 -0.000039 0.009792 -0.000739 0.132461 0.002379 -0.060180
6.531740 0.996525 0.006610 -0.007592 0.000097 -0.036030 -0.001334 -0.015666 0.000543 -0.044119
6.683880 1.001203 0.006770 0.017741 0.000040 0.018375 0.002628 -0.245311 -0.004056 0.069078
6.839570 1.006538 0.006906 0.024335 0.000304 -0.010846 0.000203 -0.097878 -0.002522 0.112229
6.998880 1.006501 0.007103 0.003354 -0.000051 0.023461 -0.000910 0.245463 0.002104 0.170595
7.161910 1.002801 0.007254 0.022808 0.000029 0.026668 -0.000230 0.139914 0.004203 -0.193762
7.328730 1.005963 0.007413 0.014282 0.000296 -0.032587 -0.001753 0.054420 0.003157 -0.195374
7.499440 1.000978 0.007627 -0.010593 -0.000353 0.057648 0.002787 -0.030443 -0.001993 0.056717
7.674120 0.993658 0.007718 -0.002865 -0.000131 0.027734 0.000084 0.118403 0.001421 0.031225
7.852880 0.976273 0.007763 0.000507 0.000036 -0.003454 -0.001308 0.140928 0.002288 -0.002604
8.035790 0.997293 0.008121 0.015402 0.000135 -0.002419 0.001617 -0.237431 -0.006666 0.221512
8.222970 0.992484 0.008260 0.005114 0.000043 0.007481 -0.001091 0.157292 -0.000764 0.259320
8.414510 0.981094 0.008318 0.019918 0.000362 -0.028112 -0.001644 0.088083 -0.001898 0.216802
8.610510 1.006701 0.008726 0.018571 0.000432 -0.014091 -0.000962 -0.028386 -0.001746 0.120036
8.811070 1.003394 0.008977 -0.012169 -0.000180 0.016851 0.001062 -0.006602 -0.001760 0.063945
9.016310 0.993516 0.009032 0.032070 0.000217 0.027491 0.001190 0.039015 0.000677 0.004258
9.226330 0.983006 0.009141 0.015392 0.000245 -0.006728 -0.000115 0.013177 0.001760 -0.127368
9.441230 0.998317 0.009508 0.009000 -0.000068 0.026074 0.001092 0.053099 -0.001557 0.117254
9.661150 0.991291 0.009705 0.001344 -0.000115 0.025906 0.001585 -0.015965 -0.001523 0.044274
9.886190 0.996657 0.009963 -0.000383 0.000051 -0.007405 -0.001049 0.033090 0.000600 0.043536
10.116500 0.997607 0.010209 0.000263 -0.000063 0.002293 -0.000096 0.042454 0.002920 -0.117049
10.352100 0.988879 0.010338 0.005978 0.000131 0.001148 -0.001179 0.073638 0.003047 -0.051098
10.593200 0.981875 0.010538 -0.006513 -0.000403 0.036843 0.001910 0.035858 0.000252 0.019672
10.840000 0.978304 0.010730 -0.002728 0.000195 -0.031649 -0.001675 -0.020625 0.000838 -0.066308
11.092500 0.992456 0.011146 0.000588 -0.000169 0.023035 0.000487 0.046304 0.003160 -0.081969
11.350900 0.970000 0.011114 0.015852 -0.000085 0.033851 0.001530 0.080671 0.002421 -0.055712
11.615300 0.979361 0.011530 -0.012263 0.000040 -0.018025 -0.001385 0.002007 -0.000740 0.069937
11.885800 0.979229 0.011820 -0.018476 -0.000431 0.035312 0.001461 0.044562 0.002415 -0.070503
12.162700 0.974336 0.012017 -0.012261 -0.000176 0.003485 -0.002248 0.180871 0.004741 -0.001880
12.446000 0.979549 0.012320 0.003415 0.000095 0.004169 -0.001050 0.102968 -0.001521 0.193599
12.735900 0.978608 0.012597 0.008805 0.000151 -0.000245 0.000022 0.019259 -0.000971 0.013045
13.032500 0.985139 0.012932 0.018392 0.000380 0.005298 -0.000107 0.026492 -0.000977 0.047912
13.336100 0.983565 0.013265 0.009392 -0.000034 0.016351 0.000547 0.052822 0.001755 -0.001949
13.646700 0.976586 0.013506 -0.000420 -0.000182 0.016449 0.001857 -0.012063 0.000663 -0.054309
13.964600 0.981051 0.013832 0.014039 0.000152 0.013539 0.001040 -0.000126 -0.000247 0.030221
14.289900 0.970160 0.014010 0.008710 0.000108 0.010269 0.000576 0.019349 -0.000695 0.067801
14.622700 0.973962 0.014396 0.008963 0.000080 0.012971 0.001397 -0.031818 -0.001280 0.020189
14.963300 0.974201 0.014720 0.011306 0.000240 0.005789 0.000164 0.013302 -0.001078 0.064528
15.311900 0.972529 0.015098 -0.006191 -0.000386 0.027959 0.003022 -0.036115 -0.003534 0.066887
15.668500 0.969281 0.015305 0.012980 0.000307 0.005533 0.000389 -0.011774 0.000275 -0.036268
16.033500 0.971976 0.015763 0.004182 0.000105 0.000851 -0.000198 0.018378 -0.002237 0.094552
16.407000 0.970252 0.016105 -0.000605 -0.000004 -0.002743 -0.000602 0.001259 -0.000269 0.047756
16.789200 0.973501 0.016556 -0.002021 0.000044 0.000160 -0.000453 0.010107 0.001061 -0.014353
17.180200 0.966097 0.016778 0.004937 -0.000109 0.021531 0.000286 0.094854 0.002638 0.043040
17.580400 0.963488 0.017104 0.010942 0.000180 0.011334 0.000100 0.042854 0.000351 0.032233
17.989900 0.970194 0.017628 0.010491 0.000029 0.017283 0.002999 -0.058353 -0.001587 -0.011803
18.408900 0.965363 0.017963 0.005142 0.000140 0.006867 0.000702 -0.014829 -0.000863 0.024131
18.837700 0.963525 0.018355 0.005874 0.000009 0.016538 0.001592 -0.004503 -0.000508 0.003630
19.276500 0.960049 0.018726 0.000991 -0.000064 0.010691 0.001291 -0.002945 -0.000229 0.005078
19.725500 0.965400 0.019258 0.005358 0.000065 0.010391 0.000170 0.034031 0.001603 0.015032
20.185000 0.957766 0.019570 0.000468 -0.000117 0.015579 0.002027 -0.016523 -0.000685 0.013156
20.655200 0.957796 0.019993 0.004859 -0.000050 0.020584 0.003627 -0.059266 -0.001518 -0.030864
21.136300 0.956306 0.020452 0.001050 -0.000008 0.010442 0.001275 -0.007785 -0.000849 0.026484
21.628600 0.955541 0.020928 -0.004812 -0.000210 0.012748 0.001069 0.012438 -0.000077 0.014230
22.132400 0.957664 0.021442 0.000445 -0.000020 0.008773 0.000009 0.035464 -0.000464 0.052178
22.647900 0.953107 0.021851 -0.001623 -0.000093 0.009956 0.000872 -0.007062 -0.001130 0.039932
23.175500 0.951856 0.022358 -0.003391 -0.000297 0.017437 0.002063 0.007848 0.000373 -0.008022
23.715300 0.952148 0.022848 -0.000065 -0.000193 0.016757 0.002123 0.004474 0.000686 -0.011098
24.267700 0.949640 0.023304 0.003184 -0.000067 0.016183 0.001429 0.018320 0.000322 0.027739
24.833000 0.948783 0.023820 0.004894 -0.000018 0.019457 0.002450 -0.008278 -0.000595 0.003445
25.411400 0.944170 0.024268 0.001854 -0.000097 0.013469 0.002146 -0.007020 -0.001408 0.027388
26.003300 0.943312 0.024771 0.008731 0.000180 0.012206 0.001840 -0.001300 -0.000953 0.024904
26.609000 0.944618 0.025423 0.002682 -0.000175 0.022325 0.002102 0.033385 -0.000606 0.060721
27.228800 0.941478 0.025915 0.002302 -0.000206 0.024376 0.002565 0.025369 0.000602 0.020209
27.863100 0.939302 0.026502 -0.001638 -0.000275 0.019803 0.003590 -0.015014 -0.003056 0.041155
28.512100 0.940196 0.027103 0.003869 -0.000054 0.014966 0.002119 0.007993 -0.001013 0.041235
29.176200 0.938503 0.027720 -0.003383 -0.000306 0.018081 0.003433 -0.019228 -0.001997 0.019013
29.855800 0.937839 0.028325 0.001160 -0.000194 0.019089 0.002743 0.013199 -0.000588 0.022365
30.551200 0.934569 0.028878 0.000680 -0.000240 0.021767 0.004156 -0.011237 -0.002239 0.027484
31.262900 0.932894 0.029494 0.003981 -0.000036 0.016892 0.002065 0.011891 -0.000573 0.029770
31.991100 0.931425 0.030153 -0.003249 -0.000261 0.014969 0.002832 -0.006251 -0.001802 0.021947
32.736200 0.927992 0.030762 -0.003067 -0.000405 0.022861 0.003473 0.000703 -0.000901 0.026984
33.498800 0.929311 0.031503 -0.000915 -0.000295 0.021491 0.004015 -0.010180 -0.002539 0.030829
34.279100 0.923100 0.032006 0.001752 -0.000321 0.025014 0.005640 -0.022794 -0.004009 0.040317
35.077500 0.924225 0.032806 -0.001803 -0.000425 0.023787 0.003555 0.020431 0.000778 0.020181
35.894600 0.922393 0.033498 -0.000258 -0.000298 0.020929 0.003523 0.008087 -0.000809 0.032872
36.730700 0.920346 0.034228 -0.002728 -0.000415 0.020331 0.003794 -0.003379 -0.001409 0.029265
37.586200 0.918219 0.034926 -0.000350 -0.000285 0.019821 0.003730 0.000558 -0.000529 0.015745
38.461700 0.916299 0.035657 0.001267 -0.000247 0.021204 0.004146 -0.001690 -0.002385 0.040868
39.357600 0.913966 0.036419 -0.002508 -0.000539 0.025936 0.005437 -0.003251 -0.001295 0.024309
40.274400 0.909919 0.037082 -0.000548 -0.000373 0.022415 0.005221 -0.013215 -0.002696 0.028431
41.212500 0.910942 0.037997 -0.001941 -0.000424 0.022679 0.005408 -0.012580 -0.002420 0.026254
42.172400 0.908124 0.038742 0.000210 -0.000340 0.022867 0.004969 0.001869 -0.001253 0.023690
43.154800 0.904688 0.039526 -0.002450 -0.000539 0.024016 0.005358 -0.001307 -0.002199 0.038694
44.160000 0.900647 0.040303 -0.006207 -0.000722 0.024991 0.005651 -0.000381 -0.002597 0.037360
45.188600 0.900296 0.041168 -0.001472 -0.000627 0.029698 0.006908 -0.000020 -0.001928 0.031204
46.241200 0.898274 0.042062 -0.003760 -0.000735 0.028891 0.006517 0.005041 -0.001311 0.031970
47.318300 0.894593 0.042878 -0.004715 -0.000738 0.025127 0.006510 -0.007636 -0.002151 0.024143
48.420400 0.893074 0.043818 -0.006835 -0.000924 0.027905 0.007058 -0.002292 -0.002585 0.036446
49.548300 0.890819 0.044728 -0.005026 -0.000788 0.026656 0.006510 0.002191 -0.001941 0.031736
50.702400 0.887527 0.045588 -0.005080 -0.000755 0.025566 0.006469 0.000110 -0.002539 0.036113
51.883400 0.884976 0.046522 -0.004900 -0.000997 0.030836 0.009523 -0.018642 -0.004365 0.034113
53.092000 0.882496 0.047470 -0.004561 -0.000945 0.029854 0.009669 -0.024390 -0.005154 0.032251
54.328600 0.880960 0.048480 -0.005040 -0.000936 0.029518 0.008282 -0.004282 -0.003070 0.036333
55.594100 0.878068 0.049490 -0.008227 -0.001295 0.031891 0.009805 -0.009219 -0.004474 0.041518
56.889100 0.874955 0.050465 -0.008685 -0.001292 0.030986 0.009585 -0.007573 -0.003558 0.032180
58.214200 0.873043 0.051497 -0.005916 -0.001135 0.030710 0.009726 -0.009036 -0.003454 0.033502
59.570200 0.869675 0.052498 -0.006489 -0.001317 0.033787 0.010811 -0.003537 -0.003580 0.037470
60.957700 0.866639 0.053566 -0.008623 -0.001437 0.032626 0.010539 -0.004063 -0.003936 0.040530
62.377600 0.864420 0.054661 -0.007348 -0.001359 0.032906 0.011434 -0.012411 -0.004925 0.037322
63.830600 0.861094 0.055738 -0.008326 -0.001527 0.034212 0.011613 -0.004282 -0.003863 0.037893
65.317400 0.857253 0.056782 -0.009430 -0.001576 0.033236 0.011547 -0.008672 -0.004194 0.037473
66.838800 0.854118 0.057896 -0.008878 -0.001673 0.034958 0.012218 -0.004766 -0.003860 0.038824
68.395700 0.851853 0.059093 -0.008811 -0.001674 0.034881 0.012777 -0.006588 -0.004151 0.032473
69.988800 0.848583 0.060231 -0.008467 -0.001689 0.034900 0.013190 -0.009644 -0.004396 0.032258
71.619100 0.845000 0.061371 -0.008737 -0.001793 0.036114 0.013530 -0.003561 -0.004760 0.043018
73.287300 0.842280 0.062626 -0.010795 -0.001911 0.034105 0.013235 -0.005551 -0.004585 0.036306
74.994400 0.838426 0.063792 -0.010640 -0.002052 0.037072 0.014601 -0.004907 -0.005669 0.044838
76.741200 0.834726 0.065008 -0.011228 -0.002132 0.036129 0.015647 -0.018668 -0.008049 0.046020
78.528800 0.831859 0.066287 -0.010724 -0.002207 0.038009 0.016296 -0.013434 -0.006666 0.042041
80.357900 0.827867 0.067523 -0.012162 -0.002386 0.038010 0.016299 -0.009642 -0.005282 0.036413
82.229700 0.824735 0.068838 -0.011987 -0.002519 0.039652 0.017702 -0.012908 -0.007970 0.049880
84.145100 0.820897 0.070118 -0.012479 -0.002582 0.039405 0.018306 -0.016122 -0.008393 0.046343
86.105100 0.816862 0.071407 -0.012839 -0.002718 0.039870 0.018666 -0.012415 -0.007337 0.043336
88.110700 0.813122 0.072746 -0.013366 -0.002958 0.042697 0.020463 -0.013862 -0.008403 0.047853
90.163100 0.809059 0.074055 -0.012800 -0.002936 0.042563 0.020316 -0.009255 -0.007597 0.048334
92.263300 0.804861 0.075416 -0.013738 -0.003116 0.042497 0.021220 -0.012458 -0.007989 0.043132
94.412300 0.800515 0.076768 -0.014580 -0.003279 0.042790 0.021850 -0.011650 -0.008839 0.049248
96.611500 0.796778 0.078195 -0.014419 -0.003386 0.043808 0.022456 -0.009340 -0.007651 0.045196
98.861900 0.792722 0.079626 -0.014682 -0.003635 0.045135 0.024777 -0.016220 -0.009915 0.047042
101.165000 0.788305 0.081036 -0.014804 -0.003684 0.045049 0.024642 -0.012173 -0.009382 0.049348
103.521000 0.784061 0.082479 -0.015268 -0.003822 0.045292 0.025576 -0.013900 -0.010193 0.048390
105.932000 0.779381 0.083909 -0.015161 -0.003992 0.046651 0.027186 -0.016219 -0.011123 0.050565
108.400000 0.774928 0.085392 -0.015717 -0.004230 0.047344 0.028301 -0.015919 -0.011001 0.049108
110.925000 0.770241 0.086873 -0.016523 -0.004415 0.047463 0.029180 -0.015841 -0.012355 0.052710
113.509000 0.765502 0.088360 -0.016313 -0.004612 0.048683 0.030648 -0.017748 -0.012673 0.053196
116.153000 0.760582 0.089850 -0.016473 -0.004792 0.049790 0.031737 -0.015506 -0.013143 0.056556
118.858000 0.755821 0.091376 -0.016825 -0.005010 0.050593 0.033077 -0.017288 -0.013356 0.053759
121.627000 0.750981 0.092918 -0.016985 -0.005187 0.051405 0.034320 -0.016608 -0.014213 0.056243
124.460000 0.745806 0.094445 -0.017229 -0.005386 0.051670 0.035642 -0.018823 -0.015134 0.056274
127.359000 0.740756 0.095999 -0.017327 -0.005585 0.052795 0.037025 -0.018847 -0.015044 0.055042
130.325000 0.735563 0.097570 -0.017836 -0.005865 0.053336 0.038489 -0.019463 -0.015936 0.056286
133.361000 0.730301 0.099127 -0.017380 -0.006024 0.054569 0.039847 -0.016335 -0.015042 0.054645
136.467000 0.724871 0.100692 -0.017529 -0.006251 0.055344 0.041623 -0.018527 -0.016515 0.056399
139.646000 0.719364 0.102278 -0.017793 -0.006494 0.055870 0.042897 -0.018063 -0.016670 0.055618
142.899000 0.713967 0.103874 -0.017433 -0.006621 0.056433 0.044436 -0.019253 -0.018336 0.059231
146.227000 0.708239 0.105455 -0.017399 -0.006887 0.057605 0.046711 -0.020245 -0.019610 0.060345
149.633000 0.702504 0.107062 -0.017738 -0.007203 0.058455 0.048837 -0.022476 -0.019425 0.055820
153.119000 0.696594 0.108629 -0.017091 -0.007354 0.059391 0.050540 -0.020861 -0.020607 0.059816
156.685000 0.690810 0.110254 -0.017292 -0.007669 0.060341 0.052669 -0.021206 -0.021583 0.060413
160.335000 0.684836 0.111865 -0.017205 -0.007924 0.061162 0.055130 -0.023826 -0.023886 0.063390
164.070000 0.678720 0.113446 -0.016784 -0.008100 0.061872 0.056815 -0.022610 -0.023919 0.062052
167.892000 0.672602 0.115071 -0.017112 -0.008498 0.062954 0.059189 -0.022634 -0.024593 0.062052
171.802000 0.666406 0.116692 -0.017090 -0.008760 0.063362 0.061289 -0.024205 -0.025953 0.061860
175.804000 0.660063 0.118274 -0.016718 -0.009021 0.064515 0.063796 -0.023909 -0.027081 0.063503
179.899000 0.653794 0.119893 -0.016350 -0.009311 0.065481 0.066038 -0.022612 -0.027316 0.063019
184.089000 0.647367 0.121499 -0.016413 -0.009616 0.066053 0.068163 -0.023326 -0.028587 0.063738
188.377000 0.640631 0.123055 -0.016130 -0.009922 0.066685 0.070478 -0.022850 -0.029276 0.063283
192.765000 0.634014 0.124646 -0.016076 -0.010271 0.067433 0.073206 -0.023970 -0.032008 0.066475
197.255000 0.627140 0.126175 -0.015570 -0.010622 0.068645 0.076316 -0.023357 -0.032505 0.065087
201.850000 0.620400 0.127748 -0.015409 -0.010945 0.069128 0.078854 -0.023931 -0.033938 0.065270
206.552000 0.613467 0.129286 -0.015174 -0.011312 0.069838 0.081675 -0.024081 -0.034516 0.063846
211.363000 0.606386 0.130775 -0.014449 -0.011531 0.070368 0.084171 -0.023731 -0.035699 0.064534
216.286000 0.599265 0.132280 -0.014332 -0.011972 0.071194 0.087419 -0.024249 -0.037320 0.064630
221.324000 0.592222 0.133789 -0.013917 -0.012354 0.071954 0.090393 -0.023561 -0.038578 0.065745
226.479000 0.584886 0.135239 -0.013604 -0.012782 0.072760 0.093550 -0.022674 -0.039137 0.064865
231.755000 0.577556 0.136666 -0.012917 -0.013070 0.073225 0.096270 -0.021792 -0.039814 0.064443
237.153000 0.570141 0.138083 -0.012620 -0.013411 0.073255 0.098629 -0.021272 -0.040747 0.063970
242.677000 0.562451 0.139427 -0.012168 -0.013817 0.073860 0.102190 -0.021731 -0.042716 0.064259
248.330000 0.554943 0.140810 -0.011916 -0.014272 0.074196 0.105179 -0.021126 -0.043768 0.063975
254.114000 0.547224 0.142112 -0.011271 -0.014588 0.074348 0.107964 -0.020640 -0.044688 0.063553
260.033000 0.539341 0.143375 -0.011063 -0.014970 0.074051 0.110422 -0.020583 -0.046205 0.063086
266.090000 0.531384 0.144596 -0.010767 -0.015412 0.074033 0.113467 -0.020651 -0.048210 0.062983
272.288000 0.523332 0.145781 -0.010596 -0.015918 0.074187 0.116832 -0.020995 -0.049467 0.061714
278.631000 0.515213 0.146905 -0.010260 -0.016300 0.073898 0.119212 -0.019982 -0.051131 0.062345
285.121000 0.507109 0.148025 -0.010140 -0.016839 0.073884 0.122485 -0.019626 -0.052486 0.061302
291.762000 0.498771 0.149049 -0.010027 -0.017283 0.073288 0.125057 -0.019830 -0.054107 0.059845
298.558000 0.490369 0.150042 -0.010227 -0.017863 0.072705 0.127310 -0.018959 -0.055679 0.059904
305.512000 0.481933 0.150965 -0.010183 -0.018365 0.072194 0.129545 -0.017625 -0.057021 0.059788
312.629000 0.473303 0.151807 -0.010317 -0.018876 0.071313 0.131462 -0.016934 -0.058701 0.059077
319.911000 0.464628 0.152595 -0.010567 -0.019490 0.070583 0.133491 -0.015689 -0.059989 0.058253
327.362000 0.455851 0.153304 -0.010897 -0.020073 0.069560 0.134770 -0.013992 -0.060917 0.057640
334.988000 0.447012 0.153948 -0.011335 -0.020727 0.068524 0.136301 -0.012751 -0.062215 0.056649
342.791000 0.438060 0.154508 -0.011879 -0.021416 0.067314 0.137554 -0.011595 -0.063529 0.055242
350.775000 0.428985 0.154968 -0.012486 -0.022123 0.066113 0.138490 -0.009994 -0.064565 0.054042
358.946000 0.419799 0.155322 -0.013135 -0.022839 0.064719 0.138985 -0.008224 -0.065431 0.052879
367.307000 0.410585 0.155609 -0.013907 -0.023612 0.063234 0.139284 -0.006589 -0.066517 0.051723
375.862000 0.401218 0.155759 -0.014690 -0.024371 0.061631 0.139062 -0.004779 -0.067146 0.050334
384.617000 0.391802 0.155822 -0.015545 -0.025181 0.059993 0.138777 -0.002774 -0.068016 0.049133
393.576000 0.382225 0.155724 -0.016363 -0.025949 0.058237 0.138045 -0.001128 -0.068672 0.047543
402.744000 0.372597 0.155517 -0.017186 -0.026737 0.056460 0.136724 0.001231 -0.068427 0.046014
412.125000 0.362886 0.155186 -0.018156 -0.027589 0.054577 0.135629 0.002555 -0.068793 0.043651
421.724000 0.353030 0.154687 -0.019054 -0.028393 0.052548 0.133924 0.004118 -0.069327 0.041625
431.548000 0.343094 0.154046 -0.019964 -0.029234 0.050574 0.131940 0.005822 -0.069373 0.039686
441.600000 0.333042 0.153232 -0.020852 -0.030062 0.048508 0.129829 0.007182 -0.069550 0.037149
451.886000 0.322885 0.152240 -0.021666 -0.030827 0.046286 0.127323 0.008146 -0.069721 0.034392
462.412000 0.312694 0.151104 -0.022479 -0.031678 0.044270 0.125074 0.009435 -0.070028 0.031941
473.183000 0.302413 0.149772 -0.023175 -0.032452 0.042150 0.122478 0.010445 -0.070254 0.029184
484.204000 0.292096 0.148273 -0.023780 -0.033225 0.040120 0.119782 0.011843 -0.070278 0.026560
495.483000 0.281669 0.146552 -0.024320 -0.033970 0.038104 0.117075 0.012892 -0.069899 0.023381
507.024000 0.271211 0.144650 -0.024803 -0.034733 0.036115 0.114670 0.013680 -0.069737 0.019828
518.834000 0.260741 0.142570 -0.025273 -0.035451 0.034010 0.112060 0.013856 -0.069600 0.015780
530.920000 0.250227 0.140286 -0.025739 -0.036184 0.031870 0.109717 0.013761 -0.069721 0.011358
543.286000 0.239683 0.137800 -0.026184 -0.036922 0.029701 0.107247 0.013572 -0.069731 0.007072
555.941000 0.229154 0.135115 -0.026525 -0.037601 0.027551 0.104774 0.013432 -0.070027 0.002679
568.891000 0.218653 0.132252 -0.026920 -0.038319 0.025326 0.102197 0.013014 -0.070171 -0.001892
582.142000 0.208126 0.129165 -0.027349 -0.039009 0.022933 0.099538 0.011999 -0.070692 -0.007315
595.702000 0.197644 0.125901 -0.027860 -0.039701 0.020327 0.096646 0.010349 -0.071706 -0.013172
609.577000 0.187155 0.122411 -0.028402 -0.040368 0.017582 0.093256 0.008603 -0.073160 -0.018995
623.776000 0.176741 0.118758 -0.029074 -0.041130 0.014704 0.089405 0.006740 -0.074901 -0.024828
638.306000 0.166367 0.114896 -0.029782 -0.041840 0.011624 0.085084 0.004299 -0.077165 -0.031406
653.174000 0.156064 0.110863 -0.030685 -0.042613 0.008263 0.080171 0.001111 -0.079949 -0.038968
668.388000 0.145816 0.106641 -0.031746 -0.043422 0.004619 0.074395 -0.002793 -0.083294 -0.047012
683.957000 0.135661 0.102252 -0.033005 -0.044294 0.000693 0.067796 -0.007413 -0.087394 -0.055759
699.888000 0.125601 0.097700 -0.034489 -0.045233 -0.003542 0.059942 -0.012803 -0.092292 -0.065028
716.191000 0.115679 0.093011 -0.036195 -0.046308 -0.008001 0.051119 -0.018618 -0.097914 -0.074808
732.873000 0.105907 0.088188 -0.038119 -0.047495 -0.012695 0.041032 -0.025108 -0.104042 -0.085078
749.944000 0.096336 0.083246 -0.040111 -0.048836 -0.017313 0.029881 -0.031030 -0.110419 -0.094516
767.412000 0.087255 0.078235 -0.041071 -0.050241 -0.020066 0.018694 -0.029594 -0.114286 -0.095645
785.288000 0.078760 0.073189 -0.040698 -0.051461 -0.020893 0.009792 -0.022735 -0.111762 -0.092667
803.579000 0.070844 0.068164 -0.039374 -0.052351 -0.020696 0.004178 -0.015067 -0.102851 -0.089550
822.297000 0.063507 0.063217 -0.037361 -0.052806 -0.020036 0.002002 -0.008269 -0.089752 -0.086299
841.451000 0.056723 0.058371 -0.034861 -0.052748 -0.019247 0.002714 -0.002725 -0.074777 -0.081867
861.051000 0.050484 0.053664 -0.032037 -0.052130 -0.018529 0.005488 0.001841 -0.060043 -0.075851
881.107000 0.044777 0.049131 -0.029034 -0.050978 -0.017977 0.009466 0.005819 -0.046880 -0.068218
901.631000 0.039584 0.044796 -0.025957 -0.049304 -0.017609 0.013881 0.009711 -0.036002 -0.059881
922.633000 0.034868 0.040665 -0.022890 -0.047145 -0.017389 0.018041 0.013735 -0.027433 -0.051588
944.123000 0.030614 0.036763 -0.019916 -0.044583 -0.017268 0.021375 0.017880 -0.020789 -0.043977
966.115000 0.026792 0.033097 -0.017099 -0.041710 -0.017186 0.023578 0.022074 -0.015499 -0.037576
988.619000 0.023374 0.029679 -0.014483 -0.038617 -0.017075 0.024508 0.026029 -0.011100 -0.032564
1011.650000 0.020324 0.026502 -0.012098 -0.035405 -0.016892 0.024295 0.029663 -0.007135 -0.028950
1035.210000 0.017601 0.023550 -0.009958 -0.032144 -0.016599 0.023044 0.032716 -0.003273 -0.026339
1059.320000 0.015173 0.020814 -0.008063 -0.028897 -0.016169 0.020951 0.034988 0.000608 -0.024303
1084.000000 0.013011 0.018287 -0.006409 -0.025720 -0.015592 0.018221 0.036316 0.004479 -0.022426
1109.250000 0.011085 0.015952 -0.004984 -0.022647 -0.014864 0.015072 0.036639 0.008264 -0.020380
1135.090000 0.009382 0.013813 -0.003776 -0.019718 -0.013989 0.011703 0.035890 0.011756 -0.017935
1161.530000 0.007880 0.011862 -0.002772 -0.016971 -0.012995 0.008339 0.034209 0.014810 -0.015006
1188.580000 0.006555 0.010081 -0.001959 -0.014434 -0.011912 0.005189 0.031842 0.017357 -0.011643
1216.270000 0.005385 0.008457 -0.001316 -0.012107 -0.010754 0.002376 0.028906 0.019249 -0.007976
1244.600000 0.004364 0.006992 -0.000823 -0.010002 -0.009542 0.000014 0.025545 0.020334 -0.004248
1273.590000 0.003482 0.005688 -0.000459 -0.008118 -0.008297 -0.001832 0.021872 0.020463 -0.000745
1303.250000 0.002733 0.004548 -0.000200 -0.006457 -0.007047 -0.003123 0.018052 0.019578 0.002210
1333.610000 0.002105 0.003564 -0.000025 -0.005014 -0.005825 -0.003872 0.014274 0.017774 0.004381
1364.670000 0.001586 0.002733 0.000083 -0.003789 -0.004673 -0.004135 0.010765 0.015309 0.005652
1396.460000 0.001167 0.002044 0.000140 -0.002779 -0.003631 -0.004009 0.007707 0.012515 0.006071
1428.990000 0.000835 0.001487 0.000161 -0.001971 -0.002724 -0.003599 0.005208 0.009707 0.005791
1462.270000 0.000579 0.001048 0.000156 -0.001345 -0.001965 -0.003017 0.003293 0.007123 0.005022
1496.330000 0.000387 0.000712 0.000136 -0.000879 -0.001358 -0.002375 0.001923 0.004938 0.004020
1531.190000 0.000249 0.000465 0.000109 -0.000548 -0.000896 -0.001757 0.001018 0.003225 0.002984
1566.850000 0.000153 0.000290 0.000081 -0.000324 -0.000561 -0.001219 0.000472 0.001976 0.002056
1603.350000 0.000089 0.000171 0.000055 -0.000181 -0.000332 -0.000788 0.000178 0.001128 0.001308
1640.700000 0.000048 0.000094 0.000034 -0.000093 -0.000181 -0.000466 0.000042 0.000589 0.000758
1678.920000 0.000023 0.000046 0.000019 -0.000043 -0.000088 -0.000244 -0.000006 0.000272 0.000386
1718.020000 0.000009 0.000019 0.000008 -0.000016 -0.000035 -0.000103 -0.000013 0.000101 0.000158
1758.040000 0.000003 0.000005 0.000002 -0.000004 -0.000010 -0.000030 -0.000007 0.000025 0.000044
1798.990000 0.000000 0.000001 0.000000 -0.000000 -0.000001 -0.000004 -0.000001 0.000003 0.000005
1840.890000 0.000000 0.000000 0.000000 -0.000000 -0.000000 -0.000000 -0.000000 0.000000 0.000000
1883.770000 0.000000 0.000000 0.000000 0.000000 0.000000 0.000000 0.000000 0.000000 0.000000
1927.650000 0.000000 0.000000 0.000000 0.000000 0.000000 0.000000 0.000000 0.000000 0.000000
1972.550000 0.000000 0.000000 0.000000 0.000000 0.000000 0.000000 0.000000 0.000000 0.000000
2018.500000 0.000000 0.000000 0.000000 0.000000 0.000000 0.000000 0.000000 0.000000 0.000000
2065.520000 0.000000 0.000000 0.000000 0.000000 0.000000 0.000000 0.000000 0.000000 0.000000
2113.630000 0.000000 0.000000 0.000000 0.000000 0.000000 0.000000 0.000000 0.000000 0.000000
2162.860000 0.000000 0.000000 0.000000 0.000000 0.000000 0.000000 0.000000 0.000000 0.000000
2213.240000 0.000000 0.000000 0.000000 0.000000 0.000000 0.000000 0.000000 0.000000 0.000000
2264.790000 0.000000 0.000000 0.000000 0.000000 0.000000 0.000000 0.000000 0.000000 0.000000
2317.550000 0.000000 0.000000 0.000000 0.000000 0.000000 0.000000 0.000000 0.000000 0.000000
2371.530000 0.000000 0.000000 0.000000 0.000000 0.000000 0.000000 0.000000 0.000000 0.000000
2426.770000 0.000000 0.000000 0.000000 0.000000 0.000000 0.000000 0.000000 0.000000 0.000000
2483.300000 0.000000 0.000000 0.000000 0.000000 0.000000 0.000000 0.000000 0.000000 0.000000
2541.140000 0.000000 0.000000 0.000000 0.000000 0.000000 0.000000 0.000000 0.000000 0.000000
2600.330000 0.000000 0.000000 0.000000 0.000000 0.000000 0.000000 0.000000 0.000000 0.000000
2660.900000 0.000000 0.000000 0.000000 0.000000 0.000000 0.000000 0.000000 0.000000 0.000000
2722.880000 0.000000 0.000000 0.000000 0.000000 0.000000 0.000000 0.000000 0.000000 0.000000
2786.310000 0.000000 0.000000 0.000000 0.000000 0.000000 0.000000 0.000000 0.000000 0.000000
2851.210000 0.000000 0.000000 0.000000 0.000000 0.000000 0.000000 0.000000 0.000000 0.000000
2917.620000 0.000000 0.000000 0.000000 0.000000 0.000000 0.000000 0.000000 0.000000 0.000000
2985.580000 0.000000 0.000000 0.000000 0.000000 0.000000 0.000000 0.000000 0.000000 0.000000
3055.120000 0.000000 0.000000 0.000000 0.000000 0.000000 0.000000 0.000000 0.000000 0.000000
3126.290000 0.000000 0.000000 0.000000 0.000000 0.000000 0.000000 0.000000 0.000000 0.000000
3199.110000 0.000000 0.000000 0.000000 0.000000 0.000000 0.000000 0.000000 0.000000 0.000000
3273.620000 0.000000 0.000000 0.000000 0.000000 0.000000 0.000000 0.000000 0.000000 0.000000
3349.880000 0.000000 0.000000 0.000000 0.000000 0.000000 0.000000 0.000000 0.000000 0.000000
3427.910000 0.000000 0.000000 0.000000 0.000000 0.000000 0.000000 0.000000 0.000000 0.000000
3507.750000 0.000000 0.000000 0.000000 0.000000 0.000000 0.000000 0.000000 0.000000 0.000000
3589.460000 0.000000 0.000000 0.000000 0.000000 0.000000 0.000000 0.000000 0.000000 0.000000
3673.070000 0.000000 0.000000 0.000000 0.000000 0.000000 0.000000 0.000000 0.000000 0.000000
3758.620000 0.000000 0.000000 0.000000 0.000000 0.000000 0.000000 0.000000 0.000000 0.000000
3846.170000 0.000000 0.000000 0.000000 0.000000 0.000000 0.000000 0.000000 0.000000 0.000000
3935.760000 0.000000 0.000000 0.000000 0.000000 0.000000 0.000000 0.000000 0.000000 0.000000
4027.440000 0.000000 0.000000 0.000000 0.000000 0.000000 0.000000 0.000000 0.000000 0.000000
4121.250000 0.000000 0.000000 0.000000 0.000000 0.000000 0.000000 0.000000 0.000000 0.000000
4217.240000 0.000000 0.000000 0.000000 0.000000 0.000000 0.000000 0.000000 0.000000 0.000000
4315.480000 0.000000 0.000000 0.000000 0.000000 0.000000 0.000000 0.000000 0.000000 0.000000
4416.000000 0.000000 0.000000 0.000000 0.000000 0.000000 0.000000 0.000000 0.000000 0.000000
4518.860000 0.000000 0.000000 0.000000 0.000000 0.000000 0.000000 0.000000 0.000000 0.000000
4624.120000 0.000000 0.000000 0.000000 0.000000 0.000000 0.000000 0.000000 0.000000 0.000000
4731.830000 0.000000 0.000000 0.000000 0.000000 0.000000 0.000000 0.000000 0.000000 0.000000
4842.040000 0.000000 0.000000 0.000000 0.000000 0.000000 0.000000 0.000000 0.000000 0.000000
4954.830000 0.000000 0.000000 0.000000 0.000000 0.000000 0.000000 0.000000 0.000000 0.000000
5070.240000 0.000000 0.000000 0.000000 0.000000 0.000000 0.000000 0.000000 0.000000 0.000000
5188.340000 0.000000 0.000000 0.000000 0.000000 0.000000 0.000000 0.000000 0.000000 0.000000
5309.200000 0.000000 0.000000 0.000000 0.000000 0.000000 0.000000 0.000000 0.000000 0.000000
5432.860000 0.000000 0.000000 0.000000 0.000000 0.000000 0.000000 0.000000 0.000000 0.000000
5559.410000 0.000000 0.000000 0.000000 0.000000 0.000000 0.000000 0.000000 0.000000 0.000000
5688.910000 0.000000 0.000000 0.000000 0.000000 0.000000 0.000000 0.000000 0.000000 0.000000
5821.420000 0.000000 0.000000 0.000000 0.000000 0.000000 0.000000 0.000000 0.000000 0.000000
5957.020000 0.000000 0.000000 0.000000 0.000000 0.000000 0.000000 0.000000 0.000000 0.000000
6095.770000 0.000000 0.000000 0.000000 0.000000 0.000000 0.000000 0.000000 0.000000 0.000000
6237.760000 0.000000 0.000000 0.000000 0.000000 0.000000 0.000000 0.000000 0.000000 0.000000
6383.060000 0.000000 0.000000 0.000000 0.000000 0.000000 0.000000 0.000000 0.000000 0.000000
6531.740000 0.000000 0.000000 0.000000 0.000000 0.000000 0.000000 0.000000 0.000000 0.000000
6683.880000 0.000000 0.000000 0.000000 0.000000 0.000000 0.000000 0.000000 0.000000 0.000000
6839.570000 0.000000 0.000000 0.000000 0.000000 0.000000 0.000000 0.000000 0.000000 0.000000
6998.880000 0.000000 0.000000 0.000000 0.000000 0.000000 0.000000 0.000000 0.000000 0.000000
7161.910000 0.000000 0.000000 0.000000 0.000000 0.000000 0.000000 0.000000 0.000000 0.000000
7328.730000 0.000000 0.000000 0.000000 0.000000 0.000000 0.000000 0.000000 0.000000 0.000000
7499.440000 0.000000 0.000000 0.000000 0.000000 0.000000 0.000000 0.000000 0.000000 0.000000
7674.120000 0.000000 0.000000 0.000000 0.000000 0.000000 0.000000 0.000000 0.000000 0.000000
7852.880000 0.000000 0.000000 0.000000 0.000000 0.000000 0.000000 0.000000 0.000000 0.000000
8035.790000 0.000000 0.000000 0.000000 0.000000 0.000000 0.000000 0.000000 0.000000 0.000000
8222.970000 0.000000 0.000000 0.000000 0.000000 0.000000 0.000000 0.000000 0.000000 0.000000
8414.510000 0.000000 0.000000 0.000000 0.000000 0.000000 0.000000 0.000000 0.000000 0.000000
8610.510000 0.000000 0.000000 0.000000 0.000000 0.000000 0.000000 0.000000 0.000000 0.000000
8811.070000 0.000000 0.000000 0.000000 0.000000 0.000000 0.000000 0.000000 0.000000 0.000000
9016.310000 0.000000 0.000000 0.000000 0.000000 0.000000 0.000000 0.000000 0.000000 0.000000
9226.330000 0.000000 0.000000 0.000000 0.000000 0.000000 0.000000 0.000000 0.000000 0.000000
9441.230000 0.000000 0.000000 0.000000 0.000000 0.000000 0.000000 0.000000 0.000000 0.000000
9661.150000 0.000000 0.000000 0.000000 0.000000 0.000000 0.000000 0.000000 0.000000 0.000000
9886.190000 0.000000 0.000000 0.000000 0.000000 0.000000 0.000000 0.000000 0.000000 0.000000
