# s W_0 W_1 W_2 W_3 W_4 W_5 W_6 W_7 W_8
0.101165 0.000000 0.000000 0.000000 0.000000 0.000000 0.000000 0.000000 0.000000 0.000000
0.103521 0.000000 0.000000 0.000000 0.000000 0.000000 0.000000 0.000000 0.000000 0.000000
0.105932 10.253240 0.001405 -8.109003 0.000686 -23.288108 -0.088892 369.672000 0.132064 -194.279000
0.108400 0.000000 0.000000 0.000000 0.000000 0.000000 0.000000 0.000000 0.000000 0.000000
0.110925 0.000000 0.000000 0.000000 0.000000 0.000000 0.000000 0.000000 0.000000 0.000000
0.113509 0.000000 0.000000 0.000000 0.000000 0.000000 0.000000 0.000000 0.000000 0.000000
0.116153 0.000000 0.000000 0.000000 0.000000 0.000000 0.000000 0.000000 0.000000 0.000000
0.118858 4.761597 0.000655 -11.903968 -0.002292 16.070338 0.037674 -161.858000 -0.059935 185.202000
0.121627 0.000000 0.000000 0.000000 0.000000 0.000000 0.000000 0.000000 0.000000 0.000000
0.124460 4.187882 0.000102 15.612012 0.001122 10.470524 0.022546 -78.228100 0.021249 -237.502000
0.127359 0.000000 0.000000 0.000000 0.000000 0.000000 0.000000 0.000000 0.000000 0.000000
0.130325 5.452731 0.000051 25.518669 0.000676 38.995490 0.020088 352.234000 0.043875 278.424000
0.133361 0.000000 0.000000 0.000000 0.000000 0.000000 0.000000 0.000000 0.000000 0.000000
0.136467 7.121994 0.001014 -2.523686 0.001528 -21.777365 -0.075036 225.952000 0.058519 28.228700
0.139646 0.000000 0.000000 0.000000 0.000000 0.000000 0.000000 0.000000 0.000000 0.000000
0.142899 6.102156 0.000929 -3.063340 0.001080 -17.217767 -0.066241 206.769000 0.067098 -24.002700
0.146227 0.000000 0.000000 0.000000 0.000000 0.000000 0.000000 0.000000 0.000000 0.000000
0.149633 0.000000 0.000000 0.000000 0.000000 0.000000 0.000000 0.000000 0.000000 0.000000
0.153119 0.000000 0.000000 0.000000 0.000000 0.000000 0.000000 0.000000 0.000000 0.000000
0.156685 0.000000 0.000000 0.000000 0.000000 0.000000 0.000000 0.000000 0.000000 0.000000
0.160335 0.000000 0.000000 0.000000 0.000000 0.000000 0.000000 0.000000 0.000000 0.000000
0.164070 0.000000 0.000000 0.000000 0.000000 0.000000 0.000000 0.000000 0.000000 0.000000
0.167892 0.000000 0.000000 0.000000 0.000000 0.000000 0.000000 0.000000 0.000000 0.000000
0.171802 0.000000 0.000000 0.000000 0.000000 0.000000 0.000000 0.000000 0.000000 0.000000
0.175804 0.000000 0.000000 0.000000 0.000000 0.000000 0.000000 0.000000 0.000000 0.000000
0.179899 0.000000 0.000000 0.000000 0.000000 0.000000 0.000000 0.000000 0.000000 0.000000
0.184089 0.000000 0.000000 0.000000 0.000000 0.000000 0.000000 0.000000 0.000000 0.000000
0.188377 0.000000 0.000000 0.000000 0.000000 0.000000 0.000000 0.000000 0.000000 0.000000
0.192765 1.981403 0.000550 -3.983781 -0.001297 2.655663 0.005564 7.741290 0.018331 -46.093800
0.197255 1.717976 0.000438 -0.865225 0.000507 -4.842649 -0.031217 58.247200 0.031701 -6.906810
0.201850 1.700241 0.000284 0.029528 0.000675 -5.980027 -0.021801 40.344600 0.003997 38.295100
0.206552 1.079585 0.000179 -0.175311 0.000349 -3.583310 -0.013604 30.239600 0.006474 15.024200
0.211363 2.225983 0.000228 6.134436 0.001361 1.924002 -0.003722 31.184800 -0.026119 99.796600
0.216286 5.218142 0.001002 1.836281 0.000943 1.539868 0.050553 -171.866000 -0.083485 30.795300
0.221324 1.605468 0.000595 -3.621064 -0.001666 3.752932 0.016532 -22.487300 -0.006305 7.100850
0.226479 1.982335 0.000266 3.166980 0.001613 -6.563434 -0.005825 -53.740500 -0.044016 65.180800
0.231755 0.000000 0.000000 0.000000 0.000000 0.000000 0.000000 0.000000 0.000000 0.000000
0.237153 0.925883 0.000378 -0.953329 -0.000026 -1.600150 -0.020402 32.849600 0.039286 -27.444200
0.242677 0.000000 0.000000 0.000000 0.000000 0.000000 0.000000 0.000000 0.000000 0.000000
0.248330 0.000000 0.000000 0.000000 0.000000 0.000000 0.000000 0.000000 0.000000 0.000000
0.254114 2.474447 0.000402 2.968950 0.001213 -2.361641 0.002205 -27.201900 0.008573 -62.235200
0.260033 1.912923 0.000602 -2.816465 -0.000969 0.219327 0.000487 10.002400 0.002461 3.705440
0.266090 0.000000 0.000000 0.000000 0.000000 0.000000 0.000000 0.000000 0.000000 0.000000
0.272288 1.350084 0.000323 -0.811848 0.000300 -3.571705 -0.022261 47.191300 0.026083 -12.456600
0.278631 3.147464 0.000637 3.849091 0.001466 -0.702578 0.003822 -28.579500 0.027075 -85.440200
0.285121 1.342639 0.000393 -0.948000 -0.000136 -1.368310 -0.008171 11.441600 0.018366 -22.351300
0.291762 0.000000 0.000000 0.000000 0.000000 0.000000 0.000000 0.000000 0.000000 0.000000
0.298558 0.307571 0.000095 -0.553004 -0.000176 0.172508 -0.000688 4.721320 0.006322 -10.794000
0.305512 0.675489 0.000225 -1.313753 -0.000519 0.865319 0.003185 -0.549766 0.000457 -2.633250
0.312629 0.971892 0.000352 -0.789063 0.000068 -0.440085 -0.001678 -10.895100 -0.022965 26.541800
0.319911 0.733177 0.000121 2.017520 0.001014 -0.488087 0.009381 -26.982800 -0.009568 -18.238200
0.327362 0.456121 0.000165 -0.702195 -0.000207 -0.137513 -0.004253 11.677900 0.015300 -18.351300
0.334988 1.589274 0.000562 0.608879 0.000713 -1.710208 -0.021358 26.416100 0.008164 12.182000
0.342791 0.453522 0.000178 -1.036479 -0.000535 1.109407 0.006359 -7.039410 -0.005201 2.543880
0.350775 1.097111 0.000496 -1.396323 -0.000542 -0.807878 -0.008772 20.658600 0.017019 -10.429700
0.358946 0.788864 0.000441 -0.847829 -0.000009 -0.311466 -0.007828 -3.843610 -0.018445 26.155500
0.367307 0.947546 0.000254 1.202356 0.000020 2.197265 0.020689 -22.142700 -0.000231 -26.908900
0.375862 2.076008 0.000613 1.543454 0.000133 1.557413 -0.004167 34.851000 0.028884 -1.997190
0.384617 0.607493 0.000346 -0.276854 0.000124 -1.038844 -0.007930 1.770970 -0.008622 13.597900
0.393576 2.018093 0.000666 0.515872 0.001510 -4.964467 -0.026762 6.464000 -0.026884 46.814500
0.402744 0.765850 0.000263 0.169416 0.000420 -1.884838 -0.006904 -3.389330 -0.012988 20.676600
0.412125 0.648648 0.000188 0.399472 0.000066 0.435979 0.006657 -11.447800 -0.002760 -10.450900
0.421724 1.369206 0.000492 -0.034389 0.000631 -2.430479 -0.013453 1.110720 -0.000886 2.170790
0.431548 0.832794 0.000384 0.186356 0.000220 0.071079 0.006184 -10.150300 0.006819 -17.666900
0.441600 1.038679 0.000462 0.369331 0.000324 -1.422903 -0.003554 -7.501450 0.003722 -12.850600
0.451886 0.971016 0.000443 0.117322 -0.000583 1.316310 0.006728 11.015000 -0.018519 35.120800
0.462412 0.732656 0.000370 -0.214596 0.000069 -0.107674 -0.005515 2.951810 0.007455 -4.304660
0.473183 1.052873 0.000551 -0.469398 -0.000003 0.108175 0.002846 -6.355330 0.004633 -13.938900
0.484204 1.742799 0.000810 0.013260 0.000336 -0.935248 0.002895 -12.935000 -0.010516 -10.327100
0.495483 0.707475 0.000259 0.698923 0.000028 1.554891 0.015576 -5.223250 0.003726 -8.245560
0.507024 0.757788 0.000488 0.044287 -0.000584 1.313107 0.008308 4.332130 0.002397 -1.814940
0.518834 0.783230 0.000524 -1.046763 -0.000791 0.557235 0.006511 -7.816230 -0.009415 4.464650
0.530920 0.827414 0.000513 0.015354 0.000449 -0.879925 -0.022634 21.093800 0.022128 2.546580
0.543286 1.123480 0.000588 -0.043843 0.000550 -1.292133 -0.007650 -4.088190 -0.006310 0.061756
0.555941 1.901319 0.000996 0.417698 0.000982 -2.102098 -0.029487 25.815800 0.030881 -3.397070
0.568891 0.933578 0.000542 0.362982 0.000349 -0.125372 0.004839 -7.629040 -0.008632 -1.688150
0.582142 0.748158 0.000328 0.567771 0.000338 0.493386 0.001885 4.855150 -0.002534 7.626390
0.595702 1.442526 0.000837 -0.019136 0.000120 -0.798934 0.004138 -9.045650 -0.016518 5.897710
0.609577 0.945434 0.000538 0.025199 0.000886 -1.634665 -0.013683 -1.145420 -0.011046 6.319260
0.623776 1.426189 0.000905 0.035216 0.000512 -1.160555 -0.010560 0.466563 0.004803 -6.504100
0.638306 1.275461 0.000961 -1.315916 -0.001202 0.450654 0.002364 1.130330 0.012958 -11.146000
0.653174 1.202751 0.000884 -0.292307 -0.000090 -0.710811 -0.014665 14.029500 0.012020 7.064950
0.668388 1.041133 0.000774 -0.429377 -0.000446 0.180837 -0.002207 2.847280 0.011233 -3.529220
0.683957 1.093236 0.000696 0.232768 0.000311 -0.463292 -0.004086 -0.103532 -0.003800 3.324770
0.699888 1.574586 0.001168 -0.258130 -0.000313 0.348971 0.008067 -6.353830 0.015151 -21.052500
0.716191 0.835926 0.000524 0.139294 0.000058 0.066885 -0.002060 2.353330 0.018859 -13.497000
0.732873 0.836924 0.000533 0.223675 -0.000162 0.770231 0.002092 6.818090 0.013780 -2.624570
0.749944 0.834455 0.000727 -0.387734 -0.000234 -0.484761 -0.007517 4.630560 0.018620 -7.053980
0.767412 1.387252 0.001131 -0.044968 0.000509 -0.926957 -0.003132 -8.410060 -0.020032 -0.774618
0.785288 0.921172 0.000562 0.721747 0.001092 -0.602404 -0.007660 2.472590 -0.001895 5.191690
0.803579 0.757902 0.000589 0.036012 0.000362 -0.648343 -0.013467 8.385120 0.024129 -7.880690
0.822297 1.028376 0.000798 0.595832 0.000263 0.556278 -0.000473 6.966790 0.017040 -2.609060
0.841451 1.221359 0.001164 -0.827696 -0.000903 0.155979 -0.000829 3.292740 0.001437 2.988410
0.861051 1.097087 0.000937 0.216222 -0.000269 0.833848 0.001498 6.838930 0.005561 9.235950
0.881107 0.960998 0.000910 -0.026844 0.000197 -0.182710 -0.004759 1.615580 0.013512 -6.923190
0.901631 1.209419 0.001038 0.152641 0.000430 -0.439367 -0.009659 3.066160 -0.008552 11.441900
0.922633 1.191079 0.001104 -0.317390 0.000132 -0.464471 -0.012033 3.851930 0.007395 2.484740
0.944123 1.038538 0.001033 -0.215279 -0.000442 0.406596 0.010157 -3.671030 -0.005604 -0.834750
0.966115 0.825831 0.000784 0.020868 -0.000321 0.573277 0.010776 -2.254120 0.003892 -6.163130
0.988619 1.202416 0.001243 -0.277597 -0.000151 -0.131822 0.006430 -8.041110 -0.024362 2.096480
1.011650 1.178106 0.001273 -0.394128 -0.000673 0.049207 0.006349 -3.801940 -0.014310 3.317240
1.035210 0.956770 0.001038 -0.198289 -0.000297 0.146869 0.002622 1.395140 0.010930 -6.886820
1.059320 1.158484 0.001266 0.036537 0.000388 -0.452297 -0.008418 0.959957 0.009657 -3.286630
1.084000 0.806438 0.000819 0.265116 0.000524 -0.189699 -0.000708 -0.702112 -0.004924 2.350470
1.109250 1.242022 0.001433 -0.067438 0.000277 -0.402892 -0.007657 1.884770 0.005893 -4.498660
1.135090 0.798335 0.000922 -0.120801 0.000139 -0.311815 -0.004527 -0.560918 -0.000684 -0.375910
1.161530 1.150375 0.001204 0.518307 0.000679 0.217750 0.003620 -0.149482 -0.017473 7.466660
1.188580 1.046288 0.001310 -0.319093 -0.000633 0.163831 0.004375 -2.272260 -0.012917 5.836170
1.216270 1.012350 0.001193 0.493219 0.000358 0.364552 0.013582 -3.440070 -0.008550 -1.072180
1.244600 1.128639 0.001447 -0.117525 -0.000266 -0.089939 0.000864 0.621220 -0.011281 6.061820
1.273590 1.067929 0.001358 0.025751 0.000862 -0.980295 -0.015933 -0.976203 -0.012716 3.792680
1.303250 0.994586 0.001313 0.110413 0.000655 -0.334192 -0.008998 -0.223952 0.009600 -4.777900
1.333610 1.151458 0.001554 -0.209422 -0.000386 0.143028 0.003278 -0.223159 -0.005000 2.101220
1.364670 1.102313 0.001526 0.102670 0.000170 -0.103855 -0.001365 -0.746344 -0.004688 1.335680
1.396460 0.993208 0.001455 -0.142720 0.000219 -0.522766 -0.013140 2.215710 -0.000109 3.564930
1.428990 0.933111 0.001365 -0.084654 -0.000066 -0.106766 -0.010135 4.660960 0.022232 -2.424820
1.462270 1.072327 0.001580 0.049153 -0.000213 0.173979 0.009598 -2.550920 -0.015905 2.676400
1.496330 0.941645 0.001342 0.112890 0.000347 -0.055798 -0.005238 1.724370 0.004273 1.241860
1.531190 1.096720 0.001606 0.248707 0.000721 -0.209003 -0.005499 0.053598 0.012058 -4.096390
1.566850 1.010350 0.001493 0.212841 0.000331 0.111415 0.006075 -1.222950 -0.007800 2.109310
1.603350 1.150057 0.001843 -0.026563 -0.000193 0.231215 0.000094 2.152690 0.011315 -0.623367
1.640700 0.968814 0.001594 0.149527 0.000381 -0.076353 -0.001385 0.290452 0.000789 0.805490
1.678920 1.013439 0.001754 -0.131610 -0.000160 -0.105239 0.000705 -1.382100 -0.008501 0.328422
1.718020 0.972787 0.001630 0.214221 0.000301 0.078200 0.008348 -2.222160 -0.008950 -1.026660
1.758040 0.985393 0.001670 0.004159 -0.000278 0.312362 0.011225 -1.688140 -0.009822 1.273230
1.798990 0.911693 0.001760 -0.207787 -0.000501 0.040904 0.000473 0.042279 0.001811 0.029576
1.840890 1.074356 0.002005 0.015465 0.000027 0.050698 -0.005826 2.515290 0.012964 -0.558287
1.883770 1.017170 0.001878 -0.004768 -0.000156 0.116018 0.004497 -0.604155 -0.003721 -0.526290
1.927650 1.082644 0.002133 -0.168469 -0.000413 -0.008573 0.005113 -1.857460 -0.003966 -0.920776
1.972550 1.120379 0.002244 -0.087824 -0.000357 0.138766 0.002656 0.030356 -0.003690 1.080960
2.018500 0.953450 0.001895 0.144444 0.000765 -0.283910 -0.009486 0.816936 -0.007373 2.768330
2.065520 1.059109 0.002229 -0.067697 -0.000503 0.274677 0.002300 2.628660 0.020569 -2.782260
2.113630 1.050276 0.002258 -0.033265 -0.000225 0.094310 0.008740 -2.324100 -0.021006 2.824210
2.162860 1.020091 0.002271 -0.114060 -0.000332 0.027702 -0.001256 0.191946 0.005742 -0.422182
2.213240 1.006808 0.002182 0.146514 0.000368 0.044884 0.004324 -1.260870 -0.008400 0.106373
2.264790 1.013705 0.002306 -0.070686 -0.000180 0.050824 0.001238 0.039019 0.005953 -1.788330
2.317550 1.062031 0.002434 0.006023 0.000038 0.041639 0.001872 -0.175469 -0.002660 0.387177
2.371530 1.050683 0.002450 0.078716 0.000203 0.029487 -0.001107 0.470034 0.013846 -2.995810
2.426770 0.990488 0.002372 0.045461 0.000520 -0.227386 0.001105 -2.660650 -0.019028 0.985992
2.483300 0.978151 0.002430 0.054389 0.000439 -0.199240 -0.008116 0.570092 0.003573 -0.188399
2.541140 0.979099 0.002541 -0.085496 -0.000153 -0.047435 0.000924 -0.541495 -0.010342 1.536810
2.600330 1.062624 0.002687 0.072102 0.000172 0.060528 0.003112 -0.322338 -0.003559 0.981215
2.660900 1.000132 0.002682 -0.063265 -0.000038 -0.099517 -0.005599 0.015736 0.004011 -0.091132
2.722880 1.078237 0.002911 0.064814 0.000307 -0.057120 -0.003440 0.159629 0.009779 -1.622610
2.786310 0.971997 0.002754 -0.069490 -0.000522 0.126860 0.004361 0.545615 -0.002874 0.908536
2.851210 1.009278 0.002914 -0.063502 -0.000037 -0.065509 0.000730 -1.050060 -0.010567 1.219190
2.917620 0.975721 0.002876 0.009198 -0.000291 0.129399 0.010186 -1.517000 -0.009099 0.180414
2.985580 1.017893 0.003064 -0.057596 -0.000136 -0.044534 -0.004373 0.873572 0.013344 -1.641060
3.055120 1.010493 0.003163 -0.067386 -0.000265 0.006935 -0.000985 0.211749 0.003360 -0.006582
3.126290 1.006924 0.003176 -0.014448 -0.000284 0.085217 -0.001415 1.153710 0.008870 0.079148
3.199110 1.041474 0.003342 0.011220 0.000049 -0.023250 -0.001464 0.016090 -0.003861 0.448031
3.273620 0.993095 0.003251 0.024422 -0.000086 0.075684 0.002205 0.302297 0.002946 0.000854
3.349880 0.994059 0.003348 0.028805 0.000095 -0.031899 -0.001750 0.103470 0.000281 0.262534
3.427910 0.978717 0.003346 0.046525 0.000162 0.045602 -0.001566 0.360505 0.003541 0.462461
3.507750 1.032730 0.003638 -0.002892 -0.000205 0.056392 0.005584 -0.495542 -0.013918 1.506420
3.589460 1.002679 0.003632 -0.075700 -0.000211 -0.028575 -0.000947 0.065086 -0.002567 0.290029
3.673070 0.993654 0.003670 -0.001701 -0.000143 0.049187 0.002706 -0.081704 -0.007427 1.115180
3.758620 1.005692 0.003772 0.022554 0.000255 -0.065714 -0.000755 -0.458305 -0.007970 0.703815
3.846170 1.000823 0.003931 -0.057913 -0.000189 -0.021810 -0.002793 0.226327 0.002349 -0.002154
3.935760 1.008641 0.003948 0.047146 0.000028 0.086636 0.006623 -0.293039 -0.001473 -0.239806
4.027440 1.003684 0.004057 -0.027565 0.000110 -0.071880 -0.003280 -0.429065 -0.002762 0.043514
4.121250 0.963308 0.003977 0.010820 0.000133 -0.012346 -0.002396 0.218643 0.001225 0.261707
4.217240 0.983459 0.004158 0.018098 -0.000135 0.078761 0.003517 0.302880 -0.000448 0.269268
4.315480 1.009704 0.004313 0.036082 0.000314 -0.033452 0.001403 -0.730647 -0.006983 0.170266
4.416000 1.017122 0.004529 -0.020521 -0.000024 -0.023975 0.002158 -0.589878 -0.012428 0.712949
4.518860 1.001084 0.004573 -0.026140 -0.000096 -0.022845 -0.001206 0.057833 0.004436 -0.501931
4.624120 1.013337 0.004742 -0.027602 -0.000090 -0.016619 0.000207 -0.289076 0.000564 -0.547637
4.731830 0.972968 0.004652 -0.030557 -0.000016 -0.055247 -0.001405 -0.413637 -0.010860 0.893368
4.842040 1.026580 0.005028 -0.024912 -0.000235 0.015280 0.004415 -0.366001 0.002522 -0.866727
4.954830 1.014230 0.005011 0.024269 0.000099 0.004736 0.000300 0.054420 -0.002843 0.401720
5.070240 0.980308 0.005003 0.005604 -0.000135 0.036967 -0.000469 0.643249 0.006713 -0.027857
5.188340 1.011956 0.005287 -0.015365 -0.000266 0.057918 0.002829 0.416000 0.000947 0.252165
5.309200 1.026377 0.005490 -0.026427 -0.000086 -0.009003 -0.002131 0.104186 -0.004237 0.634758
5.432860 1.014698 0.005564 -0.025839 -0.000300 0.024755 0.001633 0.129499 0.002665 -0.082807
5.559410 1.004418 0.005594 0.014549 0.000036 -0.003770 0.005582 -0.824290 -0.008922 -0.098822
5.688910 1.014205 0.005746 0.022844 0.000086 0.021316 0.004183 -0.253869 -0.004927 0.158435
5.821420 1.005777 0.005860 0.019610 0.000184 -0.010893 -0.000060 -0.037259 -0.003746 0.153836
5.957020 0.995982 0.005952 -0.003154 0.000012 -0.005404 0.002088 -0.411528 -0.004383 0.074274
6.095770 1.011194 0.006169 0.024935 0.000289 -0.034416 -0.004038 0.056714 0.002880 0.057259
6.237760 0.999116 0.006185 0.052002 0.000431 -0.011942 0.000352 -0.036742 -0.003990 0.207807
6.383060 0.991309 0.006321 0.033747 -0.000018 0.060156 0.005455 -0.052336 -0.000706 0.109988
6.531740 0.994575 0.006518 0.018403 -0.000003 0.017090 -0.000773 0.330640 0.000736 0.260029
6.683880 1.005272 0.006761 -0.014688 0.000121 -0.047290 -0.003360 -0.157001 0.000734 -0.351883
6.839570 0.980069 0.006752 -0.009953 0.000011 -0.014092 -0.003123 0.127381 0.000246 0.168227
6.998880 0.988270 0.006949 0.006856 0.000223 -0.028192 -0.004950 0.251587 -0.000511 0.230310
7.161910 0.995109 0.007146 -0.007073 -0.000229 0.033548 0.000832 0.387123 0.004271 0.040147
7.328730 0.997087 0.007330 0.003580 0.000079 -0.009822 -0.002870 0.141679 0.002363 0.005372
7.499440 0.991397 0.007485 -0.017147 -0.000194 0.002209 -0.002253 0.339612 0.003290 0.172652
7.674120 0.996970 0.007680 -0.010976 -0.000026 0.000061 -0.003417 0.345406 0.003566 0.160624
7.852880 0.995912 0.007888 -0.017579 -0.000192 0.008989 -0.000130 0.062310 -0.004241 0.464555
8.035790 0.992601 0.007978 0.016728 0.000230 -0.006621 -0.000515 -0.006497 -0.000772 0.032983
8.222970 1.000554 0.008225 0.014532 0.000059 0.014743 -0.001484 0.282584 0.003863 0.160804
8.414510 0.993115 0.008370 0.007489 -0.000118 0.032190 0.003787 -0.023259 -0.000228 0.019883
8.610510 0.987384 0.008558 -0.009080 -0.000128 0.007920 0.004231 -0.281190 -0.006551 0.047667
8.811070 1.000027 0.008846 -0.002675 -0.000200 0.040976 0.005885 -0.093300 0.000637 -0.122690
9.016310 0.997711 0.009020 0.005538 0.000016 0.011527 0.001089 -0.023320 -0.000112 -0.004501
9.226330 1.000267 0.009261 0.002845 0.000105 -0.000892 -0.002369 0.127160 0.001821 0.077275
9.441230 0.987452 0.009334 0.011288 0.000147 -0.001207 0.001447 -0.162829 -0.003580 0.016259
9.661150 0.987719 0.009582 -0.009958 -0.000106 0.006220 0.003225 -0.156271 -0.010272 0.346421
9.886190 0.986402 0.009795 -0.006005 -0.000299 0.033424 0.007724 -0.209983 -0.004675 -0.034085
10.116500 0.988990 0.010021 0.008359 0.000102 0.001324 0.002734 -0.215847 -0.005942 0.096998
10.352100 0.989985 0.010287 -0.000622 -0.000153 0.023519 0.004280 -0.080926 -0.002904 0.045776
10.593200 0.989920 0.010541 -0.009817 -0.000057 -0.008446 0.000591 -0.085746 -0.008881 0.323619
10.840000 0.986693 0.010728 -0.000970 -0.000055 0.014562 0.000980 0.135610 0.001410 0.096276
11.092500 0.995887 0.011051 0.009074 0.000067 0.011633 0.000865 0.062879 -0.001185 0.136852
11.350900 0.981828 0.011206 -0.007605 -0.000203 0.015144 0.001290 0.050717 -0.005374 0.338616
11.615300 0.984399 0.011475 -0.006254 -0.000067 0.001969 0.002269 -0.094404 -0.003140 0.000547
11.885800 0.982688 0.011734 -0.000587 -0.000050 0.008864 0.001239 -0.013353 -0.001399 0.076267
12.162700 0.989036 0.012080 0.000354 -0.000005 0.004212 0.001981 -0.109227 -0.003109 0.021517
12.446000 0.986847 0.012316 -0.003948 -0.000125 0.018422 0.002473 -0.011548 -0.000409 0.024219
12.735900 0.987552 0.012633 -0.004863 -0.000125 0.006909 0.004180 -0.171049 -0.006578 0.061253
13.032500 0.980859 0.012829 0.002565 -0.000113 0.017873 0.003435 0.000458 0.001476 -0.054747
13.336100 0.987525 0.013211 -0.001393 0.000027 -0.002476 -0.000262 -0.019323 -0.000123 0.024415
13.646700 0.981816 0.013449 -0.000783 -0.000041 0.004604 -0.000922 0.100216 0.002519 0.060824
13.964600 0.981218 0.013779 -0.011407 -0.000232 0.009440 0.003522 -0.106444 -0.002775 -0.033996
14.289900 0.986704 0.014165 -0.001736 0.000065 -0.004384 -0.001075 -0.011986 -0.001788 0.063826
14.622700 0.985320 0.014485 -0.004855 -0.000197 0.012137 0.003489 -0.053557 -0.003869 0.096962
14.963300 0.978254 0.014698 -0.003384 -0.000055 0.004603 -0.000728 0.099484 -0.002394 0.186903
15.311900 0.982321 0.015113 -0.006832 -0.000165 0.006737 0.000487 0.061491 0.000277 0.059488
15.668500 0.974822 0.015367 -0.013247 -0.000256 0.003318 0.000517 0.027191 -0.000628 0.074497
16.033500 0.978466 0.015789 -0.011171 -0.000236 -0.000391 0.000279 -0.032610 -0.001029 0.025554
16.407000 0.976305 0.016082 -0.005077 -0.000127 0.006296 0.001299 0.002978 -0.001201 0.029422
16.789200 0.975846 0.016462 -0.003138 -0.000147 0.006619 0.002196 -0.023574 0.000184 -0.029738
17.180200 0.974314 0.016821 -0.005018 -0.000214 0.013618 0.003834 -0.028684 -0.000927 0.021265
17.580400 0.975806 0.017208 0.001525 -0.000025 0.008327 0.002794 -0.065737 -0.001190 -0.026798
17.989900 0.976259 0.017645 -0.006248 -0.000215 0.013337 0.003110 0.005689 -0.004426 0.145222
18.408900 0.974768 0.018016 -0.000752 -0.000035 0.007202 0.001831 -0.011396 0.001239 -0.065105
18.837700 0.973579 0.018429 -0.005167 -0.000157 0.007223 0.002142 0.000315 0.000093 0.001698
19.276500 0.974498 0.018884 -0.006947 -0.000178 0.005730 0.001053 -0.001714 -0.000653 0.070954
19.725500 0.971941 0.019304 -0.013224 -0.000346 0.008444 0.001510 -0.001599 -0.002031 0.094867
20.185000 0.971445 0.019738 -0.013528 -0.000453 0.015219 0.004969 -0.043566 -0.000997 -0.030354
20.655200 0.971984 0.020188 -0.007437 -0.000250 0.009786 0.002554 0.011146 0.001156 -0.006665
21.136300 0.969586 0.020594 -0.005714 -0.000299 0.017222 0.004977 0.003544 0.000711 -0.026778
21.628600 0.966300 0.020983 -0.001177 -0.000022 0.004740 0.002457 -0.045850 -0.003095 0.044981
22.132400 0.965909 0.021503 -0.010811 -0.000417 0.013506 0.003096 0.026881 0.000757 0.028316
22.647900 0.967185 0.022045 -0.012150 -0.000479 0.013397 0.005035 -0.018462 -0.001130 0.033631
23.175500 0.968039 0.022595 -0.014111 -0.000497 0.016163 0.005127 -0.018354 -0.001622 0.022225
23.715300 0.964343 0.023024 -0.013162 -0.000440 0.011334 0.002708 0.014048 0.000187 0.031327
24.267700 0.963106 0.023514 -0.009049 -0.000352 0.011963 0.005136 -0.037017 -0.000337 -0.049322
24.833000 0.961712 0.024033 -0.012094 -0.000452 0.012465 0.004229 -0.002058 -0.003409 0.078797
25.411400 0.963869 0.024652 -0.010812 -0.000508 0.015612 0.005227 0.008403 -0.000773 0.045074
26.003300 0.961970 0.025187 -0.014240 -0.000498 0.012457 0.004252 -0.021365 -0.003061 0.054009
26.609000 0.960003 0.025719 -0.011382 -0.000441 0.011051 0.003886 -0.010836 -0.002040 0.042075
27.228800 0.959933 0.026302 -0.010407 -0.000528 0.016389 0.006192 0.001931 -0.001684 0.042290
27.863100 0.957786 0.026894 -0.017237 -0.000659 0.011046 0.004526 -0.018041 -0.005233 0.069114
28.512100 0.957583 0.027535 -0.019385 -0.000770 0.013387 0.004456 0.004475 -0.002651 0.072973
29.176200 0.955795 0.028070 -0.012809 -0.000634 0.017168 0.006676 0.004094 -0.002741 0.073419
29.855800 0.953660 0.028680 -0.016606 -0.000744 0.014505 0.007710 -0.058918 -0.005778 0.046859
30.551200 0.954787 0.029387 -0.014017 -0.000674 0.015100 0.006164 -0.015525 -0.002065 0.039475
31.262900 0.952595 0.030016 -0.016730 -0.000868 0.020531 0.009118 -0.024459 -0.004668 0.077426
31.991100 0.950730 0.030654 -0.016191 -0.000816 0.016041 0.007468 -0.015801 -0.001873 0.019231
32.736200 0.950077 0.031353 -0.017525 -0.000891 0.018127 0.007819 -0.009491 -0.002787 0.054655
33.498800 0.948586 0.032056 -0.020326 -0.001031 0.016914 0.008535 -0.029309 -0.005840 0.071612
34.279100 0.947334 0.032745 -0.019076 -0.000923 0.014777 0.008246 -0.045762 -0.004571 0.030946
35.077500 0.945366 0.033451 -0.020949 -0.001116 0.019122 0.008365 0.012908 -0.000225 0.033808
35.894600 0.944003 0.034172 -0.019257 -0.001049 0.017487 0.008595 -0.006967 -0.003818 0.061170
36.730700 0.943619 0.034997 -0.023292 -0.001206 0.014774 0.008009 -0.018164 -0.004919 0.063221
37.586200 0.941857 0.035729 -0.022659 -0.001191 0.016301 0.007792 -0.005132 -0.005004 0.090602
38.461700 0.940657 0.036530 -0.024498 -0.001398 0.019571 0.010830 -0.024607 -0.005210 0.058758
39.357600 0.939561 0.037341 -0.024488 -0.001347 0.016745 0.009208 -0.023429 -0.003119 0.031707
40.274400 0.937170 0.038107 -0.023500 -0.001382 0.018937 0.009999 -0.002745 -0.002272 0.044612
41.212500 0.936589 0.038996 -0.025333 -0.001495 0.018242 0.012155 -0.047852 -0.007442 0.058709
42.172400 0.935019 0.039855 -0.027600 -0.001602 0.017245 0.010131 -0.023906 -0.005654 0.058425
43.154800 0.933463 0.040695 -0.025631 -0.001576 0.018446 0.011292 -0.019059 -0.006151 0.063461
44.160000 0.931529 0.041560 -0.025206 -0.001645 0.020566 0.013123 -0.027085 -0.006324 0.062643
45.188600 0.929915 0.042475 -0.027297 -0.001843 0.021770 0.014497 -0.031714 -0.006455 0.059547
46.241200 0.929812 0.043477 -0.029658 -0.002046 0.023855 0.016183 -0.033584 -0.007994 0.068466
47.318300 0.926618 0.044338 -0.028957 -0.002005 0.022616 0.015640 -0.035883 -0.008151 0.067661
48.420400 0.925583 0.045321 -0.028967 -0.002096 0.024000 0.016048 -0.020997 -0.007012 0.070309
49.548300 0.923698 0.046297 -0.030539 -0.002216 0.022880 0.016161 -0.032909 -0.006795 0.054799
50.702400 0.922296 0.047322 -0.032012 -0.002320 0.022181 0.016698 -0.036184 -0.008194 0.062225
51.883400 0.919800 0.048304 -0.031859 -0.002380 0.022617 0.017628 -0.042068 -0.010283 0.078129
53.092000 0.917922 0.049342 -0.034014 -0.002563 0.022954 0.017655 -0.033794 -0.009061 0.072874
54.328600 0.916461 0.050410 -0.033410 -0.002635 0.024579 0.020648 -0.055990 -0.011234 0.067226
55.594100 0.914891 0.051507 -0.034099 -0.002728 0.024330 0.020294 -0.050782 -0.011552 0.079794
56.889100 0.913135 0.052621 -0.034883 -0.002895 0.025840 0.020476 -0.028399 -0.007350 0.059519
58.214200 0.911570 0.053781 -0.037026 -0.003103 0.026191 0.022925 -0.059626 -0.012717 0.068740
59.570200 0.908449 0.054849 -0.037295 -0.003224 0.027155 0.023313 -0.039575 -0.012272 0.090905
60.957700 0.907193 0.056059 -0.037588 -0.003362 0.027594 0.025107 -0.050401 -0.013257 0.085315
62.377600 0.904755 0.057235 -0.038799 -0.003529 0.027974 0.025600 -0.048440 -0.012833 0.076676
63.830600 0.902513 0.058439 -0.040109 -0.003740 0.028997 0.028493 -0.065262 -0.017296 0.094914
65.317400 0.900696 0.059698 -0.041468 -0.003898 0.029096 0.028200 -0.056904 -0.013878 0.073522
66.838800 0.898653 0.060978 -0.042373 -0.004054 0.029072 0.027735 -0.045514 -0.014921 0.093488
68.395700 0.896308 0.062247 -0.043153 -0.004186 0.028483 0.029691 -0.066277 -0.017744 0.089332
69.988800 0.894077 0.063551 -0.043464 -0.004400 0.030082 0.031603 -0.060274 -0.017334 0.088840
71.619100 0.891668 0.064885 -0.045481 -0.004688 0.030853 0.032050 -0.050670 -0.015794 0.086610
73.287300 0.889547 0.066251 -0.045858 -0.004812 0.031130 0.034826 -0.074749 -0.020064 0.085462
74.994400 0.886876 0.067601 -0.045981 -0.004966 0.031999 0.035705 -0.066356 -0.019478 0.089233
76.741200 0.884869 0.069043 -0.047291 -0.005220 0.032139 0.036644 -0.064814 -0.020619 0.096652
78.528800 0.882495 0.070495 -0.048999 -0.005518 0.032774 0.039415 -0.077217 -0.021991 0.089233
80.357900 0.879820 0.071936 -0.049641 -0.005705 0.033142 0.041317 -0.086710 -0.024193 0.091608
82.229700 0.877241 0.073432 -0.051323 -0.005963 0.032574 0.040652 -0.077975 -0.025012 0.107557
84.145100 0.874418 0.074929 -0.052071 -0.006242 0.033608 0.043222 -0.078580 -0.025006 0.098197
86.105100 0.871790 0.076468 -0.053495 -0.006561 0.034297 0.045198 -0.081392 -0.026485 0.103083
88.110700 0.869203 0.078040 -0.054505 -0.006812 0.034688 0.046972 -0.084086 -0.027413 0.101531
90.163100 0.866061 0.079610 -0.055884 -0.007201 0.036207 0.049450 -0.080373 -0.029128 0.113820
92.263300 0.863368 0.081243 -0.057342 -0.007555 0.036703 0.052167 -0.087993 -0.031564 0.114719
94.412300 0.860488 0.082890 -0.058254 -0.007853 0.037246 0.053515 -0.084195 -0.029693 0.104060
96.611500 0.857629 0.084553 -0.058702 -0.008100 0.037512 0.056515 -0.095908 -0.034561 0.115197
98.861900 0.854679 0.086285 -0.060925 -0.008564 0.037946 0.057939 -0.093468 -0.035070 0.116922
101.165000 0.851313 0.087972 -0.061508 -0.008889 0.038807 0.060746 -0.093601 -0.036223 0.115900
103.521000 0.848469 0.089762 -0.062809 -0.009277 0.039526 0.063496 -0.099350 -0.037479 0.113150
105.932000 0.845023 0.091521 -0.064297 -0.009732 0.040127 0.065801 -0.097292 -0.040411 0.124007
108.400000 0.841856 0.093343 -0.065232 -0.010089 0.040171 0.067747 -0.099962 -0.041217 0.119504
110.925000 0.838456 0.095178 -0.066527 -0.010545 0.041229 0.071359 -0.105858 -0.043968 0.122781
113.509000 0.834885 0.097034 -0.068070 -0.011095 0.042314 0.075266 -0.107782 -0.045664 0.123918
116.153000 0.831596 0.098946 -0.069119 -0.011530 0.042966 0.077595 -0.107149 -0.047490 0.128019
118.858000 0.828086 0.100882 -0.070673 -0.012079 0.043601 0.082142 -0.118214 -0.050503 0.123010
121.627000 0.824436 0.102831 -0.071847 -0.012585 0.044177 0.084690 -0.116120 -0.051503 0.125479
124.460000 0.820666 0.104797 -0.073083 -0.013111 0.044877 0.086908 -0.110838 -0.051832 0.130541
127.359000 0.817034 0.106819 -0.074177 -0.013671 0.045855 0.092027 -0.119091 -0.056829 0.133665
130.325000 0.813103 0.108847 -0.075794 -0.014273 0.046265 0.094635 -0.117226 -0.058194 0.135118
133.361000 0.809233 0.110910 -0.076994 -0.014867 0.047006 0.098246 -0.117725 -0.059155 0.134585
136.467000 0.805465 0.113019 -0.077951 -0.015542 0.048940 0.104174 -0.119290 -0.060949 0.134592
139.646000 0.801397 0.115137 -0.079286 -0.016183 0.049401 0.108361 -0.124022 -0.064860 0.137754
142.899000 0.797330 0.117295 -0.080619 -0.016861 0.049960 0.113023 -0.129692 -0.067857 0.135813
146.227000 0.793084 0.119453 -0.081760 -0.017517 0.050513 0.116522 -0.128867 -0.068751 0.135161
149.633000 0.788740 0.121636 -0.082731 -0.018246 0.051671 0.122040 -0.128461 -0.071393 0.136773
153.119000 0.784378 0.123856 -0.083826 -0.019017 0.052896 0.128409 -0.133715 -0.074813 0.136372
156.685000 0.779993 0.126119 -0.085220 -0.019816 0.053492 0.133504 -0.137166 -0.078961 0.139823
160.335000 0.775527 0.128382 -0.085796 -0.020519 0.054441 0.139214 -0.138848 -0.081849 0.141161
164.070000 0.770885 0.130683 -0.087238 -0.021406 0.055248 0.144806 -0.140883 -0.085173 0.142719
167.892000 0.766260 0.133009 -0.088211 -0.022260 0.056333 0.150937 -0.141067 -0.088216 0.144641
171.802000 0.761533 0.135360 -0.089229 -0.023126 0.057128 0.157186 -0.143457 -0.092509 0.146354
175.804000 0.756737 0.137726 -0.090098 -0.024030 0.058254 0.164963 -0.149080 -0.097332 0.145169
179.899000 0.751729 0.140094 -0.090937 -0.024909 0.058963 0.170418 -0.147513 -0.099759 0.147467
184.089000 0.746742 0.142511 -0.091915 -0.025907 0.059954 0.178646 -0.153239 -0.106575 0.149529
188.377000 0.741704 0.144947 -0.092699 -0.026908 0.061035 0.185514 -0.150651 -0.107596 0.146784
192.765000 0.736543 0.147384 -0.093415 -0.027885 0.061999 0.193977 -0.156180 -0.113730 0.147805
197.255000 0.731281 0.149847 -0.094137 -0.028928 0.062908 0.202042 -0.159252 -0.118716 0.148774
201.850000 0.725992 0.152335 -0.094695 -0.029998 0.064040 0.210917 -0.160727 -0.123690 0.148829
206.552000 0.720474 0.154815 -0.095421 -0.031063 0.064573 0.218722 -0.164013 -0.128441 0.147527
211.363000 0.715026 0.157339 -0.096052 -0.032236 0.065700 0.228006 -0.164224 -0.132112 0.145564
216.286000 0.709406 0.159863 -0.096733 -0.033390 0.066314 0.236948 -0.168491 -0.138420 0.144987
221.324000 0.703713 0.162396 -0.097214 -0.034580 0.067238 0.247045 -0.171605 -0.144275 0.143466
226.479000 0.697859 0.164925 -0.097726 -0.035755 0.067683 0.255552 -0.173089 -0.150745 0.145146
231.755000 0.692046 0.167505 -0.098272 -0.037062 0.068430 0.265526 -0.174567 -0.155257 0.142379
237.153000 0.686054 0.170054 -0.098601 -0.038286 0.068855 0.275477 -0.177876 -0.163146 0.143277
242.677000 0.679971 0.172628 -0.099210 -0.039660 0.069427 0.286022 -0.180791 -0.170364 0.141875
248.330000 0.673773 0.175197 -0.099711 -0.041033 0.069845 0.296462 -0.183190 -0.177368 0.140264
254.114000 0.667444 0.177759 -0.100145 -0.042397 0.069947 0.306208 -0.185051 -0.184650 0.138501
260.033000 0.660995 0.180316 -0.100605 -0.043843 0.070172 0.316994 -0.187970 -0.192480 0.136595
266.090000 0.654467 0.182881 -0.101196 -0.045345 0.070158 0.326467 -0.188394 -0.199542 0.135324
272.288000 0.647831 0.185435 -0.101720 -0.046848 0.069953 0.336216 -0.189911 -0.208309 0.134270
278.631000 0.641059 0.187976 -0.102264 -0.048451 0.069909 0.346794 -0.190964 -0.216353 0.132504
285.121000 0.634127 0.190495 -0.102903 -0.050055 0.069349 0.355685 -0.191682 -0.224180 0.129846
291.762000 0.627100 0.193005 -0.103613 -0.051795 0.069040 0.366102 -0.191931 -0.233593 0.128790
298.558000 0.619986 0.195512 -0.104331 -0.053538 0.068333 0.374427 -0.190240 -0.241685 0.127028
305.512000 0.612722 0.197987 -0.105113 -0.055398 0.067733 0.383804 -0.188758 -0.250472 0.125367
312.629000 0.605296 0.200425 -0.105901 -0.057297 0.066940 0.392803 -0.187011 -0.259523 0.122718
319.911000 0.597767 0.202842 -0.106740 -0.059273 0.066018 0.400631 -0.182777 -0.267128 0.119984
327.362000 0.590116 0.205232 -0.107697 -0.061344 0.064905 0.408834 -0.180674 -0.276078 0.116018
334.988000 0.582313 0.207569 -0.108598 -0.063485 0.063837 0.416895 -0.176649 -0.284575 0.112745
342.791000 0.574384 0.209875 -0.109638 -0.065723 0.062523 0.423594 -0.171289 -0.292079 0.108226
350.775000 0.566332 0.212145 -0.110787 -0.068045 0.060937 0.430002 -0.167446 -0.300123 0.101668
358.946000 0.558033 0.214320 -0.111919 -0.070449 0.059271 0.436057 -0.162701 -0.307263 0.094617
367.307000 0.549691 0.216478 -0.113224 -0.073009 0.057495 0.441537 -0.157138 -0.314375 0.088218
375.862000 0.541136 0.218544 -0.114521 -0.075650 0.055579 0.446131 -0.150206 -0.321334 0.082277
384.617000 0.532440 0.220540 -0.115819 -0.078392 0.053634 0.450003 -0.141942 -0.326663 0.076065
393.576000 0.523643 0.222473 -0.117107 -0.081212 0.051514 0.452950 -0.133242 -0.332045 0.069956
402.744000 0.514666 0.224315 -0.118495 -0.084231 0.049416 0.456332 -0.123826 -0.336825 0.063106
412.125000 0.505530 0.226056 -0.119870 -0.087289 0.047069 0.458275 -0.115117 -0.340483 0.054241
421.724000 0.496247 0.227704 -0.121261 -0.090474 0.044561 0.459611 -0.105979 -0.343726 0.045053
431.548000 0.486844 0.229257 -0.122698 -0.093825 0.042069 0.460763 -0.096173 -0.346042 0.036265
441.600000 0.477303 0.230702 -0.124110 -0.097288 0.039434 0.460881 -0.085761 -0.347103 0.027367
451.886000 0.467598 0.232011 -0.125470 -0.100843 0.036694 0.460586 -0.075454 -0.347485 0.017778
462.412000 0.457775 0.233195 -0.126778 -0.104495 0.033892 0.458989 -0.063882 -0.346922 0.009209
473.183000 0.447838 0.234254 -0.128036 -0.108280 0.031022 0.457287 -0.052510 -0.345407 0.000232
484.204000 0.437733 0.235141 -0.129149 -0.112133 0.028093 0.455418 -0.041050 -0.342925 -0.008619
495.483000 0.427519 0.235869 -0.130077 -0.116017 0.025108 0.452068 -0.028580 -0.338717 -0.016736
507.024000 0.417205 0.236451 -0.130951 -0.120032 0.022008 0.448945 -0.017023 -0.333986 -0.026017
518.834000 0.406774 0.236850 -0.131653 -0.124066 0.018816 0.445279 -0.005966 -0.329054 -0.034828
530.920000 0.396239 0.237064 -0.132190 -0.128152 0.015547 0.441385 0.004838 -0.322914 -0.044016
543.286000 0.385592 0.237081 -0.132591 -0.132267 0.012115 0.436837 0.014914 -0.316930 -0.053481
555.941000 0.374828 0.236881 -0.132850 -0.136392 0.008519 0.431754 0.023752 -0.310817 -0.063147
568.891000 0.363998 0.236478 -0.132923 -0.140500 0.004780 0.425707 0.032220 -0.304639 -0.072485
582.142000 0.353056 0.235844 -0.132888 -0.144603 0.000774 0.419533 0.038423 -0.299563 -0.083469
595.702000 0.342022 0.234977 -0.132787 -0.148692 -0.003523 0.411913 0.042779 -0.295385 -0.094885
609.577000 0.330900 0.233873 -0.132629 -0.152783 -0.008119 0.402568 0.045858 -0.293072 -0.106545
623.776000 0.319656 0.232490 -0.132414 -0.156811 -0.013087 0.391345 0.046817 -0.293016 -0.119961
638.306000 0.308308 0.230837 -0.132209 -0.160801 -0.018478 0.377314 0.045325 -0.295328 -0.134896
653.174000 0.296857 0.228910 -0.132096 -0.164786 -0.024353 0.360139 0.040876 -0.300474 -0.152080
668.388000 0.285263 0.226653 -0.132015 -0.168729 -0.030627 0.339518 0.034761 -0.309349 -0.171211
683.957000 0.273590 0.224105 -0.132007 -0.172684 -0.037283 0.314706 0.027128 -0.320869 -0.191782
699.888000 0.261809 0.221224 -0.132045 -0.176646 -0.044268 0.285935 0.018189 -0.335107 -0.214638
716.191000 0.249935 0.218002 -0.132127 -0.180598 -0.051566 0.252640 0.007477 -0.350873 -0.239904
732.873000 0.237987 0.214450 -0.132333 -0.184604 -0.059254 0.215149 -0.006067 -0.368514 -0.268800
749.944000 0.226003 0.210553 -0.132471 -0.188627 -0.067021 0.173117 -0.019264 -0.387445 -0.297092
767.412000 0.214255 0.206311 -0.131323 -0.192577 -0.072866 0.129992 -0.012399 -0.399620 -0.304112
785.288000 0.202877 0.201742 -0.128441 -0.196149 -0.076546 0.093274 0.010457 -0.392765 -0.301059
803.579000 0.191829 0.196847 -0.124121 -0.199084 -0.078962 0.067300 0.036625 -0.365238 -0.299375
822.297000 0.181114 0.191647 -0.118623 -0.201177 -0.080751 0.053070 0.060716 -0.322405 -0.298069
841.451000 0.170733 0.186182 -0.112206 -0.202359 -0.082353 0.050203 0.081933 -0.271684 -0.293134
861.051000 0.160662 0.180443 -0.105035 -0.202440 -0.084009 0.056036 0.100839 -0.219999 -0.281711
881.107000 0.150905 0.174463 -0.097314 -0.201408 -0.085876 0.068263 0.119864 -0.172348 -0.263745
901.631000 0.141458 0.168261 -0.089205 -0.199237 -0.087999 0.084008 0.140913 -0.131716 -0.241178
922.633000 0.132324 0.161860 -0.080861 -0.195929 -0.090359 0.100165 0.165276 -0.098456 -0.216759
944.123000 0.123501 0.155285 -0.072406 -0.191494 -0.092881 0.113952 0.193505 -0.071614 -0.194052
966.115000 0.114998 0.148566 -0.063974 -0.186006 -0.095468 0.123357 0.225713 -0.049029 -0.176110
988.619000 0.106801 0.141711 -0.055659 -0.179506 -0.097983 0.126595 0.261123 -0.027769 -0.164816
1011.650000 0.098937 0.134777 -0.047572 -0.172106 -0.100296 0.122397 0.297877 -0.005267 -0.160210
1035.210000 0.091393 0.127770 -0.039791 -0.163886 -0.102256 0.110267 0.334178 0.020870 -0.161311
1059.320000 0.084176 0.120726 -0.032392 -0.154964 -0.103739 0.090065 0.367662 0.052286 -0.165480
1084.000000 0.077286 0.113673 -0.025436 -0.145462 -0.104624 0.062343 0.396077 0.089558 -0.169516
1109.250000 0.070732 0.106650 -0.018976 -0.135504 -0.104802 0.027984 0.416974 0.131975 -0.169906
1135.090000 0.064521 0.099697 -0.013051 -0.125236 -0.104207 -0.011653 0.428613 0.178128 -0.163370
1161.530000 0.058653 0.092844 -0.007689 -0.114785 -0.102780 -0.054911 0.429640 0.225641 -0.147605
1188.580000 0.053134 0.086132 -0.002909 -0.104292 -0.100503 -0.099968 0.419320 0.271646 -0.121274
1216.270000 0.047970 0.079602 0.001283 -0.093890 -0.097384 -0.144863 0.397599 0.312854 -0.084643
1244.600000 0.043157 0.073283 0.004887 -0.083716 -0.093476 -0.187697 0.365400 0.346526 -0.039161
1273.590000 0.038691 0.067203 0.007915 -0.073898 -0.088870 -0.226768 0.324321 0.370439 0.012471
1303.250000 0.034559 0.061374 0.010383 -0.064540 -0.083668 -0.260667 0.276450 0.383251 0.067020
1333.610000 0.030743 0.055798 0.012313 -0.055724 -0.077985 -0.288336 0.224085 0.384405 0.120961
1364.670000 0.027225 0.050477 0.013733 -0.047518 -0.071939 -0.308996 0.169619 0.374039 0.170734
1396.460000 0.023989 0.045413 0.014675 -0.039967 -0.065641 -0.322203 0.115310 0.352874 0.213097
1428.990000 0.021020 0.040610 0.015177 -0.033102 -0.059205 -0.327796 0.063281 0.322141 0.245195
1462.270000 0.018304 0.036068 0.015283 -0.026937 -0.052740 -0.325912 0.015433 0.283632 0.265046
1496.330000 0.015827 0.031790 0.015035 -0.021477 -0.046350 -0.316945 -0.026609 0.239541 0.271589
1531.190000 0.013576 0.027782 0.014481 -0.016716 -0.040144 -0.301596 -0.061547 0.192463 0.264973
1566.850000 0.011539 0.024040 0.013667 -0.012636 -0.034212 -0.280767 -0.088543 0.145076 0.246526
1603.350000 0.009705 0.020571 0.012643 -0.009212 -0.028648 -0.255601 -0.107205 0.100044 0.218657
1640.700000 0.008067 0.017385 0.011465 -0.006408 -0.023533 -0.227421 -0.117678 0.059684 0.184525
1678.920000 0.006617 0.014492 0.010190 -0.004176 -0.018929 -0.197600 -0.120612 0.025730 0.147580
1718.020000 0.005349 0.011897 0.008875 -0.002453 -0.014870 -0.167431 -0.117068 -0.000853 0.111032
1758.040000 0.004255 0.009608 0.007573 -0.001170 -0.011370 -0.138130 -0.108449 -0.019887 0.077491
1798.990000 0.003323 0.007616 0.006323 -0.000263 -0.008425 -0.110664 -0.096201 -0.031787 0.048754
1840.890000 0.002540 0.005906 0.005149 0.000327 -0.006012 -0.085788 -0.081764 -0.037440 0.025803
1883.770000 0.001890 0.004459 0.004073 0.000660 -0.004100 -0.064030 -0.066452 -0.037993 0.008960
1927.650000 0.001362 0.003260 0.003112 0.000793 -0.002640 -0.045699 -0.051425 -0.034771 -0.002061
1972.550000 0.000943 0.002289 0.002280 0.000782 -0.001578 -0.030893 -0.037626 -0.029142 -0.008024
2018.500000 0.000622 0.001530 0.001587 0.000678 -0.000850 -0.019529 -0.025770 -0.022413 -0.010020
2065.520000 0.000384 0.000958 0.001035 0.000527 -0.000392 -0.011319 -0.016255 -0.015679 -0.009280
2113.630000 0.000218 0.000551 0.000618 0.000364 -0.000136 -0.005841 -0.009214 -0.009784 -0.007044
2162.860000 0.000109 0.000281 0.000327 0.000218 -0.000019 -0.002561 -0.004514 -0.005259 -0.004403
2213.240000 0.000046 0.000119 0.000144 0.000107 0.000015 -0.000878 -0.001786 -0.002286 -0.002169
2264.790000 0.000014 0.000038 0.000047 0.000038 0.000012 -0.000201 -0.000505 -0.000716 -0.000759
2317.550000 0.000003 0.000007 0.000009 0.000008 0.000004 -0.000021 -0.000079 -0.000127 -0.000150
2371.530000 0.000000 0.000001 0.000001 0.000001 0.000000 0.000000 -0.000004 -0.000008 -0.000011
2426.770000 0.000000 0.000000 0.000000 0.000000 0.000000 0.000000 -0.000000 -0.000000 -0.000000
2483.300000 0.000000 0.000000 0.000000 0.000000 0.000000 0.000000 0.000000 0.000000 0.000000
2541.140000 0.000000 0.000000 0.000000 0.000000 0.000000 0.000000 0.000000 0.000000 0.000000
2600.330000 0.000000 0.000000 0.000000 0.000000 0.000000 0.000000 0.000000 0.000000 0.000000
2660.900000 0.000000 0.000000 0.000000 0.000000 0.000000 0.000000 0.000000 0.000000 0.000000
2722.880000 0.000000 0.000000 0.000000 0.000000 0.000000 0.000000 0.000000 0.000000 0.000000
2786.310000 0.000000 0.000000 0.000000 0.000000 0.000000 0.000000 0.000000 0.000000 0.000000
2851.210000 0.000000 0.000000 0.000000 0.000000 0.000000 0.000000 0.000000 0.000000 0.000000
2917.620000 0.000000 0.000000 0.000000 0.000000 0.000000 0.000000 0.000000 0.000000 0.000000
2985.580000 0.000000 0.000000 0.000000 0.000000 0.000000 0.000000 0.000000 0.000000 0.000000
3055.120000 0.000000 0.000000 0.000000 0.000000 0.000000 0.000000 0.000000 0.000000 0.000000
3126.290000 0.000000 0.000000 0.000000 0.000000 0.000000 0.000000 0.000000 0.000000 0.000000
3199.110000 0.000000 0.000000 0.000000 0.000000 0.000000 0.000000 0.000000 0.000000 0.000000
3273.620000 0.000000 0.000000 0.000000 0.000000 0.000000 0.000000 0.000000 0.000000 0.000000
3349.880000 0.000000 0.000000 0.000000 0.000000 0.000000 0.000000 0.000000 0.000000 0.000000
3427.910000 0.000000 0.000000 0.000000 0.000000 0.000000 0.000000 0.000000 0.000000 0.000000
3507.750000 0.000000 0.000000 0.000000 0.000000 0.000000 0.000000 0.000000 0.000000 0.000000
3589.460000 0.000000 0.000000 0.000000 0.000000 0.000000 0.000000 0.000000 0.000000 0.000000
3673.070000 0.000000 0.000000 0.000000 0.000000 0.000000 0.000000 0.000000 0.000000 0.000000
3758.620000 0.000000 0.000000 0.000000 0.000000 0.000000 0.000000 0.000000 0.000000 0.000000
3846.170000 0.000000 0.000000 0.000000 0.000000 0.000000 0.000000 0.000000 0.000000 0.000000
3935.760000 0.000000 0.000000 0.000000 0.000000 0.000000 0.000000 0.000000 0.000000 0.000000
4027.440000 0.000000 0.000000 0.000000 0.000000 0.000000 0.000000 0.000000 0.000000 0.000000
4121.250000 0.000000 0.000000 0.000000 0.000000 0.000000 0.000000 0.000000 0.000000 0.000000
4217.240000 0.000000 0.000000 0.000000 0.000000 0.000000 0.000000 0.000000 0.000000 0.000000
4315.480000 0.000000 0.000000 0.000000 0.000000 0.000000 0.000000 0.000000 0.000000 0.000000
4416.000000 0.000000 0.000000 0.000000 0.000000 0.000000 0.000000 0.000000 0.000000 0.000000
4518.860000 0.000000 0.000000 0.000000 0.000000 0.000000 0.000000 0.000000 0.000000 0.000000
4624.120000 0.000000 0.000000 0.000000 0.000000 0.000000 0.000000 0.000000 0.000000 0.000000
4731.830000 0.000000 0.000000 0.000000 0.000000 0.000000 0.000000 0.000000 0.000000 0.000000
4842.040000 0.000000 0.000000 0.000000 0.000000 0.000000 0.000000 0.000000 0.000000 0.000000
4954.830000 0.000000 0.000000 0.000000 0.000000 0.000000 0.000000 0.000000 0.000000 0.000000
5070.240000 0.000000 0.000000 0.000000 0.000000 0.000000 0.000000 0.000000 0.000000 0.000000
5188.340000 0.000000 0.000000 0.000000 0.000000 0.000000 0.000000 0.000000 0.000000 0.000000
5309.200000 0.000000 0.000000 0.000000 0.000000 0.000000 0.000000 0.000000 0.000000 0.000000
5432.860000 0.000000 0.000000 0.000000 0.000000 0.000000 0.000000 0.000000 0.000000 0.000000
5559.410000 0.000000 0.000000 0.000000 0.000000 0.000000 0.000000 0.000000 0.000000 0.000000
5688.910000 0.000000 0.000000 0.000000 0.000000 0.000000 0.000000 0.000000 0.000000 0.000000
5821.420000 0.000000 0.000000 0.000000 0.000000 0.000000 0.000000 0.000000 0.000000 0.000000
5957.020000 0.000000 0.000000 0.000000 0.000000 0.000000 0.000000 0.000000 0.000000 0.000000
6095.770000 0.000000 0.000000 0.000000 0.000000 0.000000 0.000000 0.000000 0.000000 0.000000
6237.760000 0.000000 0.000000 0.000000 0.000000 0.000000 0.000000 0.000000 0.000000 0.000000
6383.060000 0.000000 0.000000 0.000000 0.000000 0.000000 0.000000 0.000000 0.000000 0.000000
6531.740000 0.000000 0.000000 0.000000 0.000000 0.000000 0.000000 0.000000 0.000000 0.000000
6683.880000 0.000000 0.000000 0.000000 0.000000 0.000000 0.000000 0.000000 0.000000 0.000000
6839.570000 0.000000 0.000000 0.000000 0.000000 0.000000 0.000000 0.000000 0.000000 0.000000
6998.880000 0.000000 0.000000 0.000000 0.000000 0.000000 0.000000 0.000000 0.000000 0.000000
7161.910000 0.000000 0.000000 0.000000 0.000000 0.000000 0.000000 0.000000 0.000000 0.000000
7328.730000 0.000000 0.000000 0.000000 0.000000 0.000000 0.000000 0.000000 0.000000 0.000000
7499.440000 0.000000 0.000000 0.000000 0.000000 0.000000 0.000000 0.000000 0.000000 0.000000
7674.120000 0.000000 0.000000 0.000000 0.000000 0.000000 0.000000 0.000000 0.000000 0.000000
7852.880000 0.000000 0.000000 0.000000 0.000000 0.000000 0.000000 0.000000 0.000000 0.000000
8035.790000 0.000000 0.000000 0.000000 0.000000 0.000000 0.000000 0.000000 0.000000 0.000000
8222.970000 0.000000 0.000000 0.000000 0.000000 0.000000 0.000000 0.000000 0.000000 0.000000
8414.510000 0.000000 0.000000 0.000000 0.000000 0.000000 0.000000 0.000000 0.000000 0.000000
8610.510000 0.000000 0.000000 0.000000 0.000000 0.000000 0.000000 0.000000 0.000000 0.000000
8811.070000 0.000000 0.000000 0.000000 0.000000 0.000000 0.000000 0.000000 0.000000 0.000000
9016.310000 0.000000 0.000000 0.000000 0.000000 0.000000 0.000000 0.000000 0.000000 0.000000
9226.330000 0.000000 0.000000 0.000000 0.000000 0.000000 0.000000 0.000000 0.000000 0.000000
9441.230000 0.000000 0.000000 0.000000 0.000000 0.000000 0.000000 0.000000 0.000000 0.000000
9661.150000 0.000000 0.000000 0.000000 0.000000 0.000000 0.000000 0.000000 0.000000 0.000000
9886.190000 0.000000 0.000000 0.000000 0.000000 0.000000 0.000000 0.000000 0.000000 0.000000
