# s W_0 W_1 W_2 W_3 W_4 W_5 W_6 W_7 W_8
0.101165 0.000000 0.000000 0.000000 0.000000 0.000000 0.000000 0.000000 0.000000 0.000000
0.103521 0.000000 0.000000 0.000000 0.000000 0.000000 0.000000 0.000000 0.000000 0.000000
0.105932 0.000000 0.000000 0.000000 0.000000 0.000000 0.000000 0.000000 0.000000 0.000000
0.108400 0.000000 0.000000 0.000000 0.000000 0.000000 0.000000 0.000000 0.000000 0.000000
0.110925 0.000000 0.000000 0.000000 0.000000 0.000000 0.000000 0.000000 0.000000 0.000000
0.113509 0.000000 0.000000 0.000000 0.000000 0.000000 0.000000 0.000000 0.000000 0.000000
0.116153 0.000000 0.000000 0.000000 0.000000 0.000000 0.000000 0.000000 0.000000 0.000000
0.118858 0.000000 0.000000 0.000000 0.000000 0.000000 0.000000 0.000000 0.000000 0.000000
0.121627 15.381515 0.001701 -23.547845 -0.002107 -5.052602 -0.019189 170.327000 0.068000 -264.970000
0.124460 0.000000 0.000000 0.000000 0.000000 0.000000 0.000000 0.000000 0.000000 0.000000
0.127359 0.000000 0.000000 0.000000 0.000000 0.000000 0.000000 0.000000 0.000000 0.000000
0.130325 13.904975 0.001688 -22.418236 -0.002412 -0.948524 -0.015084 137.466000 0.062893 -236.098000
0.133361 0.000000 0.000000 0.000000 0.000000 0.000000 0.000000 0.000000 0.000000 0.000000
0.136467 9.526072 0.000035 45.902962 0.000469 75.589616 0.006239 336.875000 0.014618 351.792000
0.139646 0.000000 0.000000 0.000000 0.000000 0.000000 0.000000 0.000000 0.000000 0.000000
0.142899 0.000000 0.000000 0.000000 0.000000 0.000000 0.000000 0.000000 0.000000 0.000000
0.146227 0.000000 0.000000 0.000000 0.000000 0.000000 0.000000 0.000000 0.000000 0.000000
0.149633 0.000000 0.000000 0.000000 0.000000 0.000000 0.000000 0.000000 0.000000 0.000000
0.153119 0.000000 0.000000 0.000000 0.000000 0.000000 0.000000 0.000000 0.000000 0.000000
0.156685 0.000000 0.000000 0.000000 0.000000 0.000000 0.000000 0.000000 0.000000 0.000000
0.160335 0.000000 0.000000 0.000000 0.000000 0.000000 0.000000 0.000000 0.000000 0.000000
0.164070 0.000000 0.000000 0.000000 0.000000 0.000000 0.000000 0.000000 0.000000 0.000000
0.167892 0.000000 0.000000 0.000000 0.000000 0.000000 0.000000 0.000000 0.000000 0.000000
0.171802 4.268919 0.000703 -5.676923 -0.000541 -3.979716 -0.011645 57.024000 0.031060 -70.442600
0.175804 0.000000 0.000000 0.000000 0.000000 0.000000 0.000000 0.000000 0.000000 0.000000
0.179899 0.000000 0.000000 0.000000 0.000000 0.000000 0.000000 0.000000 0.000000 0.000000
0.184089 0.000000 0.000000 0.000000 0.000000 0.000000 0.000000 0.000000 0.000000 0.000000
0.188377 0.000000 0.000000 0.000000 0.000000 0.000000 0.000000 0.000000 0.000000 0.000000
0.192765 0.000000 0.000000 0.000000 0.000000 0.000000 0.000000 0.000000 0.000000 0.000000
0.197255 0.000000 0.000000 0.000000 0.000000 0.000000 0.000000 0.000000 0.000000 0.000000
0.201850 0.000000 0.000000 0.000000 0.000000 0.000000 0.000000 0.000000 0.000000 0.000000
0.206552 0.000000 0.000000 0.000000 0.000000 0.000000 0.000000 0.000000 0.000000 0.000000
0.211363 15.853289 0.002011 0.483883 0.004837 -55.960128 -0.066002 158.664000 0.010653 156.817000
0.216286 0.000000 0.000000 0.000000 0.000000 0.000000 0.000000 0.000000 0.000000 0.000000
0.221324 0.000000 0.000000 0.000000 0.000000 0.000000 0.000000 0.000000 0.000000 0.000000
0.226479 0.000000 0.000000 0.000000 0.000000 0.000000 0.000000 0.000000 0.000000 0.000000
0.231755 0.000000 0.000000 0.000000 0.000000 0.000000 0.000000 0.000000 0.000000 0.000000
0.237153 0.000000 0.000000 0.000000 0.000000 0.000000 0.000000 0.000000 0.000000 0.000000
0.242677 0.000000 0.000000 0.000000 0.000000 0.000000 0.000000 0.000000 0.000000 0.000000
0.248330 0.000000 0.000000 0.000000 0.000000 0.000000 0.000000 0.000000 0.000000 0.000000
0.254114 0.000000 0.000000 0.000000 0.000000 0.000000 0.000000 0.000000 0.000000 0.000000
0.260033 0.000000 0.000000 0.000000 0.000000 0.000000 0.000000 0.000000 0.000000 0.000000
0.266090 1.860967 0.000008 9.082702 0.000108 15.434468 0.001470 72.660200 0.003547 82.906800
0.272288 0.000000 0.000000 0.000000 0.000000 0.000000 0.000000 0.000000 0.000000 0.000000
0.278631 0.000000 0.000000 0.000000 0.000000 0.000000 0.000000 0.000000 0.000000 0.000000
0.285121 0.000000 0.000000 0.000000 0.000000 0.000000 0.000000 0.000000 0.000000 0.000000
0.291762 0.000000 0.000000 0.000000 0.000000 0.000000 0.000000 0.000000 0.000000 0.000000
0.298558 0.000000 0.000000 0.000000 0.000000 0.000000 0.000000 0.000000 0.000000 0.000000
0.305512 3.581033 0.000974 -5.577719 -0.001268 -0.874426 -0.010255 38.322300 0.038145 -61.532800
0.312629 0.000000 0.000000 0.000000 0.000000 0.000000 0.000000 0.000000 0.000000 0.000000
0.319911 0.000000 0.000000 0.000000 0.000000 0.000000 0.000000 0.000000 0.000000 0.000000
0.327362 0.000000 0.000000 0.000000 0.000000 0.000000 0.000000 0.000000 0.000000 0.000000
0.334988 0.000000 0.000000 0.000000 0.000000 0.000000 0.000000 0.000000 0.000000 0.000000
0.342791 0.605086 0.000087 1.277866 0.000634 -1.506572 0.000713 -10.265500 -0.006434 2.213360
0.350775 0.000000 0.000000 0.000000 0.000000 0.000000 0.000000 0.000000 0.000000 0.000000
0.358946 2.064484 0.000232 5.505049 0.000933 3.968796 0.000826 16.410400 0.014175 -15.173500
0.367307 0.000000 0.000000 0.000000 0.000000 0.000000 0.000000 0.000000 0.000000 0.000000
0.375862 1.026747 0.000405 -2.566868 -0.001417 3.465268 0.009969 -14.935000 -0.015860 17.089000
0.384617 0.000000 0.000000 0.000000 0.000000 0.000000 0.000000 0.000000 0.000000 0.000000
0.393576 3.031701 0.000847 -1.770128 -0.001732 7.998729 0.018976 -24.192800 -0.010360 -1.300290
0.402744 0.719281 0.000194 0.309865 -0.000234 1.805204 0.005852 -7.698120 -0.002489 -4.796530
0.412125 1.454044 0.000545 -2.821788 -0.001218 1.618302 0.001605 3.923110 0.008192 -14.416200
0.421724 1.382904 0.000417 -0.265443 0.000391 -2.602390 -0.005244 2.130400 0.000116 3.344090
0.431548 0.000000 0.000000 0.000000 0.000000 0.000000 0.000000 0.000000 0.000000 0.000000
0.441600 0.640330 0.000187 0.227927 -0.000101 0.890979 0.004636 -8.140220 -0.002953 -4.957170
0.451886 0.914780 0.000256 0.511907 0.000169 0.331722 0.006172 -15.201100 -0.011723 2.609660
0.462412 1.207469 0.000245 2.223025 0.000679 0.534281 0.007969 -19.337000 -0.005184 -15.644400
0.473183 0.760234 0.000197 0.833312 0.000754 -1.832750 -0.002855 -1.635170 -0.001729 0.795267
0.484204 0.544478 0.000233 -0.754237 -0.000212 -0.414377 -0.003483 6.889870 0.009956 -9.019580
0.495483 0.000000 0.000000 0.000000 0.000000 0.000000 0.000000 0.000000 0.000000 0.000000
0.507024 0.746836 0.000344 -1.206857 -0.000540 0.175522 -0.001145 3.628390 0.005217 -4.251710
0.518834 1.381144 0.000103 5.499882 0.000319 8.551663 0.000102 43.583100 0.007647 43.730100
0.530920 0.620564 0.000142 1.148357 0.000597 -0.398558 -0.003163 5.592490 -0.003305 13.004000
0.543286 3.069963 0.001275 -2.731586 -0.000153 -4.677713 -0.020039 27.353500 0.025272 -8.840190
0.555941 0.997112 0.000345 0.662122 0.000301 -0.189086 0.004973 -11.894900 -0.007458 -3.974600
0.568891 1.279059 0.000603 -1.380083 -0.000382 -0.853181 -0.003792 3.264970 -0.000490 5.283340
0.582142 1.275154 0.000556 -0.508670 -0.000950 2.732927 0.008550 -3.947220 -0.006336 3.534940
0.595702 0.584782 0.000361 -1.212837 -0.000917 0.965647 0.002927 -0.798856 0.000826 -2.247220
0.609577 1.332308 0.000713 -1.717309 -0.001023 0.481766 0.004072 -5.280730 -0.013642 12.024800
0.623776 2.245066 0.001088 -2.892839 -0.001874 2.063370 0.012212 -17.728100 -0.023008 15.479100
0.638306 0.953300 0.000577 -2.159084 -0.001712 2.256927 0.008532 -5.824720 -0.006758 1.703440
0.653174 0.953350 0.000347 0.922816 0.000558 -0.259884 -0.000614 0.391164 0.002279 -2.497390
0.668388 1.566117 0.000494 1.990319 0.002150 -4.166812 -0.005684 -8.917350 -0.016207 12.917800
0.683957 0.817856 0.000295 1.064412 0.000033 1.801383 0.001066 7.867570 0.012638 -5.470570
0.699888 0.865444 0.000399 0.249247 -0.000120 0.856242 -0.000820 6.039380 0.003088 3.600520
0.716191 1.089509 0.000579 -1.135463 -0.000846 0.970560 0.002231 0.519056 0.008385 -11.035800
0.732873 1.028582 0.000531 -0.194554 0.000309 -1.094226 -0.005089 2.726120 -0.001117 4.779820
0.749944 0.980377 0.000372 1.213641 0.000449 0.680706 0.002717 -1.551690 0.007900 -11.681200
0.767412 0.650794 0.000461 -0.998919 -0.000982 0.875998 0.005039 -3.397230 -0.004223 0.221622
0.785288 1.192633 0.000570 0.364253 0.000057 0.610027 -0.002551 7.528690 0.006696 0.579262
0.803579 1.350651 0.000600 1.364342 0.000063 2.075566 -0.004130 17.365800 0.011909 9.165400
0.822297 1.037410 0.000628 -0.641036 -0.000221 -0.389744 -0.003707 4.142230 0.008343 -4.209030
0.841451 1.239199 0.000624 0.699687 -0.000673 3.084570 0.005007 8.440780 0.010594 -1.029950
0.861051 0.803004 0.000486 -0.146953 -0.000538 1.086548 0.005420 -2.498090 -0.003264 -0.064535
0.881107 0.852491 0.000554 -0.459951 -0.000364 0.175847 -0.002068 4.058600 0.006022 -1.162590
0.901631 0.814189 0.000498 -0.102533 0.000005 -0.149126 -0.006844 9.400660 0.017402 -5.568400
0.922633 0.640910 0.000485 -0.536775 -0.000241 -0.346789 -0.004297 3.715110 0.008737 -3.112910
0.944123 0.800010 0.000590 -0.728640 -0.000480 -0.183663 -0.003226 3.651960 0.007594 -2.747590
0.966115 1.022870 0.000648 0.196418 0.000011 0.170781 0.007923 -10.402100 -0.012789 -1.361580
0.988619 0.747638 0.000428 0.564173 0.000182 0.627614 0.000991 1.897670 0.002871 -0.312895
1.011650 1.044965 0.000728 -0.111135 0.000174 -0.624466 0.001562 -5.631680 -0.009674 1.871390
1.035210 1.315478 0.000781 1.009093 0.000719 0.136219 -0.001782 2.101170 0.014949 -10.775000
1.059320 1.002217 0.000731 -0.132560 0.000071 -0.262403 -0.002208 1.275240 -0.006528 6.631790
1.084000 0.899026 0.000628 0.093371 0.000253 -0.357503 -0.001314 -0.361592 -0.002913 1.977970
1.109250 1.057298 0.000825 -0.204896 -0.000544 0.752804 -0.000692 4.510460 0.004276 2.249540
1.135090 0.914199 0.000672 0.167456 0.000490 -0.616386 -0.003975 1.456150 0.003184 -0.888683
1.161530 1.387439 0.001155 -1.078122 -0.000580 -0.602070 -0.004670 2.611810 0.003789 -0.324615
1.188580 0.886072 0.000740 -0.192583 -0.000142 -0.140962 0.002306 -3.499190 -0.005184 -0.209011
1.216270 1.535708 0.001337 -0.942765 -0.000725 -0.244565 -0.000098 -1.035580 -0.006882 4.068910
1.244600 1.010208 0.000768 0.503897 0.000121 0.609021 0.005757 -3.247150 -0.001015 -3.812850
1.273590 0.803286 0.000728 -0.115261 -0.000293 0.259867 -0.000428 1.662830 0.007628 -3.253490
1.303250 0.790388 0.000715 -0.189956 -0.000961 1.432835 0.007976 -1.044440 -0.005905 2.920000
1.333610 1.236314 0.001242 -0.887765 -0.000972 0.074223 -0.001425 1.567190 -0.002333 4.409400
1.364670 0.919235 0.000819 0.026394 0.000762 -1.268373 -0.008297 2.035740 0.001721 0.961187
1.396460 0.909530 0.000882 -0.399684 -0.000320 -0.100712 -0.002003 1.487830 0.003771 -0.999442
1.428990 1.153572 0.001058 0.033715 0.000019 0.162845 0.003749 -2.309050 -0.006298 1.219490
1.462270 0.981346 0.000956 0.054347 -0.000041 0.116213 -0.000168 0.908773 0.002766 -0.393995
1.496330 1.194965 0.001045 0.679586 0.000748 -0.044374 0.003835 -3.388070 -0.000883 -4.004590
1.531190 1.209890 0.001186 0.158265 0.000073 0.120674 -0.000090 0.301758 0.006237 -3.596940
1.566850 1.001541 0.001056 -0.043473 -0.000040 -0.116364 -0.002629 2.235790 0.002253 1.730920
1.603350 1.089034 0.001106 0.164004 0.000132 0.155322 0.003594 -2.490270 -0.002829 -1.309220
1.640700 0.974665 0.001108 -0.172252 -0.000494 0.474963 -0.000506 2.717410 0.008674 -1.206920
1.678920 1.164411 0.001447 -0.730526 -0.001164 0.410096 0.005499 -2.701500 -0.008793 2.081910
1.718020 1.031570 0.001228 -0.292105 -0.000818 0.600011 0.003187 0.249717 0.005878 -2.768460
1.758040 0.903584 0.001010 0.248845 0.000374 -0.016653 0.000114 -0.013223 0.001893 -1.095240
1.798990 1.110120 0.001277 0.251684 0.000293 -0.081360 0.000175 -0.575689 -0.001315 0.429279
1.840890 1.025074 0.001246 0.115014 -0.000008 0.142348 0.003227 -1.361430 0.000671 -1.871090
1.883770 1.164034 0.001514 -0.271322 -0.000426 0.088127 -0.002866 2.504390 0.008022 -0.835577
1.927650 1.114083 0.001478 -0.293378 -0.000824 0.513846 0.001746 1.160020 0.001462 1.002320
1.972550 0.945522 0.001151 0.373350 0.000772 -0.263428 -0.001356 -0.444111 0.002200 -1.770120
2.018500 1.135007 0.001563 -0.132014 -0.000604 0.472408 0.004572 -0.671950 0.000317 -0.930910
2.065520 1.014805 0.001495 -0.349015 -0.000687 0.189963 0.002926 -1.314010 -0.003413 -0.038947
2.113630 0.856898 0.001216 0.009153 -0.000161 0.190991 0.002942 -1.073070 0.002139 -2.202620
2.162860 1.128858 0.001613 0.007620 -0.000051 0.109157 -0.002120 2.159590 0.007025 -0.729438
2.213240 0.894524 0.001313 0.077934 0.000396 -0.258881 -0.003807 0.909754 0.007576 -2.032910
2.264790 1.097061 0.001781 -0.447297 -0.000713 -0.048630 -0.001748 0.924474 0.009034 -2.772600
2.317550 1.008303 0.001643 -0.257739 -0.000679 0.251891 0.000845 0.869456 0.003132 -0.171087
2.371530 1.183634 0.001867 -0.008363 0.000019 -0.040411 -0.001103 0.670497 0.004226 -1.198560
2.426770 0.945999 0.001535 -0.048088 -0.000382 0.245262 0.000408 1.247050 0.004325 -0.224685
2.483300 1.101289 0.001783 0.099016 0.000431 -0.249866 -0.002596 0.298606 -0.000541 0.478094
2.541140 1.100881 0.001883 -0.095696 -0.000445 0.271228 0.002675 0.107384 0.003001 -1.148630
2.600330 1.029381 0.001759 0.069886 0.000043 0.091139 0.000699 0.059372 0.001966 -0.630444
2.660900 1.013375 0.001786 0.035600 0.000364 -0.313255 -0.002138 -0.376250 -0.000895 0.009100
2.722880 1.143579 0.001995 0.170522 0.000189 0.147124 0.001341 -0.077535 0.002501 -0.908687
2.786310 0.978103 0.001852 -0.094967 -0.000281 0.049795 0.000174 0.074184 0.002676 -0.731685
2.851210 1.002924 0.001966 -0.188766 -0.000447 0.046996 0.002208 -0.850880 -0.000668 -0.809452
2.917620 1.029099 0.001997 -0.015873 0.000172 -0.150404 -0.002624 0.587763 0.000975 0.403351
2.985580 1.113374 0.002111 0.278304 0.000770 -0.099616 0.000861 -0.939827 -0.002491 -0.362974
3.055120 1.032584 0.002112 -0.095171 0.000236 -0.345100 -0.004314 0.190306 -0.002814 1.060720
3.126290 0.994618 0.002102 -0.095153 -0.000149 -0.064315 -0.000428 -0.023465 -0.002062 0.720444
3.199110 1.035765 0.002176 0.089084 0.000229 -0.014561 -0.000061 0.036895 -0.001743 0.558456
3.273620 1.099409 0.002433 -0.118689 -0.000437 0.119352 0.001830 -0.181545 -0.006663 1.708330
3.349880 1.003868 0.002251 -0.013682 -0.000128 0.057441 0.000860 -0.045133 -0.000888 0.214314
3.427910 0.943698 0.002158 -0.004824 -0.000149 0.107165 -0.000541 0.546618 0.000537 0.639232
3.507750 0.937897 0.002203 -0.007209 -0.000248 0.151397 -0.001472 1.371210 0.008337 -0.468662
3.589460 0.999176 0.002298 0.168361 0.000576 -0.061025 0.000592 -0.597190 -0.001467 -0.393322
3.673070 1.012352 0.002508 -0.058560 -0.000173 0.016492 0.000521 -0.075075 -0.002120 0.289071
3.758620 1.044141 0.002590 0.047938 -0.000088 0.158148 -0.000767 1.041330 0.002085 0.737273
3.846170 0.958698 0.002430 0.093227 0.000402 -0.085143 -0.001204 -0.022218 -0.000703 0.130715
3.935760 1.073522 0.002803 0.039712 0.000298 -0.115171 0.001261 -1.064260 -0.005901 0.192559
4.027440 1.008046 0.002730 -0.044698 -0.000069 -0.045110 -0.000254 -0.162368 -0.001592 0.287517
4.121250 1.086048 0.002948 0.029743 0.000144 -0.024130 -0.001082 0.305682 0.001299 0.101637
4.217240 1.017581 0.002843 0.011374 0.000108 -0.055894 -0.001228 0.109699 0.001325 -0.178875
4.315480 0.991196 0.002853 -0.010466 0.000039 -0.064804 -0.002803 0.670837 0.004364 -0.158431
4.416000 1.018368 0.002970 0.052515 0.000284 -0.066258 0.000755 -0.542595 -0.007504 0.856577
4.518860 0.987303 0.003007 -0.032985 0.000176 -0.149994 -0.002465 0.032546 0.003569 -0.784504
4.624120 0.979075 0.003023 0.002280 -0.000094 0.050970 0.000591 0.048743 0.002245 -0.388172
4.731830 0.998989 0.003143 0.005894 0.000096 -0.043073 -0.000545 -0.029797 -0.000777 0.068531
4.842040 0.965723 0.003109 0.041431 0.000024 0.047669 0.001499 -0.065865 -0.004822 0.746423
4.954830 1.061175 0.003518 -0.058110 -0.000242 0.006900 0.001360 -0.270583 -0.001471 -0.061878
5.070240 0.966968 0.003234 0.068644 0.000413 -0.081404 -0.002274 0.184454 -0.000427 0.351101
5.188340 0.991361 0.003394 0.057625 0.000235 -0.000470 -0.000031 -0.012917 0.000530 -0.063455
5.309200 1.010895 0.003594 -0.031334 -0.000008 -0.060919 -0.000892 -0.027478 0.002288 -0.504101
5.432860 0.969339 0.003506 0.030868 0.000057 0.045247 0.001887 -0.332899 -0.000136 -0.387275
5.559410 1.015858 0.003765 -0.022271 -0.000156 0.035963 0.000915 -0.031023 0.002132 -0.449476
5.688910 1.019586 0.003847 0.005648 -0.000050 0.034542 0.000176 0.163923 -0.000774 0.298454
5.821420 1.012526 0.003899 0.031677 0.000148 -0.005325 -0.000048 -0.019317 -0.001980 0.331403
5.957020 0.987275 0.003906 0.010304 0.000013 0.017293 -0.001205 0.332811 0.004591 -0.289859
6.095770 0.957808 0.003806 0.112679 0.000590 -0.023473 -0.002493 0.431067 0.001983 0.211695
6.237760 0.999519 0.004115 0.050355 0.000349 -0.044959 -0.001646 0.114398 -0.001120 0.349066
6.383060 1.033358 0.004347 0.059232 0.000301 -0.005169 -0.002318 0.425869 0.001731 0.288296
6.531740 1.000712 0.004306 0.049740 0.000026 0.081524 0.002118 0.006462 -0.001925 0.227107
6.683880 0.996249 0.004435 0.005041 0.000149 -0.047999 0.000135 -0.322423 -0.003045 0.078084
6.839570 1.030797 0.004655 0.028702 -0.000132 0.102627 0.004374 -0.355493 -0.001084 -0.329704
6.998880 0.992495 0.004596 0.025743 0.000314 -0.065161 -0.000854 -0.126943 -0.004499 0.469326
7.161910 0.998567 0.004767 0.005809 0.000129 -0.042552 -0.002083 0.198512 0.003633 -0.227605
7.328730 0.988247 0.004793 0.030013 0.000078 0.022511 0.002554 -0.327706 -0.003231 0.017736
7.499440 1.022183 0.005087 0.009239 0.000087 -0.017620 -0.000056 -0.055860 -0.000127 -0.050522
7.674120 0.977400 0.004992 0.007782 0.000034 0.011938 -0.000508 0.137434 0.002032 -0.105501
7.852880 1.028858 0.005314 0.046383 0.000027 0.073331 0.003177 -0.143129 -0.002195 0.041757
8.035790 0.989683 0.005323 -0.035368 -0.000215 0.007758 -0.002057 0.383763 0.003156 0.140269
8.222970 0.983273 0.005380 0.002544 -0.000128 0.041890 0.001914 -0.071560 0.000346 -0.150019
8.414510 0.976193 0.005469 0.006713 -0.000051 0.023863 -0.000315 0.196950 -0.000265 0.265560
8.610510 0.986437 0.005585 0.059541 0.000445 -0.014730 -0.000287 -0.033897 0.002064 -0.277646
8.811070 0.978229 0.005716 0.009542 -0.000051 0.038424 0.002643 -0.201711 -0.000173 -0.242480
9.016310 1.002315 0.005980 0.028389 0.000111 0.012377 -0.000046 0.105491 0.000619 0.071668
9.226330 0.979477 0.005971 0.036576 0.000092 0.035209 0.000180 0.176776 0.002368 -0.015631
9.441230 0.986021 0.006207 -0.005422 -0.000063 -0.005207 0.000839 -0.120071 -0.002943 0.157803
9.661150 0.992199 0.006353 0.019456 0.000264 -0.029836 -0.001752 0.103680 -0.000179 0.149732
9.886190 0.999729 0.006603 -0.021685 -0.000033 -0.032338 -0.000607 -0.084416 -0.001784 0.055987
10.116500 0.982293 0.006589 0.018196 0.000110 0.009321 0.000470 -0.040874 -0.001214 0.067806
10.352100 0.991263 0.006827 0.001608 -0.000103 0.022654 0.001568 -0.084780 -0.002408 0.138947
10.593200 0.997908 0.007066 -0.026826 -0.000337 0.025035 0.001488 -0.060179 -0.000079 -0.078825
10.840000 0.983954 0.007073 0.017716 0.000185 -0.012479 -0.000945 0.068887 -0.000329 0.118976
11.092500 0.982533 0.007224 0.019781 0.000163 0.000928 0.000966 -0.120043 -0.002160 0.027112
11.350900 0.995092 0.007510 -0.005022 -0.000090 0.006788 0.000514 -0.028119 -0.001321 0.082392
11.615300 0.985842 0.007579 0.035625 0.000169 0.020559 0.000285 0.095716 -0.001575 0.251995
11.885800 0.996444 0.007835 0.026161 0.000001 0.040434 0.001637 0.030492 0.001446 -0.076010
12.162700 0.981131 0.007939 0.002575 -0.000103 0.017734 0.000306 0.076177 0.002182 -0.073492
12.446000 0.992688 0.008268 -0.031675 -0.000357 0.012298 -0.000287 0.080681 0.000125 0.106564
12.735900 0.993618 0.008398 0.009597 0.000132 -0.010116 0.000001 -0.056135 -0.002824 0.156081
13.032500 0.991668 0.008575 0.012720 0.000003 0.020663 0.001212 -0.012348 0.000646 -0.057154
13.336100 0.980611 0.008698 0.004162 0.000032 -0.001755 -0.001196 0.113889 0.001830 0.015592
13.646700 0.986052 0.008970 -0.013451 -0.000155 0.000492 0.000477 -0.038230 -0.002272 0.111591
13.964600 0.976950 0.009064 0.003767 0.000159 -0.018998 -0.002040 0.105139 0.000247 0.114604
14.289900 0.989264 0.009374 0.014293 0.000100 0.004563 -0.001204 0.157705 0.003192 -0.028893
14.622700 0.976676 0.009486 0.010738 0.000098 0.002951 -0.000362 0.046484 0.001442 -0.029208
14.963300 0.974601 0.009713 -0.004851 -0.000200 0.021031 0.001614 -0.037709 -0.000345 -0.028527
15.311900 0.978835 0.009979 -0.004275 -0.000191 0.017170 0.000970 0.004160 -0.001588 0.111920
15.668500 0.970828 0.010141 -0.012087 -0.000208 0.008306 -0.000755 0.116413 0.001095 0.057294
16.033500 0.973663 0.010373 0.006380 0.000083 -0.007697 -0.000855 0.048129 -0.000624 0.100344
16.407000 0.975755 0.010674 -0.012482 -0.000169 -0.005108 -0.000684 0.051480 0.000750 0.023046
16.789200 0.975721 0.010919 -0.015806 -0.000312 0.013041 0.000834 0.000499 -0.001202 0.070870
17.180200 0.979271 0.011180 0.002499 -0.000038 0.006905 -0.000208 0.050880 0.002436 -0.073899
17.580400 0.965217 0.011280 0.000915 -0.000093 0.010241 0.000854 -0.003418 -0.000068 0.001032
17.989900 0.970968 0.011580 0.018560 0.000192 0.002836 0.000864 -0.041020 -0.001717 0.028922
18.408900 0.968214 0.011850 0.001914 -0.000106 0.011277 0.000792 0.012373 0.001097 -0.042995
18.837700 0.976562 0.012223 -0.000656 -0.000007 -0.004166 -0.000354 0.015336 -0.001284 0.077447
19.276500 0.968339 0.012426 -0.006268 -0.000216 0.011100 0.001493 -0.044122 -0.002988 0.083250
19.725500 0.968817 0.012708 0.002930 -0.000113 0.011933 0.000528 0.038102 0.001516 -0.022829
20.185000 0.971361 0.013006 0.011170 0.000064 0.005972 0.000613 -0.000035 0.000575 -0.033157
20.655200 0.965047 0.013253 0.000291 -0.000044 0.000432 0.000331 -0.013080 -0.000620 0.011001
21.136300 0.965281 0.013573 -0.002388 -0.000275 0.022725 0.001203 0.044114 0.002265 -0.051802
21.628600 0.966440 0.013911 -0.005067 -0.000170 0.007189 0.000455 0.011867 -0.000579 0.031807
22.132400 0.963251 0.014199 -0.008606 -0.000214 0.002058 0.000509 -0.011322 -0.000828 0.014590
22.647900 0.960366 0.014491 -0.009026 -0.000336 0.013546 0.000961 0.018793 0.001214 -0.028672
23.175500 0.960321 0.014792 0.000422 -0.000125 0.008353 0.000445 0.021495 -0.000712 0.059789
23.715300 0.958905 0.015126 -0.004160 -0.000226 0.010328 0.000873 0.011911 -0.000236 0.017378
24.267700 0.960709 0.015508 -0.002799 -0.000291 0.016634 0.000889 0.046923 0.001405 -0.001204
24.833000 0.959003 0.015848 -0.004226 -0.000295 0.013595 0.002518 -0.053300 -0.002129 0.007213
25.411400 0.952202 0.016106 -0.003154 -0.000326 0.018460 0.001671 0.013383 -0.000760 0.048856
26.003300 0.954478 0.016471 0.008101 -0.000065 0.014766 0.001437 0.005835 -0.000366 0.019267
26.609000 0.952174 0.016853 -0.003961 -0.000275 0.011470 0.001627 -0.011703 -0.000515 -0.004390
27.228800 0.950959 0.017222 -0.001396 -0.000274 0.014226 0.002247 -0.035422 -0.000985 -0.009391
27.863100 0.954113 0.017687 -0.006119 -0.000291 0.008126 0.000626 0.015724 0.000109 0.014480
28.512100 0.949825 0.017991 0.002141 -0.000122 0.006669 0.001229 -0.015272 -0.001810 0.037467
29.176200 0.948161 0.018387 0.000313 -0.000266 0.014505 0.001770 0.003760 -0.000562 0.022231
29.855800 0.946351 0.018788 -0.002084 -0.000282 0.011076 0.001303 0.007433 -0.000575 0.027225
30.551200 0.944960 0.019182 0.000689 -0.000296 0.015910 0.001118 0.043567 0.000852 0.026021
31.262900 0.946217 0.019670 -0.002930 -0.000458 0.021498 0.002816 -0.000001 -0.000756 0.017118
31.991100 0.943595 0.020060 -0.000946 -0.000358 0.016952 0.002423 -0.005402 -0.002359 0.059178
32.736200 0.944005 0.020524 0.001595 -0.000183 0.008349 0.001509 -0.006869 -0.001734 0.034063
33.498800 0.939076 0.020919 -0.002704 -0.000489 0.020652 0.003505 -0.024249 -0.001952 0.019525
34.279100 0.941961 0.021468 -0.003856 -0.000545 0.023087 0.003381 -0.006912 -0.002092 0.045865
35.077500 0.937824 0.021888 -0.007199 -0.000569 0.016067 0.001764 0.027523 0.000939 0.004303
35.894600 0.935515 0.022357 -0.009971 -0.000624 0.014625 0.001695 0.024708 0.000007 0.027398
36.730700 0.934325 0.022838 -0.007382 -0.000605 0.015617 0.002163 0.016202 -0.000705 0.034739
37.586200 0.933621 0.023353 -0.008823 -0.000676 0.017078 0.003150 -0.012261 -0.001689 0.018008
38.461700 0.931323 0.023829 -0.006139 -0.000585 0.015346 0.002331 0.010526 0.000026 0.008493
39.357600 0.930150 0.024356 -0.008595 -0.000719 0.018081 0.003441 -0.012245 -0.001637 0.019646
40.274400 0.927569 0.024858 -0.008593 -0.000729 0.017967 0.003349 -0.006823 -0.002458 0.046461
41.212500 0.926614 0.025399 -0.006497 -0.000840 0.025735 0.004555 -0.007494 -0.001631 0.025774
42.172400 0.923561 0.025941 -0.013150 -0.000978 0.021115 0.003984 -0.009499 -0.001421 0.016797
43.154800 0.923776 0.026547 -0.013253 -0.001015 0.021163 0.004534 -0.020308 -0.002957 0.033791
44.160000 0.921011 0.027064 -0.009703 -0.000854 0.017368 0.003809 -0.014931 -0.003358 0.046155
45.188600 0.920238 0.027675 -0.010678 -0.001025 0.023057 0.004936 -0.013029 -0.003496 0.047868
46.241200 0.918813 0.028302 -0.014514 -0.001137 0.020572 0.004419 -0.010999 -0.002402 0.029842
47.318300 0.916073 0.028844 -0.010213 -0.001031 0.021265 0.004477 -0.003708 -0.002364 0.038382
48.420400 0.913032 0.029446 -0.014794 -0.001154 0.017727 0.004002 -0.003763 -0.003137 0.049119
49.548300 0.911155 0.030075 -0.015671 -0.001246 0.018628 0.003992 0.003726 -0.001534 0.028034
50.702400 0.910435 0.030733 -0.014087 -0.001336 0.024435 0.005302 -0.000032 -0.003156 0.053747
51.883400 0.907106 0.031337 -0.015066 -0.001337 0.021242 0.005175 -0.009979 -0.002576 0.028317
53.092000 0.905187 0.032016 -0.016683 -0.001397 0.018922 0.004494 0.000143 -0.001975 0.028124
54.328600 0.902492 0.032660 -0.015965 -0.001460 0.020961 0.005670 -0.017213 -0.003709 0.035864
55.594100 0.901319 0.033373 -0.016111 -0.001534 0.022408 0.005755 -0.006268 -0.002612 0.026966
56.889100 0.899883 0.034128 -0.021550 -0.001849 0.024206 0.006189 -0.005819 -0.002089 0.019370
58.214200 0.896445 0.034779 -0.019966 -0.001823 0.023618 0.006205 -0.004342 -0.002557 0.025248
59.570200 0.895412 0.035549 -0.020502 -0.001896 0.023776 0.006462 -0.004878 -0.002762 0.027810
60.957700 0.891949 0.036241 -0.021022 -0.002058 0.026869 0.006850 0.004520 -0.002041 0.028186
62.377600 0.889145 0.036981 -0.022468 -0.002148 0.025446 0.007139 -0.003878 -0.003047 0.030964
63.830600 0.887223 0.037746 -0.021314 -0.002132 0.024637 0.006590 0.007247 -0.001922 0.029034
65.317400 0.884938 0.038557 -0.025316 -0.002432 0.026404 0.007816 -0.006436 -0.003607 0.033098
66.838800 0.881679 0.039287 -0.022901 -0.002406 0.027217 0.008498 -0.011032 -0.004064 0.033659
68.395700 0.879093 0.040090 -0.023975 -0.002535 0.027874 0.008764 -0.009650 -0.004388 0.037228
69.988800 0.876063 0.040907 -0.026722 -0.002790 0.028877 0.009620 -0.017835 -0.004931 0.035170
71.619100 0.873798 0.041766 -0.028971 -0.002905 0.026032 0.008791 -0.008903 -0.005056 0.044429
73.287300 0.871181 0.042593 -0.027134 -0.002868 0.025631 0.008975 -0.011981 -0.003939 0.024004
74.994400 0.867206 0.043408 -0.029301 -0.003146 0.028072 0.009622 -0.005538 -0.004502 0.038353
76.741200 0.864648 0.044300 -0.030711 -0.003325 0.028379 0.010482 -0.015666 -0.005516 0.035924
78.528800 0.862369 0.045203 -0.030506 -0.003364 0.026943 0.010494 -0.017584 -0.005856 0.035774
80.357900 0.859423 0.046137 -0.034389 -0.003707 0.027699 0.010921 -0.017438 -0.005952 0.035930
82.229700 0.855839 0.047020 -0.034936 -0.003921 0.029708 0.011573 -0.012130 -0.006103 0.041845
84.145100 0.853061 0.047959 -0.035303 -0.004082 0.030411 0.012395 -0.016928 -0.006138 0.035301
86.105100 0.849597 0.048908 -0.038391 -0.004439 0.031780 0.013235 -0.017353 -0.007379 0.044943
88.110700 0.846324 0.049853 -0.038508 -0.004518 0.030474 0.012557 -0.009091 -0.006787 0.048255
90.163100 0.842777 0.050821 -0.040570 -0.004847 0.032224 0.013987 -0.015520 -0.006609 0.035335
92.263300 0.838761 0.051760 -0.040915 -0.004992 0.032055 0.013876 -0.010345 -0.006670 0.040093
94.412300 0.835787 0.052802 -0.043235 -0.005362 0.033661 0.014830 -0.010096 -0.007132 0.044062
96.611500 0.831846 0.053800 -0.044768 -0.005689 0.035319 0.016089 -0.012953 -0.007980 0.045798
98.861900 0.827824 0.054800 -0.045800 -0.005882 0.034302 0.016123 -0.012906 -0.008249 0.046656
101.165000 0.824590 0.055884 -0.048462 -0.006314 0.036109 0.017737 -0.019863 -0.009293 0.045742
103.521000 0.820655 0.056924 -0.049359 -0.006562 0.036156 0.018217 -0.019660 -0.009980 0.049538
105.932000 0.816675 0.058010 -0.052498 -0.007043 0.037408 0.018593 -0.012026 -0.008141 0.040347
108.400000 0.812572 0.059095 -0.054766 -0.007408 0.037222 0.019426 -0.017031 -0.009494 0.043506
110.925000 0.808321 0.060165 -0.055454 -0.007687 0.037532 0.020339 -0.020236 -0.010449 0.045409
113.509000 0.804568 0.061305 -0.057444 -0.008104 0.038503 0.021256 -0.020130 -0.011023 0.047650
116.153000 0.799853 0.062403 -0.059906 -0.008496 0.037603 0.021391 -0.019620 -0.011557 0.050036
118.858000 0.795591 0.063555 -0.062411 -0.008972 0.038307 0.022844 -0.026232 -0.012626 0.047086
121.627000 0.790980 0.064689 -0.064440 -0.009453 0.039264 0.023715 -0.024429 -0.012451 0.045184
124.460000 0.786506 0.065866 -0.067024 -0.009967 0.039546 0.024067 -0.019611 -0.012715 0.050268
127.359000 0.781834 0.067025 -0.068731 -0.010419 0.039986 0.025334 -0.024064 -0.014048 0.051678
130.325000 0.776826 0.068190 -0.071068 -0.010911 0.039752 0.025770 -0.022836 -0.014052 0.049817
133.361000 0.771522 0.069366 -0.074606 -0.011621 0.040867 0.027264 -0.024742 -0.015139 0.051698
136.467000 0.766638 0.070574 -0.076836 -0.012150 0.040703 0.027747 -0.023244 -0.015424 0.052586
139.646000 0.761342 0.071768 -0.079261 -0.012752 0.041021 0.028953 -0.026512 -0.016411 0.052396
142.899000 0.755868 0.072966 -0.081915 -0.013406 0.041628 0.030195 -0.027975 -0.017426 0.054129
146.227000 0.750509 0.074206 -0.085535 -0.014141 0.041239 0.030929 -0.028924 -0.018474 0.056186
149.633000 0.745177 0.075451 -0.088198 -0.014859 0.042006 0.032274 -0.030033 -0.018480 0.051476
153.119000 0.739119 0.076655 -0.091289 -0.015670 0.042789 0.033511 -0.028421 -0.019725 0.057258
156.685000 0.733662 0.077929 -0.094379 -0.016444 0.042764 0.034908 -0.032531 -0.020941 0.055113
160.335000 0.727504 0.079158 -0.097741 -0.017377 0.044023 0.036392 -0.030866 -0.021340 0.056481
164.070000 0.721644 0.080432 -0.101210 -0.018234 0.043684 0.037126 -0.030774 -0.021869 0.056076
167.892000 0.715341 0.081676 -0.104799 -0.019212 0.044207 0.038718 -0.032387 -0.023167 0.057352
171.802000 0.709026 0.082940 -0.108567 -0.020208 0.044139 0.040346 -0.036950 -0.024249 0.053206
175.804000 0.702340 0.084172 -0.112077 -0.021251 0.044722 0.041544 -0.034476 -0.024941 0.055608
179.899000 0.695715 0.085424 -0.115636 -0.022296 0.044706 0.042793 -0.035435 -0.026044 0.056288
184.089000 0.688940 0.086694 -0.120320 -0.023555 0.044981 0.044425 -0.037186 -0.027728 0.058354
188.377000 0.682192 0.087963 -0.124250 -0.024801 0.045806 0.046457 -0.038647 -0.029199 0.059569
192.765000 0.675062 0.089206 -0.128518 -0.026109 0.046169 0.047471 -0.034454 -0.028598 0.057681
197.255000 0.667837 0.090443 -0.132638 -0.027404 0.046083 0.049395 -0.038654 -0.031071 0.059573
201.850000 0.660405 0.091672 -0.137137 -0.028876 0.046867 0.051431 -0.038808 -0.032571 0.061845
206.552000 0.653163 0.092939 -0.141768 -0.030397 0.047243 0.053175 -0.038460 -0.033191 0.060402
211.363000 0.645332 0.094131 -0.146188 -0.031921 0.047459 0.054568 -0.036353 -0.033133 0.058415
216.286000 0.637383 0.095322 -0.151043 -0.033605 0.047957 0.056800 -0.037318 -0.034330 0.057646
221.324000 0.629367 0.096520 -0.156211 -0.035382 0.048256 0.059041 -0.039253 -0.036099 0.057904
226.479000 0.621385 0.097717 -0.161157 -0.037192 0.048605 0.061184 -0.039608 -0.037233 0.057103
231.755000 0.613051 0.098869 -0.166131 -0.039095 0.049090 0.063798 -0.041470 -0.038677 0.055560
237.153000 0.604715 0.100030 -0.171468 -0.041123 0.049528 0.066060 -0.040866 -0.039556 0.054508
242.677000 0.596185 0.101166 -0.176908 -0.043216 0.049671 0.068337 -0.041546 -0.041025 0.054078
248.330000 0.587438 0.102256 -0.182120 -0.045425 0.050588 0.071342 -0.041594 -0.042537 0.054353
254.114000 0.578554 0.103334 -0.187713 -0.047690 0.050584 0.073518 -0.041345 -0.043373 0.052459
260.033000 0.569485 0.104375 -0.193210 -0.050068 0.050997 0.076766 -0.044107 -0.045471 0.050885
266.090000 0.560355 0.105404 -0.198905 -0.052550 0.051169 0.079287 -0.043433 -0.046886 0.050881
272.288000 0.550929 0.106383 -0.204899 -0.055166 0.051231 0.082028 -0.044199 -0.047972 0.048027
278.631000 0.541442 0.107333 -0.210744 -0.057872 0.051456 0.084893 -0.043975 -0.049433 0.047271
285.121000 0.531695 0.108219 -0.216449 -0.060633 0.051602 0.087758 -0.043708 -0.050459 0.045333
291.762000 0.521763 0.109054 -0.222156 -0.063529 0.051970 0.091210 -0.044071 -0.052682 0.045516
298.558000 0.511846 0.109867 -0.227764 -0.066463 0.052035 0.094075 -0.042876 -0.054089 0.045048
305.512000 0.501833 0.110655 -0.233711 -0.069612 0.052284 0.097708 -0.043361 -0.056155 0.044316
312.629000 0.491609 0.111375 -0.239569 -0.072889 0.052765 0.101463 -0.042212 -0.057738 0.043563
319.911000 0.481180 0.112018 -0.245165 -0.076224 0.053282 0.105469 -0.041400 -0.059372 0.042569
327.362000 0.470698 0.112617 -0.250709 -0.079636 0.053565 0.109594 -0.041283 -0.061002 0.040330
334.988000 0.460166 0.113176 -0.256302 -0.083205 0.053982 0.114259 -0.041757 -0.063198 0.038315
342.791000 0.449498 0.113667 -0.261806 -0.086866 0.054274 0.118805 -0.041482 -0.064847 0.035748
350.775000 0.438678 0.114094 -0.267418 -0.090723 0.054780 0.123892 -0.041001 -0.067085 0.034291
358.946000 0.427928 0.114479 -0.272673 -0.094629 0.055328 0.129310 -0.040635 -0.068972 0.031673
367.307000 0.416983 0.114777 -0.277959 -0.098677 0.055820 0.135097 -0.040753 -0.071295 0.028959
375.862000 0.406018 0.115013 -0.283011 -0.102801 0.056300 0.141285 -0.041182 -0.074134 0.026555
384.617000 0.395061 0.115195 -0.287896 -0.107073 0.057038 0.147548 -0.039406 -0.075950 0.024515
393.576000 0.384002 0.115284 -0.292512 -0.111403 0.057699 0.154181 -0.037968 -0.078365 0.022589
402.744000 0.373040 0.115332 -0.296945 -0.115896 0.058739 0.161955 -0.037016 -0.080965 0.019993
412.125000 0.362002 0.115274 -0.300846 -0.120381 0.059776 0.169818 -0.034998 -0.083309 0.017835
421.724000 0.351074 0.115180 -0.304709 -0.125033 0.060923 0.178223 -0.032720 -0.085140 0.014628
431.548000 0.340170 0.115004 -0.308139 -0.129696 0.062003 0.187353 -0.031368 -0.087575 0.010773
441.600000 0.329331 0.114764 -0.311322 -0.134472 0.063236 0.197111 -0.029349 -0.089987 0.006956
451.886000 0.318537 0.114430 -0.313886 -0.139191 0.064466 0.206887 -0.026099 -0.091757 0.003442
462.412000 0.307843 0.114031 -0.316149 -0.143987 0.065792 0.217699 -0.023434 -0.094122 -0.000495
473.183000 0.297277 0.113559 -0.317841 -0.148758 0.067198 0.229132 -0.020206 -0.096479 -0.004423
484.204000 0.286798 0.112997 -0.318997 -0.153450 0.068463 0.240670 -0.016438 -0.098716 -0.008394
495.483000 0.276430 0.112348 -0.319575 -0.158075 0.069735 0.252799 -0.012473 -0.100590 -0.013106
507.024000 0.266209 0.111619 -0.319587 -0.162599 0.070910 0.265122 -0.007899 -0.102210 -0.017683
518.834000 0.256115 0.110794 -0.318928 -0.166980 0.072039 0.278261 -0.003614 -0.104688 -0.022456
530.920000 0.246230 0.109898 -0.317643 -0.171241 0.073223 0.291576 0.002090 -0.106465 -0.026642
543.286000 0.236561 0.108887 -0.315087 -0.175230 0.075040 0.305444 0.011412 -0.107879 -0.027434
555.941000 0.227212 0.107803 -0.311426 -0.178981 0.077450 0.320167 0.023433 -0.108267 -0.027102
568.891000 0.218127 0.106630 -0.306692 -0.182410 0.080067 0.336081 0.035745 -0.107724 -0.028663
582.142000 0.209295 0.105367 -0.301025 -0.185444 0.082550 0.352805 0.047285 -0.106385 -0.032757
595.702000 0.200690 0.104013 -0.294551 -0.188068 0.084706 0.370233 0.057532 -0.104868 -0.039206
609.577000 0.192342 0.102584 -0.287404 -0.190271 0.086398 0.388198 0.066208 -0.103701 -0.047506
623.776000 0.184192 0.101062 -0.279632 -0.192013 0.087524 0.406429 0.073413 -0.103331 -0.057005
638.306000 0.176240 0.099449 -0.271333 -0.193289 0.088032 0.424693 0.079374 -0.104366 -0.067036
653.174000 0.168546 0.097785 -0.262685 -0.194150 0.087893 0.442634 0.084533 -0.106805 -0.077117
668.388000 0.161017 0.096021 -0.253614 -0.194480 0.087026 0.459550 0.089319 -0.110356 -0.086929
683.957000 0.153708 0.094195 -0.244296 -0.194370 0.085513 0.475589 0.093949 -0.115556 -0.096323
699.888000 0.146619 0.092311 -0.234801 -0.193825 0.083371 0.490303 0.098840 -0.121773 -0.105207
716.191000 0.139719 0.090358 -0.225140 -0.192821 0.080619 0.503428 0.104209 -0.129006 -0.113672
732.873000 0.133003 0.088334 -0.215346 -0.191332 0.077273 0.514453 0.110278 -0.136599 -0.121717
749.944000 0.126461 0.086237 -0.205469 -0.189380 0.073411 0.523398 0.117114 -0.144565 -0.129574
767.412000 0.120091 0.084067 -0.195538 -0.186945 0.069064 0.529793 0.124770 -0.152115 -0.137169
785.288000 0.113893 0.081829 -0.185606 -0.184056 0.064316 0.533688 0.133223 -0.159184 -0.144758
803.579000 0.107848 0.079511 -0.175671 -0.180682 0.059204 0.534740 0.142407 -0.165167 -0.152324
822.297000 0.101969 0.077129 -0.165805 -0.176875 0.053824 0.533043 0.152161 -0.169828 -0.159849
841.451000 0.096253 0.074679 -0.156029 -0.172629 0.048240 0.528463 0.162284 -0.172824 -0.167248
861.051000 0.090668 0.072143 -0.146333 -0.167925 0.042517 0.520976 0.172537 -0.174062 -0.174531
881.107000 0.085207 0.069517 -0.136731 -0.162751 0.036715 0.510416 0.182616 -0.173074 -0.181301
901.631000 0.079872 0.066808 -0.127269 -0.157166 0.030931 0.497198 0.192323 -0.170159 -0.187685
922.633000 0.074676 0.064028 -0.117992 -0.151209 0.025228 0.481414 0.201423 -0.165126 -0.193397
944.123000 0.069627 0.061188 -0.108939 -0.144919 0.019677 0.463249 0.209647 -0.158012 -0.198205
966.115000 0.064729 0.058296 -0.100139 -0.138340 0.014341 0.443011 0.216808 -0.149051 -0.202058
988.619000 0.059983 0.055359 -0.091622 -0.131516 0.009278 0.421005 0.222735 -0.138458 -0.204845
1011.650000 0.055415 0.052406 -0.083436 -0.124514 0.004527 0.397406 0.227216 -0.126185 -0.206100
1035.210000 0.051043 0.049458 -0.075628 -0.117419 0.000143 0.372723 0.230188 -0.112702 -0.205895
1059.320000 0.046860 0.046519 -0.068199 -0.110252 -0.003851 0.347135 0.231498 -0.098191 -0.203983
1084.000000 0.042896 0.043626 -0.061203 -0.103114 -0.007427 0.321091 0.231154 -0.082990 -0.200347
1109.250000 0.039152 0.040790 -0.054646 -0.096042 -0.010572 0.294784 0.229037 -0.067324 -0.194731
1135.090000 0.035632 0.038025 -0.048538 -0.089097 -0.013282 0.268646 0.225303 -0.051640 -0.187461
1161.530000 0.032333 0.035341 -0.042879 -0.082320 -0.015564 0.242942 0.220044 -0.036223 -0.178661
1188.580000 0.029255 0.032752 -0.037663 -0.075747 -0.017429 0.217864 0.213308 -0.021300 -0.168332
1216.270000 0.026395 0.030265 -0.032886 -0.069416 -0.018894 0.193673 0.205259 -0.007161 -0.156720
1244.600000 0.023750 0.027890 -0.028537 -0.063361 -0.019983 0.170590 0.196091 0.005962 -0.144101
1273.590000 0.021312 0.025631 -0.024600 -0.057600 -0.020718 0.148749 0.185924 0.017863 -0.130660
1303.250000 0.019069 0.023485 -0.021051 -0.052135 -0.021121 0.128250 0.174900 0.028390 -0.116638
1333.610000 0.017018 0.021462 -0.017878 -0.046990 -0.021224 0.109182 0.163176 0.037437 -0.102228
1364.670000 0.015148 0.019560 -0.015056 -0.042168 -0.021056 0.091622 0.150944 0.044919 -0.087732
1396.460000 0.013447 0.017775 -0.012563 -0.037672 -0.020651 0.075630 0.138437 0.050806 -0.073510
1428.990000 0.011897 0.016097 -0.010366 -0.033479 -0.020032 0.061176 0.125781 0.055105 -0.059795
1462.270000 0.010484 0.014520 -0.008440 -0.029581 -0.019225 0.048241 0.113124 0.057854 -0.046800
1496.330000 0.009199 0.013037 -0.006765 -0.025967 -0.018255 0.036812 0.100627 0.059113 -0.034761
1531.190000 0.008029 0.011645 -0.005319 -0.022627 -0.017145 0.026852 0.088405 0.058945 -0.023836
1566.850000 0.006966 0.010335 -0.004083 -0.019550 -0.015913 0.018329 0.076574 0.057425 -0.014195
1603.350000 0.006000 0.009103 -0.003044 -0.016727 -0.014578 0.011236 0.065301 0.054675 -0.006039
1640.700000 0.005120 0.007938 -0.002183 -0.014140 -0.013154 0.005511 0.054669 0.050819 0.000551
1678.920000 0.004317 0.006838 -0.001486 -0.011783 -0.011665 0.001087 0.044800 0.046053 0.005544
1718.020000 0.003589 0.005801 -0.000936 -0.009655 -0.010144 -0.002123 0.035847 0.040655 0.008970
1758.040000 0.002931 0.004832 -0.000517 -0.007752 -0.008625 -0.004249 0.027891 0.034894 0.010966
1798.990000 0.002343 0.003939 -0.000213 -0.006078 -0.007152 -0.005437 0.021018 0.029065 0.011722
1840.890000 0.001826 0.003127 -0.000008 -0.004633 -0.005760 -0.005847 0.015247 0.023414 0.011464
1883.770000 0.001381 0.002409 0.000114 -0.003419 -0.004488 -0.005650 0.010583 0.018179 0.010446
1927.650000 0.001010 0.001794 0.000172 -0.002435 -0.003373 -0.005040 0.006981 0.013560 0.008946
1972.550000 0.000713 0.001288 0.000185 -0.001667 -0.002437 -0.004199 0.004333 0.009677 0.007223
2018.500000 0.000483 0.000887 0.000169 -0.001092 -0.001685 -0.003279 0.002498 0.006575 0.005497
2065.520000 0.000313 0.000584 0.000137 -0.000682 -0.001111 -0.002403 0.001317 0.004238 0.003937
2113.630000 0.000192 0.000365 0.000101 -0.000403 -0.000693 -0.001644 0.000616 0.002572 0.002641
2162.860000 0.000111 0.000214 0.000068 -0.000224 -0.000406 -0.001043 0.000244 0.001462 0.001649
2213.240000 0.000059 0.000116 0.000041 -0.000115 -0.000220 -0.000605 0.000071 0.000766 0.000946
2264.790000 0.000029 0.000057 0.000022 -0.000054 -0.000108 -0.000317 0.000007 0.000365 0.000490
2317.550000 0.000012 0.000025 0.000010 -0.000022 -0.000047 -0.000145 -0.000009 0.000153 0.000222
2371.530000 0.000005 0.000009 0.000004 -0.000008 -0.000017 -0.000056 -0.000007 0.000053 0.000084
2426.770000 0.000001 0.000003 0.000001 -0.000002 -0.000005 -0.000016 -0.000003 0.000014 0.000023
2483.300000 0.000000 0.000000 0.000000 -0.000000 -0.000001 -0.000003 -0.000001 0.000002 0.000004
2541.140000 0.000000 0.000000 0.000000 -0.000000 -0.000000 -0.000000 -0.000000 0.000000 0.000000
2600.330000 0.000000 0.000000 0.000000 -0.000000 -0.000000 -0.000000 -0.000000 0.000000 0.000000
2660.900000 0.000000 0.000000 0.000000 0.000000 0.000000 0.000000 0.000000 0.000000 0.000000
2722.880000 0.000000 0.000000 0.000000 0.000000 0.000000 0.000000 0.000000 0.000000 0.000000
2786.310000 0.000000 0.000000 0.000000 0.000000 0.000000 0.000000 0.000000 0.000000 0.000000
2851.210000 0.000000 0.000000 0.000000 0.000000 0.000000 0.000000 0.000000 0.000000 0.000000
2917.620000 0.000000 0.000000 0.000000 0.000000 0.000000 0.000000 0.000000 0.000000 0.000000
2985.580000 0.000000 0.000000 0.000000 0.000000 0.000000 0.000000 0.000000 0.000000 0.000000
3055.120000 0.000000 0.000000 0.000000 0.000000 0.000000 0.000000 0.000000 0.000000 0.000000
3126.290000 0.000000 0.000000 0.000000 0.000000 0.000000 0.000000 0.000000 0.000000 0.000000
3199.110000 0.000000 0.000000 0.000000 0.000000 0.000000 0.000000 0.000000 0.000000 0.000000
3273.620000 0.000000 0.000000 0.000000 0.000000 0.000000 0.000000 0.000000 0.000000 0.000000
3349.880000 0.000000 0.000000 0.000000 0.000000 0.000000 0.000000 0.000000 0.000000 0.000000
3427.910000 0.000000 0.000000 0.000000 0.000000 0.000000 0.000000 0.000000 0.000000 0.000000
3507.750000 0.000000 0.000000 0.000000 0.000000 0.000000 0.000000 0.000000 0.000000 0.000000
3589.460000 0.000000 0.000000 0.000000 0.000000 0.000000 0.000000 0.000000 0.000000 0.000000
3673.070000 0.000000 0.000000 0.000000 0.000000 0.000000 0.000000 0.000000 0.000000 0.000000
3758.620000 0.000000 0.000000 0.000000 0.000000 0.000000 0.000000 0.000000 0.000000 0.000000
3846.170000 0.000000 0.000000 0.000000 0.000000 0.000000 0.000000 0.000000 0.000000 0.000000
3935.760000 0.000000 0.000000 0.000000 0.000000 0.000000 0.000000 0.000000 0.000000 0.000000
4027.440000 0.000000 0.000000 0.000000 0.000000 0.000000 0.000000 0.000000 0.000000 0.000000
4121.250000 0.000000 0.000000 0.000000 0.000000 0.000000 0.000000 0.000000 0.000000 0.000000
4217.240000 0.000000 0.000000 0.000000 0.000000 0.000000 0.000000 0.000000 0.000000 0.000000
4315.480000 0.000000 0.000000 0.000000 0.000000 0.000000 0.000000 0.000000 0.000000 0.000000
4416.000000 0.000000 0.000000 0.000000 0.000000 0.000000 0.000000 0.000000 0.000000 0.000000
4518.860000 0.000000 0.000000 0.000000 0.000000 0.000000 0.000000 0.000000 0.000000 0.000000
4624.120000 0.000000 0.000000 0.000000 0.000000 0.000000 0.000000 0.000000 0.000000 0.000000
4731.830000 0.000000 0.000000 0.000000 0.000000 0.000000 0.000000 0.000000 0.000000 0.000000
4842.040000 0.000000 0.000000 0.000000 0.000000 0.000000 0.000000 0.000000 0.000000 0.000000
4954.830000 0.000000 0.000000 0.000000 0.000000 0.000000 0.000000 0.000000 0.000000 0.000000
5070.240000 0.000000 0.000000 0.000000 0.000000 0.000000 0.000000 0.000000 0.000000 0.000000
5188.340000 0.000000 0.000000 0.000000 0.000000 0.000000 0.000000 0.000000 0.000000 0.000000
5309.200000 0.000000 0.000000 0.000000 0.000000 0.000000 0.000000 0.000000 0.000000 0.000000
5432.860000 0.000000 0.000000 0.000000 0.000000 0.000000 0.000000 0.000000 0.000000 0.000000
5559.410000 0.000000 0.000000 0.000000 0.000000 0.000000 0.000000 0.000000 0.000000 0.000000
5688.910000 0.000000 0.000000 0.000000 0.000000 0.000000 0.000000 0.000000 0.000000 0.000000
5821.420000 0.000000 0.000000 0.000000 0.000000 0.000000 0.000000 0.000000 0.000000 0.000000
5957.020000 0.000000 0.000000 0.000000 0.000000 0.000000 0.000000 0.000000 0.000000 0.000000
6095.770000 0.000000 0.000000 0.000000 0.000000 0.000000 0.000000 0.000000 0.000000 0.000000
6237.760000 0.000000 0.000000 0.000000 0.000000 0.000000 0.000000 0.000000 0.000000 0.000000
6383.060000 0.000000 0.000000 0.000000 0.000000 0.000000 0.000000 0.000000 0.000000 0.000000
6531.740000 0.000000 0.000000 0.000000 0.000000 0.000000 0.000000 0.000000 0.000000 0.000000
6683.880000 0.000000 0.000000 0.000000 0.000000 0.000000 0.000000 0.000000 0.000000 0.000000
6839.570000 0.000000 0.000000 0.000000 0.000000 0.000000 0.000000 0.000000 0.000000 0.000000
6998.880000 0.000000 0.000000 0.000000 0.000000 0.000000 0.000000 0.000000 0.000000 0.000000
7161.910000 0.000000 0.000000 0.000000 0.000000 0.000000 0.000000 0.000000 0.000000 0.000000
7328.730000 0.000000 0.000000 0.000000 0.000000 0.000000 0.000000 0.000000 0.000000 0.000000
7499.440000 0.000000 0.000000 0.000000 0.000000 0.000000 0.000000 0.000000 0.000000 0.000000
7674.120000 0.000000 0.000000 0.000000 0.000000 0.000000 0.000000 0.000000 0.000000 0.000000
7852.880000 0.000000 0.000000 0.000000 0.000000 0.000000 0.000000 0.000000 0.000000 0.000000
8035.790000 0.000000 0.000000 0.000000 0.000000 0.000000 0.000000 0.000000 0.000000 0.000000
8222.970000 0.000000 0.000000 0.000000 0.000000 0.000000 0.000000 0.000000 0.000000 0.000000
8414.510000 0.000000 0.000000 0.000000 0.000000 0.000000 0.000000 0.000000 0.000000 0.000000
8610.510000 0.000000 0.000000 0.000000 0.000000 0.000000 0.000000 0.000000 0.000000 0.000000
8811.070000 0.000000 0.000000 0.000000 0.000000 0.000000 0.000000 0.000000 0.000000 0.000000
9016.310000 0.000000 0.000000 0.000000 0.000000 0.000000 0.000000 0.000000 0.000000 0.000000
9226.330000 0.000000 0.000000 0.000000 0.000000 0.000000 0.000000 0.000000 0.000000 0.000000
9441.230000 0.000000 0.000000 0.000000 0.000000 0.000000 0.000000 0.000000 0.000000 0.000000
9661.150000 0.000000 0.000000 0.000000 0.000000 0.000000 0.000000 0.000000 0.000000 0.000000
9886.190000 0.000000 0.000000 0.000000 0.000000 0.000000 0.000000 0.000000 0.000000 0.000000
