# s W_0 W_1 W_2 W_3 W_4 W_5 W_6 W_7 W_8
0.101165 0.000000 0.000000 0.000000 0.000000 0.000000 0.000000 0.000000 0.000000 0.000000
0.103521 0.000000 0.000000 0.000000 0.000000 0.000000 0.000000 0.000000 0.000000 0.000000
0.105932 27.798987 0.002328 -36.654381 -0.001730 -26.810456 -0.107199 1022.880000 0.282126 -1247.160000
0.108400 0.000000 0.000000 0.000000 0.000000 0.000000 0.000000 0.000000 0.000000 0.000000
0.110925 0.000000 0.000000 0.000000 0.000000 0.000000 0.000000 0.000000 0.000000 0.000000
0.113509 0.000000 0.000000 0.000000 0.000000 0.000000 0.000000 0.000000 0.000000 0.000000
0.116153 0.000000 0.000000 0.000000 0.000000 0.000000 0.000000 0.000000 0.000000 0.000000
0.118858 0.000000 0.000000 0.000000 0.000000 0.000000 0.000000 0.000000 0.000000 0.000000
0.121627 0.000000 0.000000 0.000000 0.000000 0.000000 0.000000 0.000000 0.000000 0.000000
0.124460 0.000000 0.000000 0.000000 0.000000 0.000000 0.000000 0.000000 0.000000 0.000000
0.127359 5.548202 0.000371 6.245414 0.001842 -20.742990 -0.021495 -77.577800 -0.055271 287.092000
0.130325 0.000000 0.000000 0.000000 0.000000 0.000000 0.000000 0.000000 0.000000 0.000000
0.133361 0.000000 0.000000 0.000000 0.000000 0.000000 0.000000 0.000000 0.000000 0.000000
0.136467 0.000000 0.000000 0.000000 0.000000 0.000000 0.000000 0.000000 0.000000 0.000000
0.139646 0.000000 0.000000 0.000000 0.000000 0.000000 0.000000 0.000000 0.000000 0.000000
0.142899 0.000000 0.000000 0.000000 0.000000 0.000000 0.000000 0.000000 0.000000 0.000000
0.146227 0.000000 0.000000 0.000000 0.000000 0.000000 0.000000 0.000000 0.000000 0.000000
0.149633 0.000000 0.000000 0.000000 0.000000 0.000000 0.000000 0.000000 0.000000 0.000000
0.153119 0.000000 0.000000 0.000000 0.000000 0.000000 0.000000 0.000000 0.000000 0.000000
0.156685 2.667162 0.000406 -5.089357 -0.000860 2.552198 0.000710 30.497700 0.024162 -93.370000
0.160335 0.000000 0.000000 0.000000 0.000000 0.000000 0.000000 0.000000 0.000000 0.000000
0.164070 5.647709 0.000872 -13.416160 -0.002800 15.958284 0.045403 -150.146000 -0.054049 117.032000
0.167892 4.662182 0.000741 -11.081733 -0.002382 13.202537 0.038706 -124.619000 -0.046287 97.819100
0.171802 0.000000 0.000000 0.000000 0.000000 0.000000 0.000000 0.000000 0.000000 0.000000
0.175804 1.789989 0.000067 6.207052 0.000702 2.594657 0.014309 -64.283600 0.007413 -120.711000
0.179899 0.000000 0.000000 0.000000 0.000000 0.000000 0.000000 0.000000 0.000000 0.000000
0.184089 1.321950 0.000168 0.330387 0.000489 -4.899395 -0.014783 26.680600 -0.003236 49.605600
0.188377 0.000000 0.000000 0.000000 0.000000 0.000000 0.000000 0.000000 0.000000 0.000000
0.192765 0.991755 0.000067 2.668612 0.000573 -1.113281 0.006131 -52.330500 -0.009188 -30.018400
0.197255 0.000000 0.000000 0.000000 0.000000 0.000000 0.000000 0.000000 0.000000 0.000000
0.201850 1.963248 0.000321 -2.189825 -0.000087 -2.971751 -0.018790 79.660500 0.039575 -75.364700
0.206552 0.000000 0.000000 0.000000 0.000000 0.000000 0.000000 0.000000 0.000000 0.000000
0.211363 0.000000 0.000000 0.000000 0.000000 0.000000 0.000000 0.000000 0.000000 0.000000
0.216286 0.000000 0.000000 0.000000 0.000000 0.000000 0.000000 0.000000 0.000000 0.000000
0.221324 0.000000 0.000000 0.000000 0.000000 0.000000 0.000000 0.000000 0.000000 0.000000
0.226479 0.682771 0.000031 2.469660 0.000337 1.393770 0.007481 -19.404700 0.005753 -46.445200
0.231755 0.000000 0.000000 0.000000 0.000000 0.000000 0.000000 0.000000 0.000000 0.000000
0.237153 0.833777 0.000177 -1.210316 -0.000186 -0.478077 -0.006496 27.540900 0.020307 -39.097100
0.242677 6.838941 0.000428 18.725167 0.003733 -6.772657 0.042207 -360.185000 -0.055150 -228.959000
0.248330 0.523736 0.000114 -0.525462 -0.000001 -0.938579 -0.007347 21.846800 0.013762 -17.512500
0.254114 0.000000 0.000000 0.000000 0.000000 0.000000 0.000000 0.000000 0.000000 0.000000
0.260033 0.000000 0.000000 0.000000 0.000000 0.000000 0.000000 0.000000 0.000000 0.000000
0.266090 1.057572 0.000210 -0.331178 -0.000004 -0.547440 0.002042 -17.239900 -0.006534 -1.512300
0.272288 1.606178 0.000379 -2.614139 -0.000668 1.196636 0.004453 -8.790500 -0.009599 22.628300
0.278631 0.000000 0.000000 0.000000 0.000000 0.000000 0.000000 0.000000 0.000000 0.000000
0.285121 0.744726 0.000210 -1.861820 -0.000734 2.513447 0.014119 -29.613900 -0.022462 33.885100
0.291762 0.810488 0.000223 -1.408901 -0.000394 0.347480 -0.002095 14.087300 0.015361 -27.591000
0.298558 3.388331 0.000253 10.716909 0.001246 10.027900 0.008694 100.019000 0.033413 20.024800
0.305512 0.000000 0.000000 0.000000 0.000000 0.000000 0.000000 0.000000 0.000000 0.000000
0.312629 1.634385 0.000343 0.315297 0.000300 -1.392830 -0.010272 21.661000 0.021268 -31.641500
0.319911 0.215191 0.000032 0.419494 0.000219 -0.600230 0.000183 -9.140290 -0.006521 4.351850
0.327362 0.214442 0.000015 0.764645 0.000160 0.393373 0.003444 -6.684080 0.002360 -14.618600
0.334988 1.232782 0.000303 -0.186834 0.000591 -4.037629 -0.026384 38.714000 0.012169 19.399300
0.342791 0.192595 0.000002 0.915545 0.000032 1.456958 0.001146 16.669600 0.002601 15.552200
0.350775 0.630240 0.000039 2.269880 0.000421 1.246931 0.009263 -18.446900 0.006891 -42.924900
0.358946 0.000000 0.000000 0.000000 0.000000 0.000000 0.000000 0.000000 0.000000 0.000000
0.367307 0.000000 0.000000 0.000000 0.000000 0.000000 0.000000 0.000000 0.000000 0.000000
0.375862 0.749890 0.000122 1.311887 0.000533 -0.973135 0.001355 -20.148200 -0.000412 -23.606100
0.384617 0.274214 0.000090 -0.373618 -0.000076 -0.229793 -0.003889 9.780990 0.010793 -12.545500
0.393576 0.644810 0.000180 -0.012141 0.000225 -1.246298 -0.006749 4.043990 0.003591 -3.314090
0.402744 1.389939 0.000437 -1.262869 -0.000688 1.705868 0.010560 -11.104500 -0.007069 4.393130
0.412125 1.079414 0.000197 1.936644 -0.000079 4.059430 0.015078 11.270300 -0.009818 36.521700
0.421724 0.462472 0.000132 0.140092 -0.000152 1.004253 0.006538 -4.469060 -0.007382 8.648330
0.431548 1.783584 0.000510 -0.199464 0.000639 -3.586548 -0.021738 17.846600 0.013744 -10.711800
0.441600 0.515933 0.000169 -0.085543 0.000182 -1.005567 -0.005711 0.763565 -0.005864 12.943100
0.451886 2.011571 0.000522 1.249741 0.000263 1.029722 0.016915 -39.634100 -0.024244 3.530740
0.462412 0.870439 0.000195 1.322144 0.000758 -1.141570 -0.003481 -6.274890 -0.004039 -0.467391
0.473183 1.035893 0.000257 1.290861 0.000617 -0.584979 -0.012146 22.886200 0.012460 8.214230
0.484204 1.169389 0.000459 -1.770088 -0.001059 2.316283 0.013159 -7.631500 -0.009182 10.819700
0.495483 1.553175 0.000535 -1.045190 0.000316 -3.476518 -0.035230 53.968800 0.043513 -20.104600
0.507024 1.595818 0.000322 3.274399 0.001313 -0.000747 0.007669 -19.114800 -0.011998 -3.481770
0.518834 0.931129 0.000367 -0.534220 -0.000153 -0.191093 -0.000887 -1.889370 0.001930 -6.170160
0.530920 0.621323 0.000219 0.122738 0.000176 -0.771144 0.002665 -16.265800 -0.022461 17.842900
0.543286 0.899411 0.000292 0.533958 0.000469 -1.182517 -0.004465 -6.874960 -0.005147 1.456490
0.555941 0.833100 0.000287 0.349561 0.000360 -0.880544 -0.003018 -5.133810 -0.015465 20.320200
0.568891 1.340431 0.000628 -2.093506 -0.001396 2.283151 0.015925 -7.876990 -0.002012 -4.593130
0.582142 1.096414 0.000451 -0.726757 -0.000140 -0.621967 -0.010953 16.788500 0.013524 -1.124760
0.595702 1.974690 0.000613 2.419988 0.000786 0.837937 0.018952 -34.223000 -0.006519 -35.182300
0.609577 0.844692 0.000385 -0.181714 0.000101 -0.768034 -0.005539 0.421981 0.008079 -9.937560
0.623776 0.975746 0.000448 -0.326605 -0.000074 -0.353072 -0.001001 -3.774060 -0.010394 10.601600
0.638306 0.986559 0.000352 0.808247 0.000615 -0.755869 -0.009554 9.392980 0.008808 -0.295798
0.653174 1.308750 0.000543 0.355889 -0.000081 0.994735 -0.004308 22.513200 0.019244 3.025410
0.668388 0.674663 0.000241 0.780032 0.000637 -0.749786 -0.003115 -4.462750 -0.007889 4.723820
0.683957 1.268079 0.000454 1.422570 -0.000037 2.584389 0.015516 5.694170 -0.006470 16.333500
0.699888 0.989821 0.000428 0.449309 0.000086 0.410717 -0.001852 11.015700 0.001659 12.388000
0.716191 0.880753 0.000411 0.167831 -0.000298 1.205831 0.014594 -10.819200 -0.008884 -3.429890
0.732873 0.665261 0.000348 -0.067127 -0.000133 0.270370 0.006281 -7.353730 -0.004889 -2.982120
0.749944 1.425870 0.000793 -1.133448 -0.000593 0.253943 0.005049 -10.066800 -0.012128 5.240230
0.767412 0.581604 0.000295 0.125862 0.000346 -0.767997 -0.009197 4.521870 0.004101 0.705831
0.785288 0.649512 0.000320 0.166314 -0.000226 0.971658 0.006481 3.699540 0.013141 -12.204200
0.803579 0.788281 0.000429 0.026287 0.000001 0.084729 0.004906 -7.913030 -0.015330 8.520000
0.822297 1.005809 0.000506 0.279872 0.000488 -0.927047 -0.009385 4.960230 -0.000036 4.620570
0.841451 1.059319 0.000692 -0.882531 -0.000707 0.365439 0.001894 2.013170 0.000847 1.774110
0.861051 0.874346 0.000457 0.460465 0.000431 -0.355802 0.001945 -7.480200 -0.017066 7.984620
0.881107 1.231545 0.000706 0.044617 0.000023 -0.019488 0.000483 -0.668362 0.006915 -8.691370
0.901631 0.991834 0.000712 -1.109389 -0.001175 1.198383 0.021962 -17.782800 -0.035385 15.605000
0.922633 0.921498 0.000568 0.075609 -0.000132 0.395099 0.007729 -5.101860 -0.001019 -5.852850
0.944123 0.934219 0.000589 -0.009507 -0.000313 0.835639 0.011502 -6.186760 0.001352 -8.819390
0.966115 1.102851 0.000678 0.260773 0.000680 -1.115887 -0.013536 3.611390 0.010159 -5.937350
0.988619 1.120933 0.000656 0.570581 0.000063 0.864521 0.003300 8.111190 0.008705 2.814360
1.011650 1.104189 0.000695 0.497273 -0.000057 0.867076 0.000021 12.165600 0.014585 0.212649
1.035210 1.614402 0.000915 1.337100 0.000804 0.677378 0.002698 6.938100 -0.001722 10.472900
1.059320 1.060014 0.000696 0.210624 0.000514 -0.864761 -0.005290 -3.111310 -0.009753 3.775510
1.084000 1.220226 0.000811 0.311348 0.000128 0.378296 0.009140 -7.238620 -0.012442 1.244590
1.109250 0.823748 0.000594 0.176986 0.000018 0.265569 0.003932 -0.690898 0.005189 -5.407110
1.135090 1.074674 0.000801 0.102824 0.000090 0.050236 0.004873 -4.657440 -0.006171 -1.091150
1.161530 0.802410 0.000678 -0.259523 -0.000423 0.355295 0.006189 -1.713290 -0.011136 6.352710
1.188580 0.934573 0.000823 -0.599120 -0.000769 0.530476 0.012670 -7.407030 -0.013370 1.703580
1.216270 0.989936 0.000761 0.303343 0.000008 0.517223 0.009754 -2.818720 -0.004794 -1.111900
1.244600 0.761202 0.000586 0.371669 0.000206 0.324871 0.004555 -0.302651 -0.010051 7.027490
1.273590 0.912105 0.000814 -0.175566 -0.000416 0.393174 0.003024 2.856900 0.011207 -5.026030
1.303250 1.191579 0.001074 -0.405434 -0.000364 -0.020114 -0.006946 7.550170 0.019979 -6.116680
1.333610 1.026984 0.000941 -0.136350 -0.000359 0.379586 0.004192 1.596660 -0.001269 2.019880
1.364670 1.089600 0.000973 0.012668 -0.000203 0.418723 0.003991 1.527640 -0.005444 5.799520
1.396460 0.877633 0.000796 0.187874 0.000403 -0.359531 -0.006214 0.782625 0.001449 0.398223
1.428990 1.102595 0.001061 -0.024280 -0.000001 -0.064570 -0.004920 4.216580 0.016484 -6.273060
1.462270 1.179718 0.001141 -0.082456 -0.000537 0.848653 0.007523 3.850550 -0.000830 5.808930
1.496330 1.126154 0.001165 -0.187472 0.000015 -0.355452 -0.002827 -2.744580 -0.006066 0.389517
1.531190 1.001827 0.000981 0.185334 0.000110 0.176843 0.000819 1.981390 -0.005642 5.464790
1.566850 0.996752 0.001138 -0.494656 -0.000599 0.017487 0.001852 -1.334490 -0.009856 3.933680
1.603350 1.129485 0.001177 0.065563 0.000493 -0.618871 -0.009730 -0.310843 0.000079 -0.856059
1.640700 0.945040 0.001051 -0.016608 0.000063 -0.119143 -0.000969 -0.601116 -0.004390 1.599970
1.678920 1.054088 0.001156 0.168104 0.000083 0.199702 -0.000837 3.132240 0.006962 -0.096313
1.718020 1.047499 0.001215 -0.058825 -0.000097 0.060288 -0.005781 4.838930 0.011388 0.864196
1.758040 0.906713 0.001083 -0.023878 -0.000102 0.102834 0.003741 -1.405320 -0.008374 2.589590
1.798990 1.023245 0.001211 0.064010 0.000095 -0.009154 -0.001617 1.394490 -0.002538 2.847490
1.840890 0.950798 0.001166 0.052206 0.000155 -0.106687 -0.001195 -0.415510 0.001819 -1.425960
1.883770 1.055110 0.001293 0.124345 0.000117 0.023505 -0.000885 1.478840 -0.000255 2.351650
1.927650 1.042115 0.001302 0.147170 0.000401 -0.209615 -0.005706 1.282590 -0.006272 4.337920
1.972550 0.947413 0.001251 -0.027401 -0.000110 0.137483 0.005825 -2.811900 -0.000237 -3.104950
2.018500 0.866324 0.001161 0.065310 0.000442 -0.409633 -0.009448 0.610143 0.005312 -1.230070
2.065520 0.969861 0.001367 -0.119035 -0.000021 -0.142336 -0.002025 -1.135180 -0.003959 0.159540
2.113630 1.061566 0.001506 -0.039451 -0.000233 0.215696 0.003533 0.163113 -0.005776 3.170480
2.162860 1.082520 0.001571 0.010958 -0.000151 0.156682 0.003802 -0.292906 -0.000209 -0.335318
2.213240 0.996002 0.001477 -0.018507 -0.000170 0.150760 0.004751 -1.103560 -0.001392 -0.426138
2.264790 1.085800 0.001631 0.018237 0.000013 0.010863 0.007475 -4.071170 -0.013451 0.079138
2.317550 1.024982 0.001608 -0.078317 -0.000221 0.064772 0.001560 0.108121 -0.008725 3.979790
2.371530 1.011972 0.001611 -0.038460 -0.000146 0.092488 0.003126 -0.389993 0.001150 -1.216050
2.426770 0.999044 0.001560 0.216858 0.000408 -0.003232 -0.000443 -0.046547 -0.001612 0.616740
2.483300 1.026198 0.001626 0.242109 0.000487 -0.020484 -0.001698 0.788368 0.007897 -1.840250
2.541140 1.038519 0.001768 -0.059771 -0.000076 -0.028038 -0.003100 1.292120 0.000534 1.220490
2.600330 1.011851 0.001730 0.044625 0.000032 0.043639 0.000318 0.406004 0.007611 -1.875550
2.660900 0.986782 0.001703 0.166161 0.000415 -0.082489 -0.002160 -0.200511 0.000934 -0.619552
2.722880 1.028118 0.001816 0.130468 0.000220 0.060195 -0.004982 3.384780 0.006205 2.180860
2.786310 0.951348 0.001738 0.078241 0.000336 -0.112646 -0.002864 -0.464129 -0.000582 -0.417773
2.851210 1.045006 0.001974 0.025915 -0.000113 0.123542 0.003341 0.335486 -0.000804 0.608987
2.917620 1.064110 0.002051 0.020917 -0.000128 0.134167 0.001902 0.783714 0.003194 0.137049
2.985580 1.065377 0.002117 0.007234 -0.000086 0.094378 0.000481 1.091760 0.002008 0.478499
3.055120 1.005359 0.002055 -0.044763 -0.000159 0.054157 0.001449 0.345533 -0.005043 1.928840
3.126290 1.001453 0.002080 0.018628 0.000046 0.012806 0.000344 -0.002685 -0.002339 0.618683
3.199110 1.010891 0.002155 0.016447 -0.000021 0.027285 0.004791 -1.649000 -0.004552 -0.483926
3.273620 0.997387 0.002191 -0.028187 -0.000247 0.124314 0.005736 -0.732856 0.000805 -1.041340
3.349880 1.003036 0.002214 0.087862 0.000142 0.047647 0.007181 -2.339840 -0.009016 -0.452111
3.427910 0.968658 0.002265 -0.102609 -0.000129 -0.103254 -0.000693 -1.120890 -0.002345 -0.759164
3.507750 1.022642 0.002376 0.028588 -0.000191 0.178593 0.007468 -0.268933 0.002416 -0.943582
3.589460 1.048939 0.002556 -0.112066 -0.000348 0.030167 0.000834 0.228687 -0.001791 0.793314
3.673070 1.009537 0.002454 0.046958 0.000078 0.035640 0.000608 0.361570 -0.001917 0.942447
3.758620 1.018524 0.002530 0.048963 0.000130 -0.019582 0.001403 -0.851309 -0.001804 -0.545683
3.846170 1.051769 0.002638 0.087935 0.000388 -0.080461 -0.001574 -0.522219 -0.007736 1.089910
3.935760 0.995979 0.002607 0.023415 0.000142 -0.045308 0.000473 -0.735736 -0.002778 -0.456926
4.027440 0.982664 0.002707 -0.124266 -0.000311 -0.017749 -0.002880 0.473704 -0.000170 0.789400
4.121250 1.042646 0.002865 -0.015437 -0.000307 0.145962 0.003634 0.675235 0.006844 -0.669188
4.217240 0.999514 0.002862 -0.127593 -0.000450 0.040989 0.001459 0.022027 0.004139 -0.917999
4.315480 0.998612 0.002869 -0.006631 0.000027 -0.017543 0.001079 -0.695842 -0.001484 -0.523377
4.416000 1.010075 0.003003 -0.054462 -0.000061 -0.057300 -0.004254 0.425684 0.001673 0.211730
4.518860 0.956618 0.002892 -0.003134 -0.000056 0.024442 0.001053 0.056209 0.003270 -0.557534
4.624120 1.041389 0.003154 0.086775 0.000233 0.032906 0.001680 -0.054396 -0.001397 0.248113
4.731830 1.019599 0.003195 0.033796 0.000193 -0.029083 -0.000332 -0.344780 -0.001454 -0.041074
4.842040 0.990666 0.003178 0.027722 0.000340 -0.116511 -0.006928 0.349511 0.003591 -0.289660
4.954830 1.012141 0.003326 0.022703 0.000119 -0.018456 0.002633 -1.005410 -0.006807 0.140380
5.070240 1.019984 0.003418 0.032785 0.000184 -0.019973 0.000517 -0.374595 0.003607 -1.235910
5.188340 0.980512 0.003365 0.047565 0.000248 -0.031815 -0.002052 0.125228 -0.000210 0.267644
5.309200 0.980631 0.003451 0.031237 0.000116 0.002635 0.000150 -0.074027 -0.005793 1.196710
5.432860 1.022734 0.003690 0.019762 0.000173 -0.050594 -0.003516 0.266386 0.001105 0.087120
5.559410 1.013508 0.003722 0.037148 -0.000000 0.057865 0.004517 -0.175147 -0.001201 -0.090015
5.688910 0.993200 0.003777 -0.016714 -0.000287 0.092921 0.003392 0.446486 0.005186 -0.284343
5.821420 0.983088 0.003789 0.052018 0.000082 0.057519 0.002313 0.244562 0.000420 0.166549
5.957020 0.989891 0.003899 0.034471 0.000214 -0.019816 -0.000581 -0.120076 0.001734 -0.494289
6.095770 0.994723 0.004045 -0.005144 -0.000064 0.008376 -0.000815 0.380771 0.002063 0.124610
6.237760 1.008410 0.004168 0.031732 0.000171 -0.012454 0.000798 -0.367362 -0.001633 -0.225760
6.383060 1.011930 0.004286 0.024020 0.000041 0.021243 0.001207 0.035766 -0.003194 0.617521
6.531740 0.994300 0.004295 0.038817 0.000128 0.018251 0.001291 0.086760 -0.000344 0.041895
6.683880 0.994250 0.004473 -0.050156 -0.000408 0.060050 0.003984 -0.014247 0.003624 -0.556186
6.839570 1.006679 0.004565 0.023393 0.000191 -0.025484 -0.002109 0.082291 0.002959 -0.310580
6.998880 1.002283 0.004683 -0.008728 -0.000022 -0.008658 -0.001804 0.203013 -0.002793 0.618407
7.161910 0.996932 0.004744 0.014768 -0.000019 0.034382 -0.000088 0.491713 0.004153 0.113079
7.328730 1.002749 0.004889 0.002911 -0.000045 0.026050 0.002995 -0.202506 -0.000847 -0.231437
7.499440 0.994342 0.004964 0.005031 0.000092 -0.019934 0.001041 -0.532109 -0.003051 -0.237320
7.674120 1.005553 0.005159 -0.024531 -0.000129 -0.009317 0.000977 -0.347781 0.000342 -0.421008
7.852880 1.004300 0.005252 0.001318 -0.000006 0.003087 -0.001399 0.306027 0.002319 0.120202
8.035790 0.985921 0.005264 0.019766 0.000113 -0.006703 0.000763 -0.207805 -0.002386 0.005656
8.222970 0.996125 0.005467 -0.006527 0.000081 -0.037573 -0.002127 -0.165815 -0.002970 0.163833
8.414510 1.001594 0.005609 0.001464 0.000029 -0.009230 -0.003178 0.431952 0.003378 0.186966
8.610510 1.000097 0.005735 0.007142 -0.000108 0.038861 0.000299 0.495594 0.006355 -0.114956
8.811070 1.000506 0.005852 0.019989 0.000147 -0.000777 -0.002129 0.318084 0.006198 -0.343626
9.016310 0.987601 0.005939 0.000172 -0.000147 0.031210 0.001092 0.323303 0.001748 0.221606
9.226330 0.991733 0.006066 0.027127 0.000078 0.027817 0.001686 0.168472 0.000749 0.147281
9.441230 1.000862 0.006260 0.030852 0.000234 -0.000118 0.000128 -0.074545 -0.001267 0.058405
9.661150 0.991266 0.006388 -0.004479 -0.000070 0.006740 0.001006 -0.058939 0.000977 -0.159330
9.886190 1.009579 0.006633 0.012385 0.000013 0.015936 0.002455 -0.119051 -0.001457 0.022870
10.116500 0.996203 0.006696 0.014097 0.000015 0.019366 0.001345 0.094927 -0.001292 0.255155
10.352100 0.989502 0.006853 -0.020589 -0.000238 0.012867 0.002192 -0.089347 -0.000847 -0.057572
10.593200 0.996098 0.007040 -0.005252 -0.000063 -0.001765 -0.002895 0.352209 0.004225 0.035114
10.840000 0.997703 0.007190 0.006803 0.000108 -0.015551 -0.002207 0.083475 -0.002891 0.387850
11.092500 0.992030 0.007330 0.004932 -0.000089 0.022242 -0.001211 0.490624 0.006795 0.040069
11.350900 0.992425 0.007510 -0.003133 -0.000082 0.007483 0.002575 -0.189170 -0.008207 0.424370
11.615300 0.987668 0.007641 0.007906 -0.000044 0.018269 0.000808 0.167620 0.000237 0.223641
11.885800 0.984843 0.007803 0.000267 -0.000028 0.002877 0.000120 0.028242 -0.000004 0.023542
12.162700 0.991356 0.008036 -0.002563 0.000021 -0.008565 -0.003916 0.338449 0.001517 0.313612
12.446000 0.987405 0.008177 0.007054 0.000108 -0.010306 -0.001308 0.006263 -0.003063 0.225269
12.735900 0.989090 0.008408 -0.008964 -0.000214 0.019923 0.002420 0.035882 -0.002681 0.227396
13.032500 0.989737 0.008603 -0.007758 -0.000287 0.034422 0.004597 0.010265 0.000245 -0.007653
13.336100 0.990928 0.008792 0.008875 0.000004 0.009784 0.001601 -0.008947 -0.002089 0.138713
13.646700 0.993015 0.009043 -0.009752 -0.000189 0.009735 0.001325 0.021511 -0.000145 0.035045
13.964600 0.993600 0.009260 -0.011498 -0.000212 0.010252 0.002223 -0.063411 -0.003641 0.154320
14.289900 0.989250 0.009414 0.000636 -0.000144 0.020201 0.002992 0.032265 0.000950 -0.025986
14.622700 0.990112 0.009669 -0.015973 -0.000225 0.004068 0.000242 0.046679 0.002344 -0.096076
14.963300 0.989781 0.009870 -0.003355 -0.000105 0.006680 0.001614 -0.047112 -0.001698 0.040809
15.311900 0.987104 0.010076 -0.005074 -0.000106 0.002877 0.000847 -0.021242 -0.001076 0.029092
15.668500 0.991189 0.010339 -0.000548 -0.000039 0.001687 0.000140 0.024838 -0.002606 0.185249
16.033500 0.987066 0.010540 -0.000755 -0.000161 0.017746 0.000964 0.188385 -0.001149 0.303627
16.407000 0.985719 0.010780 -0.005349 -0.000109 0.002323 0.000686 0.006245 -0.002051 0.123551
16.789200 0.984833 0.011048 -0.015884 -0.000338 0.014291 0.004002 -0.106805 -0.003186 0.017467
17.180200 0.979601 0.011227 -0.008444 -0.000195 0.006296 0.001664 -0.023228 -0.001911 0.066866
17.580400 0.989393 0.011583 -0.001864 -0.000101 0.005268 0.003063 -0.162438 -0.002652 -0.064087
17.989900 0.985338 0.011814 -0.006150 -0.000176 0.006252 0.001175 0.036534 -0.001051 0.092703
18.408900 0.983918 0.012068 -0.004992 -0.000104 0.000150 0.000178 0.002530 -0.001237 0.049330
18.837700 0.985663 0.012363 -0.002035 -0.000071 -0.000419 -0.000281 0.048950 -0.000524 0.055945
19.276500 0.982545 0.012629 -0.009622 -0.000208 0.002364 0.000340 0.035071 0.000845 0.007839
19.725500 0.977796 0.012861 -0.007232 -0.000269 0.012841 0.003408 -0.029782 -0.001602 0.022108
20.185000 0.978182 0.013158 -0.002462 -0.000181 0.009497 0.001189 0.072060 0.000767 0.045959
20.655200 0.977371 0.013470 -0.011590 -0.000383 0.018244 0.003881 0.008053 -0.000994 0.029735
21.136300 0.981509 0.013809 -0.000612 -0.000205 0.015795 0.003525 0.010696 0.001855 -0.074033
21.628600 0.977089 0.014081 -0.003171 -0.000276 0.018095 0.002846 0.100307 0.002179 0.022560
22.132400 0.975433 0.014378 -0.001344 -0.000235 0.016464 0.004219 -0.019166 -0.002290 0.072841
22.647900 0.975134 0.014725 -0.007294 -0.000280 0.009425 0.002572 -0.003372 0.000310 -0.033212
23.175500 0.972073 0.015037 -0.012150 -0.000364 0.009359 0.002711 -0.008280 -0.000691 0.015599
23.715300 0.977671 0.015434 0.000029 -0.000216 0.014625 0.002884 0.058227 0.003206 -0.059734
24.267700 0.971773 0.015748 -0.015470 -0.000522 0.016791 0.003289 0.080311 0.000971 0.049047
24.833000 0.975179 0.016136 -0.005525 -0.000348 0.016228 0.003616 0.055339 -0.000372 0.070011
25.411400 0.968920 0.016436 -0.013683 -0.000475 0.012836 0.003620 0.007837 -0.002883 0.101361
26.003300 0.969592 0.016836 -0.015255 -0.000525 0.013221 0.003266 0.032008 0.000174 0.033134
26.609000 0.969851 0.017226 -0.013290 -0.000545 0.016289 0.006753 -0.092863 -0.002696 -0.039985
27.228800 0.970454 0.017621 -0.009986 -0.000499 0.017467 0.004992 0.015886 -0.000954 0.044646
27.863100 0.968327 0.017978 -0.005986 -0.000437 0.018779 0.007311 -0.088111 -0.003288 -0.011292
28.512100 0.969914 0.018464 -0.016993 -0.000555 0.007540 0.002721 -0.004945 -0.002021 0.053930
29.176200 0.967849 0.018846 -0.014946 -0.000612 0.013624 0.004322 0.016662 0.000001 0.016477
29.855800 0.965723 0.019261 -0.018722 -0.000688 0.012504 0.003965 0.021004 -0.000417 0.028808
30.551200 0.965205 0.019689 -0.016833 -0.000678 0.013428 0.006363 -0.064295 -0.004397 0.035825
31.262900 0.965168 0.020128 -0.012201 -0.000592 0.013797 0.004305 0.032278 -0.000939 0.052862
31.991100 0.963208 0.020583 -0.019428 -0.000792 0.014029 0.006500 -0.046666 -0.005687 0.103560
32.736200 0.963519 0.021047 -0.014845 -0.000648 0.010044 0.003976 0.010829 -0.001237 0.033680
33.498800 0.962044 0.021522 -0.019045 -0.000749 0.007746 0.004026 -0.018095 -0.002512 0.033431
34.279100 0.961708 0.022023 -0.021299 -0.000859 0.011075 0.005800 -0.042750 -0.006133 0.102948
35.077500 0.961155 0.022509 -0.017914 -0.000812 0.012480 0.004795 0.017475 -0.002825 0.084233
35.894600 0.956938 0.022955 -0.022104 -0.001019 0.016529 0.007740 -0.024267 -0.003338 0.036689
36.730700 0.955602 0.023445 -0.020003 -0.000899 0.011319 0.007083 -0.069027 -0.007061 0.078488
37.586200 0.957409 0.024040 -0.021811 -0.000987 0.012154 0.006957 -0.051360 -0.006269 0.079054
38.461700 0.954082 0.024510 -0.021084 -0.001003 0.012463 0.006505 -0.023018 -0.001632 -0.002964
39.357600 0.954503 0.025103 -0.023485 -0.001168 0.016198 0.008902 -0.043391 -0.005807 0.068915
40.274400 0.951346 0.025609 -0.023445 -0.001136 0.012432 0.007531 -0.040459 -0.005899 0.071291
41.212500 0.951002 0.026195 -0.024204 -0.001243 0.015704 0.008939 -0.036929 -0.004413 0.038765
42.172400 0.948690 0.026743 -0.024228 -0.001304 0.017207 0.009345 -0.019364 -0.006375 0.100242
43.154800 0.948219 0.027367 -0.027416 -0.001424 0.015909 0.008684 -0.011224 -0.006793 0.121012
44.160000 0.947099 0.027973 -0.028139 -0.001488 0.015942 0.009975 -0.042220 -0.005679 0.055068
45.188600 0.945135 0.028556 -0.026339 -0.001472 0.016206 0.009838 -0.024532 -0.006329 0.084059
46.241200 0.944550 0.029221 -0.030015 -0.001689 0.019075 0.011309 -0.018934 -0.004793 0.049238
47.318300 0.943630 0.029871 -0.030460 -0.001748 0.018989 0.011691 -0.028160 -0.007866 0.101745
48.420400 0.942506 0.030546 -0.033305 -0.001844 0.015825 0.010759 -0.032021 -0.005377 0.043054
49.548300 0.939398 0.031158 -0.033015 -0.001934 0.018069 0.013303 -0.062320 -0.010585 0.101055
50.702400 0.938828 0.031865 -0.033848 -0.001957 0.015505 0.012015 -0.056296 -0.007418 0.040825
51.883400 0.937754 0.032569 -0.034287 -0.002105 0.019197 0.013567 -0.037408 -0.008067 0.073795
53.092000 0.935243 0.033251 -0.035960 -0.002278 0.021260 0.015072 -0.039980 -0.009676 0.101219
54.328600 0.934115 0.034002 -0.038926 -0.002422 0.019937 0.015263 -0.050993 -0.008153 0.050535
55.594100 0.932975 0.034743 -0.037962 -0.002439 0.019091 0.014963 -0.045339 -0.008884 0.067765
56.889100 0.930884 0.035473 -0.037939 -0.002466 0.017409 0.013329 -0.019470 -0.008191 0.086516
58.214200 0.929041 0.036242 -0.039954 -0.002649 0.018607 0.015535 -0.046990 -0.011482 0.102502
59.570200 0.927390 0.037034 -0.042072 -0.002864 0.020530 0.017593 -0.058028 -0.010446 0.064905
60.957700 0.925788 0.037828 -0.042090 -0.002934 0.020427 0.017777 -0.051121 -0.010454 0.065296
62.377600 0.923600 0.038632 -0.044221 -0.003126 0.020983 0.018246 -0.044510 -0.010547 0.072647
63.830600 0.922665 0.039511 -0.046821 -0.003370 0.022084 0.019335 -0.044227 -0.009907 0.058756
65.317400 0.919467 0.040292 -0.046949 -0.003481 0.022632 0.020847 -0.055474 -0.012229 0.073648
66.838800 0.918046 0.041174 -0.047791 -0.003650 0.023220 0.022058 -0.059608 -0.012062 0.063396
68.395700 0.916093 0.042064 -0.050345 -0.003839 0.021993 0.022147 -0.068822 -0.015181 0.088129
69.988800 0.914390 0.042977 -0.052314 -0.004050 0.022565 0.022434 -0.054993 -0.013276 0.074622
71.619100 0.911946 0.043888 -0.055167 -0.004350 0.023369 0.023410 -0.050105 -0.014820 0.097665
73.287300 0.910181 0.044822 -0.055523 -0.004475 0.023081 0.024097 -0.054587 -0.016487 0.107730
74.994400 0.907874 0.045761 -0.056820 -0.004745 0.025505 0.026743 -0.056755 -0.016077 0.094274
76.741200 0.905625 0.046730 -0.058758 -0.004972 0.025064 0.028377 -0.080989 -0.019210 0.098193
78.528800 0.903767 0.047730 -0.060147 -0.005179 0.024837 0.027823 -0.059692 -0.016257 0.079483
80.357900 0.900851 0.048709 -0.062413 -0.005517 0.026486 0.030079 -0.060386 -0.016789 0.079519
82.229700 0.898458 0.049731 -0.064453 -0.005749 0.025361 0.031167 -0.084240 -0.019476 0.077369
84.145100 0.895987 0.050775 -0.067152 -0.006100 0.025952 0.031155 -0.058795 -0.018636 0.091907
86.105100 0.893682 0.051842 -0.068763 -0.006445 0.028175 0.035033 -0.075293 -0.021692 0.098774
88.110700 0.891455 0.052934 -0.070625 -0.006740 0.028189 0.036172 -0.080712 -0.022525 0.096663
90.163100 0.888602 0.054014 -0.072470 -0.007081 0.029028 0.037158 -0.068442 -0.022167 0.103001
92.263300 0.885987 0.055138 -0.074919 -0.007394 0.027895 0.037509 -0.074189 -0.024393 0.111464
94.412300 0.883152 0.056272 -0.077694 -0.007839 0.029092 0.040395 -0.084280 -0.026520 0.111085
96.611500 0.880551 0.057436 -0.079587 -0.008189 0.028930 0.041020 -0.077942 -0.024805 0.095888
98.861900 0.877623 0.058609 -0.082058 -0.008638 0.030187 0.042771 -0.070160 -0.024886 0.099865
101.165000 0.874651 0.059807 -0.084791 -0.009152 0.031936 0.047311 -0.090688 -0.028693 0.101734
103.521000 0.871712 0.061025 -0.087209 -0.009564 0.031488 0.047934 -0.089136 -0.029140 0.101608
105.932000 0.868742 0.062257 -0.089033 -0.009989 0.032052 0.050634 -0.098524 -0.031075 0.097955
108.400000 0.865486 0.063521 -0.092818 -0.010603 0.032849 0.052475 -0.091662 -0.031580 0.102998
110.925000 0.862188 0.064793 -0.095590 -0.011136 0.033293 0.054847 -0.097836 -0.033842 0.107238
113.509000 0.858960 0.066102 -0.098774 -0.011732 0.033850 0.057279 -0.099907 -0.034454 0.100574
116.153000 0.855311 0.067393 -0.101261 -0.012280 0.034199 0.059418 -0.102054 -0.037018 0.111452
118.858000 0.852026 0.068755 -0.105036 -0.012946 0.034197 0.061574 -0.107069 -0.038493 0.106768
121.627000 0.848263 0.070093 -0.107756 -0.013612 0.035698 0.065088 -0.106846 -0.042484 0.128918
124.460000 0.844710 0.071475 -0.110824 -0.014311 0.036654 0.068845 -0.114641 -0.043882 0.119755
127.359000 0.840860 0.072870 -0.114510 -0.015055 0.036729 0.071051 -0.115718 -0.044700 0.114838
130.325000 0.837155 0.074298 -0.117798 -0.015824 0.037651 0.074875 -0.122281 -0.049313 0.129794
133.361000 0.833310 0.075740 -0.121152 -0.016578 0.037578 0.076189 -0.115257 -0.048576 0.123842
136.467000 0.829108 0.077183 -0.124847 -0.017449 0.038498 0.079982 -0.118583 -0.050897 0.124276
139.646000 0.824895 0.078659 -0.128919 -0.018401 0.039486 0.084238 -0.123304 -0.053859 0.127685
142.899000 0.820752 0.080162 -0.132713 -0.019298 0.039521 0.087230 -0.128478 -0.057003 0.131234
146.227000 0.816501 0.081689 -0.136693 -0.020295 0.040255 0.091655 -0.136642 -0.060740 0.133713
149.633000 0.812094 0.083229 -0.141044 -0.021404 0.041598 0.096557 -0.138494 -0.062420 0.129761
153.119000 0.807626 0.084797 -0.145436 -0.022506 0.042045 0.099917 -0.138203 -0.065358 0.137254
156.685000 0.802574 0.086320 -0.149175 -0.023586 0.042684 0.104846 -0.146645 -0.069933 0.141271
160.335000 0.797899 0.087933 -0.154261 -0.024837 0.042870 0.108286 -0.147751 -0.072876 0.144716
164.070000 0.793009 0.089534 -0.158529 -0.026124 0.044370 0.114745 -0.153599 -0.075836 0.140649
167.892000 0.787730 0.091138 -0.163516 -0.027474 0.044753 0.118959 -0.155501 -0.079996 0.148231
171.802000 0.782795 0.092796 -0.168200 -0.028883 0.045765 0.124727 -0.159066 -0.082954 0.146389
175.804000 0.777397 0.094438 -0.173059 -0.030357 0.046690 0.130264 -0.160600 -0.086047 0.146860
179.899000 0.771912 0.096099 -0.178195 -0.031889 0.047127 0.135208 -0.162765 -0.089561 0.148358
184.089000 0.766477 0.097793 -0.183456 -0.033533 0.048110 0.141068 -0.162515 -0.091961 0.146598
188.377000 0.760663 0.099476 -0.188879 -0.035243 0.048790 0.147334 -0.167364 -0.096669 0.148669
192.765000 0.754699 0.101160 -0.194163 -0.037020 0.049804 0.154321 -0.171732 -0.102062 0.154675
197.255000 0.748770 0.102882 -0.199776 -0.038869 0.050288 0.160081 -0.172023 -0.105012 0.151717
201.850000 0.742474 0.104576 -0.205189 -0.040807 0.051331 0.167905 -0.176958 -0.109786 0.151491
206.552000 0.736357 0.106334 -0.211261 -0.042881 0.051925 0.174478 -0.177666 -0.113569 0.151278
211.363000 0.729695 0.108037 -0.217058 -0.045013 0.052823 0.182266 -0.180638 -0.118571 0.152324
216.286000 0.723078 0.109780 -0.223318 -0.047275 0.053430 0.190405 -0.187443 -0.124271 0.151136
221.324000 0.716303 0.111523 -0.229543 -0.049653 0.054449 0.198915 -0.188597 -0.130100 0.155581
226.479000 0.709275 0.113252 -0.235778 -0.052070 0.054933 0.207081 -0.193313 -0.135716 0.154138
231.755000 0.702037 0.114974 -0.242260 -0.054687 0.056060 0.216955 -0.196230 -0.141281 0.153309
237.153000 0.694690 0.116700 -0.248702 -0.057351 0.056812 0.226006 -0.197930 -0.146918 0.153847
242.677000 0.687251 0.118433 -0.255238 -0.060153 0.057708 0.236557 -0.202856 -0.154741 0.156363
248.330000 0.679603 0.120164 -0.262208 -0.063166 0.058839 0.247138 -0.202536 -0.159644 0.154621
254.114000 0.671725 0.121870 -0.269037 -0.066252 0.059873 0.258787 -0.206290 -0.166613 0.153252
260.033000 0.663678 0.123570 -0.276145 -0.069508 0.060901 0.270612 -0.208179 -0.173254 0.151857
266.090000 0.655486 0.125259 -0.283177 -0.072879 0.062012 0.283244 -0.210872 -0.180126 0.149673
272.288000 0.647157 0.126939 -0.290330 -0.076377 0.062884 0.295941 -0.213594 -0.188684 0.150920
278.631000 0.638604 0.128598 -0.297695 -0.080072 0.063964 0.309122 -0.213352 -0.194243 0.146209
285.121000 0.629947 0.130241 -0.304919 -0.083903 0.065288 0.323921 -0.213868 -0.202395 0.146406
291.762000 0.621030 0.131850 -0.312290 -0.087891 0.066439 0.339172 -0.215653 -0.210698 0.144617
298.558000 0.611929 0.133432 -0.319792 -0.092085 0.067796 0.355965 -0.217584 -0.218697 0.139859
305.512000 0.602676 0.134986 -0.327214 -0.096387 0.068920 0.372386 -0.217665 -0.226361 0.135099
312.629000 0.593300 0.136525 -0.334849 -0.100910 0.070124 0.390020 -0.218724 -0.234527 0.130045
319.911000 0.583690 0.138006 -0.342260 -0.105572 0.071511 0.409224 -0.219350 -0.244699 0.128475
327.362000 0.573946 0.139467 -0.349967 -0.110465 0.072766 0.429041 -0.220125 -0.253929 0.122418
334.988000 0.564040 0.140883 -0.357562 -0.115499 0.073939 0.449458 -0.220714 -0.263282 0.115931
342.791000 0.553897 0.142237 -0.365100 -0.120721 0.075201 0.470857 -0.219496 -0.272830 0.110259
350.775000 0.543682 0.143561 -0.372606 -0.126177 0.076779 0.494768 -0.218637 -0.284254 0.106755
358.946000 0.533285 0.144822 -0.379936 -0.131760 0.078160 0.518431 -0.214967 -0.294927 0.103073
367.307000 0.522775 0.146036 -0.387203 -0.137537 0.079603 0.543896 -0.212449 -0.305718 0.096484
375.862000 0.512102 0.147185 -0.394359 -0.143506 0.081077 0.570438 -0.208061 -0.315806 0.088759
384.617000 0.501361 0.148284 -0.401297 -0.149691 0.082883 0.599402 -0.201856 -0.326744 0.083074
393.576000 0.490498 0.149313 -0.407991 -0.156036 0.084702 0.629791 -0.194607 -0.337614 0.076036
402.744000 0.479553 0.150284 -0.414557 -0.162566 0.086475 0.661708 -0.187449 -0.348610 0.067274
412.125000 0.468510 0.151172 -0.420661 -0.169244 0.088536 0.696068 -0.177797 -0.359740 0.059531
421.724000 0.457403 0.151987 -0.426459 -0.176076 0.090635 0.732120 -0.166840 -0.370095 0.050177
431.548000 0.446245 0.152730 -0.431939 -0.183077 0.092842 0.771268 -0.156769 -0.381308 0.038305
441.600000 0.435074 0.153401 -0.437002 -0.190212 0.095133 0.812280 -0.144066 -0.391858 0.026298
451.886000 0.423861 0.153979 -0.441541 -0.197414 0.097392 0.855305 -0.130772 -0.402228 0.012507
462.412000 0.412618 0.154475 -0.445685 -0.204744 0.099645 0.901096 -0.117622 -0.413082 -0.003521
473.183000 0.401403 0.154880 -0.449203 -0.212127 0.101998 0.948831 -0.100933 -0.423825 -0.017689
484.204000 0.390195 0.155189 -0.452100 -0.219556 0.104389 0.999448 -0.083247 -0.435001 -0.033177
495.483000 0.379069 0.155421 -0.454432 -0.227046 0.106836 1.053580 -0.065402 -0.447160 -0.050515
507.024000 0.367973 0.155548 -0.456074 -0.234534 0.109281 1.109850 -0.044651 -0.458349 -0.068382
518.834000 0.356931 0.155567 -0.456935 -0.241966 0.111685 1.169520 -0.023598 -0.471010 -0.088047
530.920000 0.346044 0.155508 -0.457053 -0.249361 0.114118 1.231800 0.000600 -0.483445 -0.107308
543.286000 0.335329 0.155328 -0.455799 -0.256607 0.117304 1.297500 0.036683 -0.495011 -0.116857
555.941000 0.324891 0.155062 -0.453202 -0.263699 0.121218 1.368040 0.081447 -0.503814 -0.124030
568.891000 0.314700 0.154700 -0.449349 -0.270538 0.125388 1.443610 0.128579 -0.509460 -0.137683
582.142000 0.304760 0.154250 -0.444380 -0.277076 0.129486 1.524250 0.173880 -0.512731 -0.160682
595.702000 0.295067 0.153715 -0.438414 -0.283266 0.133235 1.609610 0.215421 -0.515615 -0.192912
609.577000 0.285584 0.153081 -0.431506 -0.289040 0.136410 1.698820 0.252451 -0.520257 -0.232437
623.776000 0.276327 0.152363 -0.423792 -0.294373 0.138836 1.790410 0.285754 -0.527373 -0.277107
638.306000 0.267275 0.151553 -0.415351 -0.299241 0.140437 1.883920 0.315701 -0.539317 -0.324690
653.174000 0.258462 0.150675 -0.406324 -0.303664 0.141148 1.978400 0.343735 -0.557148 -0.373664
668.388000 0.249841 0.149706 -0.396702 -0.307546 0.140847 2.071470 0.371477 -0.580323 -0.422723
683.957000 0.241414 0.148651 -0.386584 -0.310900 0.139559 2.162440 0.400122 -0.609140 -0.471299
699.888000 0.233173 0.147510 -0.376027 -0.313705 0.137265 2.249890 0.431105 -0.642850 -0.519295
716.191000 0.225134 0.146297 -0.365122 -0.315979 0.134004 2.333000 0.465395 -0.681187 -0.566934
732.873000 0.217295 0.145012 -0.353933 -0.317725 0.129814 2.410790 0.504003 -0.722880 -0.614796
749.944000 0.209638 0.143653 -0.342482 -0.318909 0.124710 2.481830 0.547667 -0.766378 -0.663496
767.412000 0.202157 0.142214 -0.330827 -0.319546 0.118772 2.545630 0.596792 -0.810558 -0.713830
785.288000 0.194864 0.140709 -0.319024 -0.319641 0.112048 2.601030 0.651720 -0.852936 -0.766064
803.579000 0.187735 0.139125 -0.307088 -0.319173 0.104599 2.647320 0.712364 -0.892404 -0.820833
822.297000 0.180771 0.137466 -0.295064 -0.318151 0.096500 2.683840 0.778478 -0.927014 -0.878161
841.451000 0.173959 0.135724 -0.282968 -0.316556 0.087814 2.709820 0.849651 -0.955072 -0.938012
861.051000 0.167316 0.133914 -0.270869 -0.314436 0.078637 2.725290 0.925295 -0.975463 -1.000240
881.107000 0.160831 0.132034 -0.258788 -0.311784 0.069045 2.729810 1.004620 -0.986707 -1.064180
901.631000 0.154490 0.130072 -0.246729 -0.308583 0.059104 2.722890 1.086710 -0.987631 -1.129060
922.633000 0.148311 0.128049 -0.234761 -0.304891 0.048914 2.704930 1.170580 -0.977556 -1.193850
944.123000 0.142271 0.125947 -0.222873 -0.300679 0.038545 2.675630 1.255070 -0.955748 -1.257280
966.115000 0.136375 0.123774 -0.211105 -0.295975 0.028078 2.635170 1.339050 -0.921759 -1.317980
988.619000 0.130618 0.121527 -0.199472 -0.290783 0.017591 2.583650 1.421220 -0.875352 -1.374240
1011.650000 0.125006 0.119215 -0.188014 -0.285144 0.007166 2.521770 1.500550 -0.816992 -1.424940
1035.210000 0.119526 0.116831 -0.176730 -0.279044 -0.003132 2.449370 1.575580 -0.746509 -1.467840
1059.320000 0.114178 0.114374 -0.165644 -0.272507 -0.013226 2.367140 1.645170 -0.664781 -1.501710
1084.000000 0.108953 0.111841 -0.154767 -0.265539 -0.023044 2.275650 1.708190 -0.572765 -1.525250
1109.250000 0.103856 0.109236 -0.144125 -0.258166 -0.032519 2.175340 1.763340 -0.471246 -1.536580
1135.090000 0.098880 0.106557 -0.133725 -0.250399 -0.041587 2.066900 1.809570 -0.361544 -1.534490
1161.530000 0.094031 0.103813 -0.123599 -0.242276 -0.050184 1.951230 1.845920 -0.245228 -1.517990
1188.580000 0.089306 0.101001 -0.113759 -0.233820 -0.058253 1.829260 1.871650 -0.124017 -1.486610
1216.270000 0.084693 0.098113 -0.104205 -0.225026 -0.065731 1.701630 1.885750 0.000315 -1.439600
1244.600000 0.080195 0.095154 -0.094962 -0.215938 -0.072570 1.569490 1.887760 0.125744 -1.377130
1273.590000 0.075807 0.092121 -0.086037 -0.206567 -0.078716 1.433800 1.877150 0.250230 -1.299420
1303.250000 0.071536 0.089023 -0.077455 -0.196960 -0.084132 1.295670 1.853610 0.371735 -1.206890
1333.610000 0.067374 0.085856 -0.069222 -0.187139 -0.088775 1.156280 1.817100 0.488026 -1.100860
1364.670000 0.063323 0.082623 -0.061355 -0.177140 -0.092614 1.016820 1.767740 0.597036 -0.982816
1396.460000 0.059378 0.079323 -0.053862 -0.166990 -0.095619 0.878474 1.705810 0.696721 -0.854597
1428.990000 0.055546 0.075967 -0.046763 -0.156743 -0.097775 0.742580 1.631940 0.785143 -0.718494
1462.270000 0.051826 0.072557 -0.040068 -0.146440 -0.099073 0.610365 1.546920 0.860635 -0.577049
1496.330000 0.048216 0.069096 -0.033787 -0.136118 -0.099506 0.483052 1.451700 0.921655 -0.433101
1531.190000 0.044723 0.065598 -0.027934 -0.125841 -0.099092 0.361872 1.347640 0.967117 -0.289634
1566.850000 0.041352 0.062077 -0.022518 -0.115670 -0.097864 0.247962 1.236340 0.996360 -0.149766
1603.350000 0.038108 0.058547 -0.017541 -0.105659 -0.095860 0.142255 1.119430 1.009070 -0.016384
1640.700000 0.035001 0.055033 -0.013008 -0.095881 -0.093149 0.045562 0.998736 1.005430 0.107796
1678.920000 0.032045 0.051565 -0.008917 -0.086413 -0.089814 -0.041430 0.876375 0.986174 0.220188
1718.020000 0.029248 0.048168 -0.005263 -0.077318 -0.085939 -0.118296 0.754198 0.952215 0.318641
1758.040000 0.026621 0.044869 -0.002034 -0.068659 -0.081618 -0.184745 0.634202 0.904965 0.401308
1798.990000 0.024163 0.041682 0.000784 -0.060469 -0.076928 -0.240673 0.518032 0.845863 0.466792
1840.890000 0.021875 0.038620 0.003211 -0.052780 -0.071949 -0.286114 0.407308 0.776677 0.514158
1883.770000 0.019749 0.035682 0.005263 -0.045604 -0.066739 -0.321169 0.303430 0.699241 0.542904
1927.650000 0.017777 0.032866 0.006961 -0.038945 -0.061358 -0.346040 0.207706 0.615619 0.553082
1972.550000 0.015946 0.030159 0.008320 -0.032800 -0.055855 -0.361021 0.121285 0.528047 0.545387
2018.500000 0.014237 0.027543 0.009356 -0.027154 -0.050267 -0.366432 0.045128 0.438742 0.520993
2065.520000 0.012644 0.025013 0.010082 -0.022014 -0.044656 -0.362821 -0.019858 0.350282 0.481905
2113.630000 0.011151 0.022552 0.010509 -0.017373 -0.039072 -0.350752 -0.072999 0.265121 0.430585
2162.860000 0.009751 0.020154 0.010646 -0.013243 -0.033586 -0.331019 -0.113729 0.185943 0.370266
2213.240000 0.008437 0.017813 0.010501 -0.009637 -0.028275 -0.304589 -0.141807 0.115268 0.304677
2264.790000 0.007204 0.015527 0.010085 -0.006567 -0.023226 -0.272706 -0.157424 0.055333 0.237936
2317.550000 0.006050 0.013305 0.009415 -0.004046 -0.018538 -0.236943 -0.161345 0.007822 0.174235
2371.530000 0.004979 0.011161 0.008523 -0.002078 -0.014309 -0.199148 -0.155023 -0.026469 0.117313
2426.770000 0.003997 0.009123 0.007452 -0.000642 -0.010620 -0.161297 -0.140542 -0.047825 0.069942
2483.300000 0.003114 0.007231 0.006271 0.000307 -0.007531 -0.125376 -0.120534 -0.057675 0.033563
2541.140000 0.002342 0.005527 0.005056 0.000840 -0.005058 -0.093031 -0.097711 -0.058239 0.008292
2600.330000 0.001689 0.004048 0.003885 0.001044 -0.003182 -0.065471 -0.074628 -0.052197 -0.006859
2660.900000 0.001160 0.002818 0.002824 0.001014 -0.001849 -0.043365 -0.053406 -0.042331 -0.013730
2722.880000 0.000750 0.001848 0.001925 0.000846 -0.000972 -0.026777 -0.035546 -0.031233 -0.014750
2786.310000 0.000453 0.001129 0.001218 0.000622 -0.000449 -0.015246 -0.021797 -0.020917 -0.012387
2851.210000 0.000252 0.000635 0.000707 0.000406 -0.000171 -0.007887 -0.012168 -0.012631 -0.008776
2917.620000 0.000127 0.000323 0.000371 0.000235 -0.000045 -0.003630 -0.006080 -0.006791 -0.005345
2985.580000 0.000056 0.000146 0.000172 0.000119 0.000000 -0.001434 -0.002641 -0.003168 -0.002769
3055.120000 0.000021 0.000055 0.000067 0.000050 0.000008 -0.000459 -0.000951 -0.001227 -0.001177
3126.290000 0.000006 0.000017 0.000021 0.000017 0.000005 -0.000107 -0.000262 -0.000365 -0.000382
3199.110000 0.000001 0.000003 0.000004 0.000004 0.000002 -0.000015 -0.000047 -0.000073 -0.000083
3273.620000 0.000000 0.000000 0.000000 0.000000 0.000000 -0.000001 -0.000004 -0.000007 -0.000009
3349.880000 0.000000 0.000000 0.000000 0.000000 0.000000 0.000000 -0.000000 -0.000000 -0.000000
3427.910000 0.000000 0.000000 0.000000 0.000000 0.000000 0.000000 -0.000000 -0.000000 -0.000000
3507.750000 0.000000 0.000000 0.000000 0.000000 0.000000 0.000000 0.000000 0.000000 0.000000
3589.460000 0.000000 0.000000 0.000000 0.000000 0.000000 0.000000 0.000000 0.000000 0.000000
3673.070000 0.000000 0.000000 0.000000 0.000000 0.000000 0.000000 0.000000 0.000000 0.000000
3758.620000 0.000000 0.000000 0.000000 0.000000 0.000000 0.000000 0.000000 0.000000 0.000000
3846.170000 0.000000 0.000000 0.000000 0.000000 0.000000 0.000000 0.000000 0.000000 0.000000
3935.760000 0.000000 0.000000 0.000000 0.000000 0.000000 0.000000 0.000000 0.000000 0.000000
4027.440000 0.000000 0.000000 0.000000 0.000000 0.000000 0.000000 0.000000 0.000000 0.000000
4121.250000 0.000000 0.000000 0.000000 0.000000 0.000000 0.000000 0.000000 0.000000 0.000000
4217.240000 0.000000 0.000000 0.000000 0.000000 0.000000 0.000000 0.000000 0.000000 0.000000
4315.480000 0.000000 0.000000 0.000000 0.000000 0.000000 0.000000 0.000000 0.000000 0.000000
4416.000000 0.000000 0.000000 0.000000 0.000000 0.000000 0.000000 0.000000 0.000000 0.000000
4518.860000 0.000000 0.000000 0.000000 0.000000 0.000000 0.000000 0.000000 0.000000 0.000000
4624.120000 0.000000 0.000000 0.000000 0.000000 0.000000 0.000000 0.000000 0.000000 0.000000
4731.830000 0.000000 0.000000 0.000000 0.000000 0.000000 0.000000 0.000000 0.000000 0.000000
4842.040000 0.000000 0.000000 0.000000 0.000000 0.000000 0.000000 0.000000 0.000000 0.000000
4954.830000 0.000000 0.000000 0.000000 0.000000 0.000000 0.000000 0.000000 0.000000 0.000000
5070.240000 0.000000 0.000000 0.000000 0.000000 0.000000 0.000000 0.000000 0.000000 0.000000
5188.340000 0.000000 0.000000 0.000000 0.000000 0.000000 0.000000 0.000000 0.000000 0.000000
5309.200000 0.000000 0.000000 0.000000 0.000000 0.000000 0.000000 0.000000 0.000000 0.000000
5432.860000 0.000000 0.000000 0.000000 0.000000 0.000000 0.000000 0.000000 0.000000 0.000000
5559.410000 0.000000 0.000000 0.000000 0.000000 0.000000 0.000000 0.000000 0.000000 0.000000
5688.910000 0.000000 0.000000 0.000000 0.000000 0.000000 0.000000 0.000000 0.000000 0.000000
5821.420000 0.000000 0.000000 0.000000 0.000000 0.000000 0.000000 0.000000 0.000000 0.000000
5957.020000 0.000000 0.000000 0.000000 0.000000 0.000000 0.000000 0.000000 0.000000 0.000000
6095.770000 0.000000 0.000000 0.000000 0.000000 0.000000 0.000000 0.000000 0.000000 0.000000
6237.760000 0.000000 0.000000 0.000000 0.000000 0.000000 0.000000 0.000000 0.000000 0.000000
6383.060000 0.000000 0.000000 0.000000 0.000000 0.000000 0.000000 0.000000 0.000000 0.000000
6531.740000 0.000000 0.000000 0.000000 0.000000 0.000000 0.000000 0.000000 0.000000 0.000000
6683.880000 0.000000 0.000000 0.000000 0.000000 0.000000 0.000000 0.000000 0.000000 0.000000
6839.570000 0.000000 0.000000 0.000000 0.000000 0.000000 0.000000 0.000000 0.000000 0.000000
6998.880000 0.000000 0.000000 0.000000 0.000000 0.000000 0.000000 0.000000 0.000000 0.000000
7161.910000 0.000000 0.000000 0.000000 0.000000 0.000000 0.000000 0.000000 0.000000 0.000000
7328.730000 0.000000 0.000000 0.000000 0.000000 0.000000 0.000000 0.000000 0.000000 0.000000
7499.440000 0.000000 0.000000 0.000000 0.000000 0.000000 0.000000 0.000000 0.000000 0.000000
7674.120000 0.000000 0.000000 0.000000 0.000000 0.000000 0.000000 0.000000 0.000000 0.000000
7852.880000 0.000000 0.000000 0.000000 0.000000 0.000000 0.000000 0.000000 0.000000 0.000000
8035.790000 0.000000 0.000000 0.000000 0.000000 0.000000 0.000000 0.000000 0.000000 0.000000
8222.970000 0.000000 0.000000 0.000000 0.000000 0.000000 0.000000 0.000000 0.000000 0.000000
8414.510000 0.000000 0.000000 0.000000 0.000000 0.000000 0.000000 0.000000 0.000000 0.000000
8610.510000 0.000000 0.000000 0.000000 0.000000 0.000000 0.000000 0.000000 0.000000 0.000000
8811.070000 0.000000 0.000000 0.000000 0.000000 0.000000 0.000000 0.000000 0.000000 0.000000
9016.310000 0.000000 0.000000 0.000000 0.000000 0.000000 0.000000 0.000000 0.000000 0.000000
9226.330000 0.000000 0.000000 0.000000 0.000000 0.000000 0.000000 0.000000 0.000000 0.000000
9441.230000 0.000000 0.000000 0.000000 0.000000 0.000000 0.000000 0.000000 0.000000 0.000000
9661.150000 0.000000 0.000000 0.000000 0.000000 0.000000 0.000000 0.000000 0.000000 0.000000
9886.190000 0.000000 0.000000 0.000000 0.000000 0.000000 0.000000 0.000000 0.000000 0.000000
