s W0 W1 W2 W3 W4 W5 W6 W7 W8
0.101165 1.000000 0.000000 0.000000 0.000000 0.000000 0.000000 0.000000 0.000000 0.000000
0.103521 1.000000 0.000000 0.000000 0.000000 0.000000 0.000000 0.000000 0.000000 0.000000
0.105932 1.000000 0.000000 0.000000 0.000000 0.000000 0.000000 0.000000 0.000000 0.000000
0.108400 1.000000 0.000000 0.000000 0.000000 0.000000 0.000000 0.000000 0.000000 0.000000
0.110925 1.000000 0.000000 0.000000 0.000000 0.000000 0.000000 0.000000 0.000000 0.000000
0.113509 1.000000 0.000000 0.000000 0.000000 0.000000 0.000000 0.000000 0.000000 0.000000
0.116153 1.000000 0.000000 0.000000 0.000000 0.000000 0.000000 0.000000 0.000000 0.000000
0.118858 1.000000 0.000000 0.000000 0.000000 0.000000 0.000000 0.000000 0.000000 0.000000
0.121627 1.000000 0.000000 0.000000 0.000000 0.000000 0.000000 0.000000 0.000000 0.000000
0.124460 1.000000 0.000000 0.000000 0.000000 0.000000 0.000000 0.000000 0.000000 0.000000
0.127359 1.000000 0.000000 0.000000 0.000000 0.000000 0.000000 0.000000 0.000000 0.000000
0.130325 1.000000 0.000000 0.000000 0.000000 0.000000 0.000000 0.000000 0.000000 0.000000
0.133361 1.000000 0.000000 0.000000 0.000000 0.000000 0.000000 0.000000 0.000000 0.000000
0.136467 1.000000 0.000000 0.000000 0.000000 0.000000 0.000000 0.000000 0.000000 0.000000
0.139646 1.000000 0.000000 0.000000 0.000000 0.000000 0.000000 0.000000 0.000000 0.000000
0.142899 1.000000 0.000000 0.000000 0.000000 0.000000 0.000000 0.000000 0.000000 0.000000
0.146227 1.000000 0.000000 0.000000 0.000000 0.000000 0.000000 0.000000 0.000000 0.000000
0.149633 1.000000 0.000000 0.000000 0.000000 0.000000 0.000000 0.000000 0.000000 0.000000
0.153119 1.000000 0.000000 0.000000 0.000000 0.000000 0.000000 0.000000 0.000000 0.000000
0.156685 1.000000 0.000000 0.000000 0.000000 0.000000 0.000000 0.000000 0.000000 0.000000
0.160335 1.000000 0.000000 0.000000 0.000000 0.000000 0.000000 0.000000 0.000000 0.000000
0.164070 1.000000 0.000000 0.000000 0.000000 0.000000 0.000000 0.000000 0.000000 0.000000
0.167892 1.000000 0.000000 0.000000 0.000000 0.000000 0.000000 0.000000 0.000000 0.000000
0.171802 1.000000 0.000000 0.000000 0.000000 0.000000 0.000000 0.000000 0.000000 0.000000
0.175804 1.000000 0.000000 0.000000 0.000000 0.000000 0.000000 0.000000 0.000000 0.000000
0.179899 1.000000 0.000000 0.000000 0.000000 0.000000 0.000000 0.000000 0.000000 0.000000
0.184089 1.000000 0.000000 0.000000 0.000000 0.000000 0.000000 0.000000 0.000000 0.000000
0.188377 1.000000 0.000000 0.000000 0.000000 0.000000 0.000000 0.000000 0.000000 0.000000
0.192765 1.000000 0.000000 0.000000 0.000000 0.000000 0.000000 0.000000 0.000000 0.000000
0.197255 1.000000 0.000000 0.000000 0.000000 0.000000 0.000000 0.000000 0.000000 0.000000
0.201850 1.000000 0.000000 0.000000 0.000000 0.000000 0.000000 0.000000 0.000000 0.000000
0.206552 1.000000 0.000000 0.000000 0.000000 0.000000 0.000000 0.000000 0.000000 0.000000
0.211363 1.000000 0.000000 0.000000 0.000000 0.000000 0.000000 0.000000 0.000000 0.000000
0.216286 1.000000 0.000000 0.000000 0.000000 0.000000 0.000000 0.000000 0.000000 0.000000
0.221324 1.000000 0.000000 0.000000 0.000000 0.000000 0.000000 0.000000 0.000000 0.000000
0.226479 1.000000 0.000000 0.000000 0.000000 0.000000 0.000000 0.000000 0.000000 0.000000
0.231755 1.000000 0.000000 0.000000 0.000000 0.000000 0.000000 0.000000 0.000000 0.000000
0.237153 1.000000 0.000000 0.000000 0.000000 0.000000 0.000000 0.000000 0.000000 0.000000
0.242677 1.000000 0.000000 0.000000 0.000000 0.000000 0.000000 0.000000 0.000000 0.000000
0.248330 1.000000 0.000000 0.000000 0.000000 0.000000 0.000000 0.000000 0.000000 0.000000
0.254114 1.000000 0.000000 0.000000 0.000000 0.000000 0.000000 0.000000 0.000000 0.000000
0.260033 1.000000 0.000000 0.000000 0.000000 0.000000 0.000000 0.000000 0.000000 0.000000
0.266090 1.000000 0.000000 0.000000 0.000000 0.000000 0.000000 0.000000 0.000000 0.000000
0.272288 1.000000 0.000000 0.000000 0.000000 0.000000 0.000000 0.000000 0.000000 0.000000
0.278631 1.000000 0.000000 0.000000 0.000000 0.000000 0.000000 0.000000 0.000000 0.000000
0.285121 1.000000 0.000000 0.000000 0.000000 0.000000 0.000000 0.000000 0.000000 0.000000
0.291762 1.000000 0.000000 0.000000 0.000000 0.000000 0.000000 0.000000 0.000000 0.000000
0.298558 1.000000 0.000000 0.000000 0.000000 0.000000 0.000000 0.000000 0.000000 0.000000
0.305512 1.000000 0.000000 0.000000 0.000000 0.000000 0.000000 0.000000 0.000000 0.000000
0.312629 1.000000 0.000000 0.000000 0.000000 0.000000 0.000000 0.000000 0.000000 0.000000
0.319911 1.000000 0.000000 0.000000 0.000000 0.000000 0.000000 0.000000 0.000000 0.000000
0.327362 1.000000 0.000000 0.000000 0.000000 0.000000 0.000000 0.000000 0.000000 0.000000
0.334988 1.000000 0.000000 0.000000 0.000000 0.000000 0.000000 0.000000 0.000000 0.000000
0.342791 1.000000 0.000000 0.000000 0.000000 0.000000 0.000000 0.000000 0.000000 0.000000
0.350775 1.000000 0.000000 0.000000 0.000000 0.000000 0.000000 0.000000 0.000000 0.000000
0.358946 1.000000 0.000000 0.000000 0.000000 0.000000 0.000000 0.000000 0.000000 0.000000
0.367307 1.000000 0.000000 0.000000 0.000000 0.000000 0.000000 0.000000 0.000000 0.000000
0.375862 1.000000 0.000000 0.000000 0.000000 0.000000 0.000000 0.000000 0.000000 0.000000
0.384617 1.000000 0.000000 0.000000 0.000000 0.000000 0.000000 0.000000 0.000000 0.000000
0.393576 1.000000 0.000000 0.000000 0.000000 0.000000 0.000000 0.000000 0.000000 0.000000
0.402744 1.000000 0.000000 0.000000 0.000000 0.000000 0.000000 0.000000 0.000000 0.000000
0.412125 1.000000 0.000000 0.000000 0.000000 0.000000 0.000000 0.000000 0.000000 0.000000
0.421724 1.000000 0.000000 0.000000 0.000000 0.000000 0.000000 0.000000 0.000000 0.000000
0.431548 1.000000 0.000000 0.000000 0.000000 0.000000 0.000000 0.000000 0.000000 0.000000
0.441600 1.000000 0.000000 0.000000 0.000000 0.000000 0.000000 0.000000 0.000000 0.000000
0.451886 1.000000 0.000000 0.000000 0.000000 0.000000 0.000000 0.000000 0.000000 0.000000
0.462412 1.000000 0.000000 0.000000 0.000000 0.000000 0.000000 0.000000 0.000000 0.000000
0.473183 1.000000 0.000000 0.000000 0.000000 0.000000 0.000000 0.000000 0.000000 0.000000
0.484204 1.000000 0.000000 0.000000 0.000000 0.000000 0.000000 0.000000 0.000000 0.000000
0.495483 1.000000 0.000000 0.000000 0.000000 0.000000 0.000000 0.000000 0.000000 0.000000
0.507024 1.000000 0.000000 0.000000 0.000000 0.000000 0.000000 0.000000 0.000000 0.000000
0.518834 1.000000 0.000000 0.000000 0.000000 0.000000 0.000000 0.000000 0.000000 0.000000
0.530920 1.000000 0.000000 0.000000 0.000000 0.000000 0.000000 0.000000 0.000000 0.000000
0.543286 1.000000 0.000000 0.000000 0.000000 0.000000 0.000000 0.000000 0.000000 0.000000
0.555941 1.000000 0.000000 0.000000 0.000000 0.000000 0.000000 0.000000 0.000000 0.000000
0.568891 1.000000 0.000000 0.000000 0.000000 0.000000 0.000000 0.000000 0.000000 0.000000
0.582142 1.000000 0.000000 0.000000 0.000000 0.000000 0.000000 0.000000 0.000000 0.000000
0.595702 1.000000 0.000000 0.000000 0.000000 0.000000 0.000000 0.000000 0.000000 0.000000
0.609577 1.000000 0.000000 0.000000 0.000000 0.000000 0.000000 0.000000 0.000000 0.000000
0.623776 1.000000 0.000000 0.000000 0.000000 0.000000 0.000000 0.000000 0.000000 0.000000
0.638306 1.000000 0.000000 0.000000 0.000000 0.000000 0.000000 0.000000 0.000000 0.000000
0.653174 1.000000 0.000000 0.000000 0.000000 0.000000 0.000000 0.000000 0.000000 0.000000
0.668388 1.000000 0.000000 0.000000 0.000000 0.000000 0.000000 0.000000 0.000000 0.000000
0.683957 1.000000 0.000000 0.000000 0.000000 0.000000 0.000000 0.000000 0.000000 0.000000
0.699888 1.000000 0.000000 0.000000 0.000000 0.000000 0.000000 0.000000 0.000000 0.000000
0.716191 1.000000 0.000000 0.000000 0.000000 0.000000 0.000000 0.000000 0.000000 0.000000
0.732873 1.000000 0.000000 0.000000 0.000000 0.000000 0.000000 0.000000 0.000000 0.000000
0.749944 1.000000 0.000000 0.000000 0.000000 0.000000 0.000000 0.000000 0.000000 0.000000
0.767412 1.000000 0.000000 0.000000 0.000000 0.000000 0.000000 0.000000 0.000000 0.000000
0.785288 1.000000 0.000000 0.000000 0.000000 0.000000 0.000000 0.000000 0.000000 0.000000
0.803579 1.000000 0.000000 0.000000 0.000000 0.000000 0.000000 0.000000 0.000000 0.000000
0.822297 1.000000 0.000000 0.000000 0.000000 0.000000 0.000000 0.000000 0.000000 0.000000
0.841451 1.000000 0.000000 0.000000 0.000000 0.000000 0.000000 0.000000 0.000000 0.000000
0.861051 1.000000 0.000000 0.000000 0.000000 0.000000 0.000000 0.000000 0.000000 0.000000
0.881107 1.000000 0.000000 0.000000 0.000000 0.000000 0.000000 0.000000 0.000000 0.000000
0.901631 1.000000 0.000000 0.000000 0.000000 0.000000 0.000000 0.000000 0.000000 0.000000
0.922633 1.000000 0.000000 0.000000 0.000000 0.000000 0.000000 0.000000 0.000000 0.000000
0.944123 1.000000 0.000000 0.000000 0.000000 0.000000 0.000000 0.000000 0.000000 0.000000
0.966115 1.000000 0.000000 0.000000 0.000000 0.000000 0.000000 0.000000 0.000000 0.000000
0.988619 1.000000 0.000000 0.000000 0.000000 0.000000 0.000000 0.000000 0.000000 0.000000
1.011650 1.000000 0.000000 0.000000 0.000000 0.000000 0.000000 0.000000 0.000000 0.000000
1.035210 1.000000 0.000000 0.000000 0.000000 0.000000 0.000000 0.000000 0.000000 0.000000
1.059320 1.000000 0.000000 0.000000 0.000000 0.000000 0.000000 0.000000 0.000000 0.000000
1.084000 1.000000 0.000000 0.000000 0.000000 0.000000 0.000000 0.000000 0.000000 0.000000
1.109250 1.000000 0.000000 0.000000 0.000000 0.000000 0.000000 0.000000 0.000000 0.000000
1.135090 1.000000 0.000000 0.000000 0.000000 0.000000 0.000000 0.000000 0.000000 0.000000
1.161530 1.000000 0.000000 0.000000 0.000000 0.000000 0.000000 0.000000 0.000000 0.000000
1.188580 1.000000 0.000000 0.000000 0.000000 0.000000 0.000000 0.000000 0.000000 0.000000
1.216270 1.000000 0.000000 0.000000 0.000000 0.000000 0.000000 0.000000 0.000000 0.000000
1.244600 1.000000 0.000000 0.000000 0.000000 0.000000 0.000000 0.000000 0.000000 0.000000
1.273590 1.000000 0.000000 0.000000 0.000000 0.000000 0.000000 0.000000 0.000000 0.000000
1.303250 1.000000 0.000000 0.000000 0.000000 0.000000 0.000000 0.000000 0.000000 0.000000
1.333610 1.000000 0.000000 0.000000 0.000000 0.000000 0.000000 0.000000 0.000000 0.000000
1.364670 1.000000 0.000000 0.000000 0.000000 0.000000 0.000000 0.000000 0.000000 0.000000
1.396460 1.000000 0.000000 0.000000 0.000000 0.000000 0.000000 0.000000 0.000000 0.000000
1.428990 1.000000 0.000000 0.000000 0.000000 0.000000 0.000000 0.000000 0.000000 0.000000
1.462270 1.000000 0.000000 0.000000 0.000000 0.000000 0.000000 0.000000 0.000000 0.000000
1.496330 1.000000 0.000000 0.000000 0.000000 0.000000 0.000000 0.000000 0.000000 0.000000
1.531190 1.000000 0.000000 0.000000 0.000000 0.000000 0.000000 0.000000 0.000000 0.000000
1.566850 1.000000 0.000000 0.000000 0.000000 0.000000 0.000000 0.000000 0.000000 0.000000
1.603350 1.000000 0.000000 0.000000 0.000000 0.000000 0.000000 0.000000 0.000000 0.000000
1.640700 1.000000 0.000000 0.000000 0.000000 0.000000 0.000000 0.000000 0.000000 0.000000
1.678920 1.000000 0.000000 0.000000 0.000000 0.000000 0.000000 0.000000 0.000000 0.000000
1.718020 1.000000 0.000000 0.000000 0.000000 0.000000 0.000000 0.000000 0.000000 0.000000
1.758040 1.000000 0.000000 0.000000 0.000000 0.000000 0.000000 0.000000 0.000000 0.000000
1.798990 1.000000 0.000000 0.000000 0.000000 0.000000 0.000000 0.000000 0.000000 0.000000
1.840890 1.000000 0.000000 0.000000 0.000000 0.000000 0.000000 0.000000 0.000000 0.000000
1.883770 1.000000 0.000000 0.000000 0.000000 0.000000 0.000000 0.000000 0.000000 0.000000
1.927650 1.000000 0.000000 0.000000 0.000000 0.000000 0.000000 0.000000 0.000000 0.000000
1.972550 1.000000 0.000000 0.000000 0.000000 0.000000 0.000000 0.000000 0.000000 0.000000
2.018500 1.000000 0.000000 0.000000 0.000000 0.000000 0.000000 0.000000 0.000000 0.000000
2.065520 1.000000 0.000000 0.000000 0.000000 0.000000 0.000000 0.000000 0.000000 0.000000
2.113630 1.000000 0.000000 0.000000 0.000000 0.000000 0.000000 0.000000 0.000000 0.000000
2.162860 1.000000 0.000000 0.000000 0.000000 0.000000 0.000000 0.000000 0.000000 0.000000
2.213240 1.000000 0.000000 0.000000 0.000000 0.000000 0.000000 0.000000 0.000000 0.000000
2.264790 1.000000 0.000000 0.000000 0.000000 0.000000 0.000000 0.000000 0.000000 0.000000
2.317550 1.000000 0.000000 0.000000 0.000000 0.000000 0.000000 0.000000 0.000000 0.000000
2.371530 1.000000 0.000000 0.000000 0.000000 0.000000 0.000000 0.000000 0.000000 0.000000
2.426770 1.000000 0.000000 0.000000 0.000000 0.000000 0.000000 0.000000 0.000000 0.000000
2.483300 1.000000 0.000000 0.000000 0.000000 0.000000 0.000000 0.000000 0.000000 0.000000
2.541140 1.000000 0.000000 0.000000 0.000000 0.000000 0.000000 0.000000 0.000000 0.000000
2.600330 1.000000 0.000000 0.000000 0.000000 0.000000 0.000000 0.000000 0.000000 0.000000
2.660900 1.000000 0.000000 0.000000 0.000000 0.000000 0.000000 0.000000 0.000000 0.000000
2.722880 1.000000 0.000000 0.000000 0.000000 0.000000 0.000000 0.000000 0.000000 0.000000
2.786310 1.000000 0.000000 0.000000 0.000000 0.000000 0.000000 0.000000 0.000000 0.000000
2.851210 1.000000 0.000000 0.000000 0.000000 0.000000 0.000000 0.000000 0.000000 0.000000
2.917620 1.000000 0.000000 0.000000 0.000000 0.000000 0.000000 0.000000 0.000000 0.000000
2.985580 1.000000 0.000000 0.000000 0.000000 0.000000 0.000000 0.000000 0.000000 0.000000
3.055120 1.000000 0.000000 0.000000 0.000000 0.000000 0.000000 0.000000 0.000000 0.000000
3.126290 1.000000 0.000000 0.000000 0.000000 0.000000 0.000000 0.000000 0.000000 0.000000
3.199110 1.000000 0.000000 0.000000 0.000000 0.000000 0.000000 0.000000 0.000000 0.000000
3.273620 1.000000 0.000000 0.000000 0.000000 0.000000 0.000000 0.000000 0.000000 0.000000
3.349880 1.000000 0.000000 0.000000 0.000000 0.000000 0.000000 0.000000 0.000000 0.000000
3.427910 1.000000 0.000000 0.000000 0.000000 0.000000 0.000000 0.000000 0.000000 0.000000
3.507750 1.000000 0.000000 0.000000 0.000000 0.000000 0.000000 0.000000 0.000000 0.000000
3.589460 1.000000 0.000000 0.000000 0.000000 0.000000 0.000000 0.000000 0.000000 0.000000
3.673070 1.000000 0.000000 0.000000 0.000000 0.000000 0.000000 0.000000 0.000000 0.000000
3.758620 1.000000 0.000000 0.000000 0.000000 0.000000 0.000000 0.000000 0.000000 0.000000
3.846170 1.000000 0.000000 0.000000 0.000000 0.000000 0.000000 0.000000 0.000000 0.000000
3.935760 1.000000 0.000000 0.000000 0.000000 0.000000 0.000000 0.000000 0.000000 0.000000
4.027440 1.000000 0.000000 0.000000 0.000000 0.000000 0.000000 0.000000 0.000000 0.000000
4.121250 1.000000 0.000000 0.000000 0.000000 0.000000 0.000000 0.000000 0.000000 0.000000
4.217240 1.000000 0.000000 0.000000 0.000000 0.000000 0.000000 0.000000 0.000000 0.000000
4.315480 1.000000 0.000000 0.000000 0.000000 0.000000 0.000000 0.000000 0.000000 0.000000
4.416000 1.000000 0.000000 0.000000 0.000000 0.000000 0.000000 0.000000 0.000000 0.000000
4.518860 1.000000 0.000000 0.000000 0.000000 0.000000 0.000000 0.000000 0.000000 0.000000
4.624120 1.000000 0.000000 0.000000 0.000000 0.000000 0.000000 0.000000 0.000000 0.000000
4.731830 1.000000 0.000000 0.000000 0.000000 0.000000 0.000000 0.000000 0.000000 0.000000
4.842040 1.000000 0.000000 0.000000 0.000000 0.000000 0.000000 0.000000 0.000000 0.000000
4.954830 1.000000 0.000000 0.000000 0.000000 0.000000 0.000000 0.000000 0.000000 0.000000
5.070240 1.000000 0.000000 0.000000 0.000000 0.000000 0.000000 0.000000 0.000000 0.000000
5.188340 1.000000 0.000000 0.000000 0.000000 0.000000 0.000000 0.000000 0.000000 0.000000
5.309200 1.000000 0.000000 0.000000 0.000000 0.000000 0.000000 0.000000 0.000000 0.000000
5.432860 1.000000 0.000000 0.000000 0.000000 0.000000 0.000000 0.000000 0.000000 0.000000
5.559410 1.000000 0.000000 0.000000 0.000000 0.000000 0.000000 0.000000 0.000000 0.000000
5.688910 1.000000 0.000000 0.000000 0.000000 0.000000 0.000000 0.000000 0.000000 0.000000
5.821420 1.000000 0.000000 0.000000 0.000000 0.000000 0.000000 0.000000 0.000000 0.000000
5.957020 1.000000 0.000000 0.000000 0.000000 0.000000 0.000000 0.000000 0.000000 0.000000
6.095770 1.000000 0.000000 0.000000 0.000000 0.000000 0.000000 0.000000 0.000000 0.000000
6.237760 1.000000 0.000000 0.000000 0.000000 0.000000 0.000000 0.000000 0.000000 0.000000
6.383060 1.000000 0.000000 0.000000 0.000000 0.000000 0.000000 0.000000 0.000000 0.000000
6.531740 1.000000 0.000000 0.000000 0.000000 0.000000 0.000000 0.000000 0.000000 0.000000
6.683880 1.000000 0.000000 0.000000 0.000000 0.000000 0.000000 0.000000 0.000000 0.000000
6.839570 1.000000 0.000000 0.000000 0.000000 0.000000 0.000000 0.000000 0.000000 0.000000
6.998880 1.000000 0.000000 0.000000 0.000000 0.000000 0.000000 0.000000 0.000000 0.000000
7.161910 0.996088 0.007197 0.007019 0.000021 0.013201 0.000109 0.003723 0.000044 0.001410
7.328730 0.998574 0.007384 0.007863 0.000023 0.009284 0.000083 0.004955 0.000054 0.001308
7.499440 0.996307 0.007539 0.009376 0.000010 0.017398 0.000132 0.007104 0.000093 0.004184
7.674120 0.994361 0.007704 0.005129 0.000001 0.011772 0.000038 0.010103 0.000084 0.007612
7.852880 0.993608 0.007873 0.007944 0.000036 0.009659 0.000033 0.008677 0.000122 0.002566
8.035790 0.995012 0.008077 0.002225 -0.000011 0.009179 0.000073 0.005435 0.000048 0.003008
8.222970 0.993003 0.008239 0.008460 0.000042 0.010660 0.000101 0.004831 0.000025 0.003514
8.414510 0.992979 0.008430 0.006492 0.000014 0.011601 0.000156 0.000780 -0.000049 0.003584
8.610510 0.993142 0.008635 0.004333 -0.000010 0.012339 0.000137 0.004383 0.000013 0.003038
8.811070 0.991258 0.008820 0.003640 -0.000044 0.016193 0.000227 0.000954 -0.000053 0.005036
9.016310 0.990489 0.009018 0.003029 0.000020 0.005108 0.000023 0.005620 0.000043 0.003596
9.226330 0.989857 0.009222 0.003743 0.000011 0.007774 0.000038 0.008492 -0.000004 0.011173
9.441230 0.988636 0.009423 0.003979 0.000015 0.008226 0.000042 0.006824 0.000048 0.005218
9.661150 0.989197 0.009648 0.003845 -0.000001 0.010258 0.000108 0.005182 0.000008 0.007865
9.886190 0.988210 0.009852 0.008462 0.000065 0.008594 0.000108 0.003771 -0.000037 0.006085
10.116500 0.987260 0.010083 0.003613 0.000014 0.007941 0.000084 0.004617 -0.000037 0.007157
10.352100 0.986334 0.010301 0.006977 0.000037 0.011080 0.000096 0.007596 0.000034 0.008011
10.593200 0.985008 0.010531 0.004949 0.000026 0.009874 0.000128 0.003240 -0.000053 0.006847
10.840000 0.985054 0.010785 0.002924 -0.000011 0.009682 0.000124 0.003852 0.000056 0.001552
11.092500 0.983027 0.011008 0.003611 -0.000011 0.011382 0.000166 0.004041 -0.000030 0.006830
11.350900 0.983027 0.011259 0.006506 0.000033 0.010705 0.000176 0.002004 -0.000123 0.009538
11.615300 0.981022 0.011504 0.003557 -0.000015 0.011835 0.000149 0.006196 0.000048 0.004738
11.885800 0.982842 0.011788 0.004993 0.000011 0.011493 0.000198 0.002642 -0.000042 0.006317
12.162700 0.980810 0.012040 0.004867 0.000036 0.008445 0.000106 0.003960 -0.000072 0.008966
12.446000 0.979005 0.012301 0.003426 -0.000012 0.011556 0.000146 0.005249 0.000078 0.004183
12.735900 0.977969 0.012576 0.003356 0.000009 0.008816 0.000118 0.004616 0.000037 0.005045
13.032500 0.977287 0.012849 0.006051 0.000060 0.008464 0.000146 0.002682 -0.000115 0.009095
13.336100 0.976408 0.013139 0.006378 0.000047 0.010458 0.000232 -0.001151 -0.000179 0.007786
13.646700 0.976229 0.013444 0.005499 0.000046 0.008977 0.000172 0.001616 -0.000103 0.008122
13.964600 0.975266 0.013747 0.004675 -0.000002 0.012905 0.000254 0.002397 -0.000031 0.005405
14.289900 0.974276 0.014048 0.005963 0.000028 0.011676 0.000251 0.002076 -0.000075 0.006541
14.622700 0.973425 0.014374 0.003061 -0.000021 0.012529 0.000302 -0.000290 -0.000116 0.004372
14.963300 0.972530 0.014688 0.005121 0.000029 0.010158 0.000252 -0.000619 -0.000195 0.008143
15.311900 0.971312 0.015011 0.004991 0.000014 0.011948 0.000252 0.002552 -0.000095 0.008173
15.668500 0.970525 0.015353 0.003879 0.000016 0.010301 0.000219 0.001775 -0.000035 0.005092
16.033500 0.969572 0.015690 0.004502 -0.000002 0.013060 0.000319 0.000667 -0.000072 0.004510
16.407000 0.968310 0.016036 0.004502 0.000001 0.012609 0.000312 0.001004 -0.000066 0.004635
16.789200 0.967814 0.016401 0.004643 -0.000011 0.014249 0.000372 0.000403 -0.000117 0.005625
17.180200 0.966796 0.016770 0.003254 -0.000030 0.013800 0.000321 0.002262 0.000020 0.003631
17.580400 0.965556 0.017136 0.004194 0.000004 0.012209 0.000327 0.000381 -0.000152 0.006546
17.989900 0.963856 0.017503 0.004140 -0.000023 0.014244 0.000382 0.001721 -0.000041 0.004123
18.408900 0.962934 0.017896 0.003359 -0.000041 0.014921 0.000393 0.002045 -0.000048 0.005092
18.837700 0.961743 0.018294 0.002570 -0.000055 0.014689 0.000439 -0.000196 -0.000104 0.003890
19.276500 0.960679 0.018697 0.003180 -0.000043 0.014711 0.000408 0.002061 -0.000081 0.005485
19.725500 0.959303 0.019101 0.003612 -0.000014 0.013452 0.000391 0.001419 -0.000067 0.004605
20.185000 0.958060 0.019525 0.002221 -0.000061 0.014645 0.000393 0.003307 -0.000001 0.004800
20.655200 0.956632 0.019949 0.002770 -0.000058 0.015105 0.000491 0.000215 -0.000128 0.004634
21.136300 0.955694 0.020392 0.003445 -0.000033 0.014526 0.000472 0.000703 -0.000140 0.005391
21.628600 0.954787 0.020845 0.003609 -0.000027 0.014402 0.000486 0.000374 -0.000180 0.006116
22.132400 0.953161 0.021304 0.001841 -0.000080 0.014981 0.000502 0.000987 -0.000127 0.005216
22.647900 0.951980 0.021768 0.003186 -0.000058 0.015388 0.000510 0.001991 -0.000111 0.006050
23.175500 0.950218 0.022236 0.002289 -0.000084 0.015726 0.000547 0.001233 -0.000154 0.006673
23.715300 0.949065 0.022729 0.002156 -0.000069 0.014666 0.000504 0.001807 -0.000081 0.005169
24.267700 0.947526 0.023219 0.002172 -0.000093 0.016246 0.000596 0.001446 -0.000145 0.006385
24.833000 0.946582 0.023734 0.002620 -0.000078 0.015732 0.000596 0.000948 -0.000190 0.006824
25.411400 0.944712 0.024242 0.002143 -0.000104 0.016695 0.000635 0.001202 -0.000149 0.006283
26.003300 0.943355 0.024775 0.001389 -0.000127 0.016801 0.000675 0.000494 -0.000225 0.007016
26.609000 0.941612 0.025303 0.001683 -0.000132 0.017461 0.000730 0.000306 -0.000265 0.007403
27.228800 0.940320 0.025859 0.001249 -0.000161 0.018302 0.000747 0.001402 -0.000185 0.007252
27.863100 0.938910 0.026419 0.001323 -0.000148 0.017485 0.000765 0.000452 -0.000201 0.006029
28.512100 0.936951 0.026978 0.001283 -0.000161 0.018500 0.000829 0.000290 -0.000237 0.006527
29.176200 0.935705 0.027573 0.001008 -0.000174 0.018423 0.000833 0.000295 -0.000265 0.007250
29.855800 0.933795 0.028159 0.000839 -0.000180 0.018472 0.000850 0.000626 -0.000234 0.006640
30.551200 0.932210 0.028769 0.000411 -0.000209 0.018824 0.000892 0.000589 -0.000228 0.006385
31.262900 0.930464 0.029383 0.000289 -0.000197 0.018213 0.000886 0.000373 -0.000303 0.007432
31.991100 0.928838 0.030014 0.000546 -0.000214 0.019276 0.000948 0.000644 -0.000259 0.007103
32.736200 0.926913 0.030654 -0.000062 -0.000258 0.019961 0.001021 0.000296 -0.000341 0.007953
33.498800 0.925205 0.031314 -0.000536 -0.000275 0.019891 0.001055 0.000026 -0.000356 0.007805
34.279100 0.923428 0.031981 -0.000476 -0.000295 0.020567 0.001105 0.000335 -0.000342 0.007811
35.077500 0.921524 0.032660 -0.000597 -0.000316 0.021074 0.001167 0.000206 -0.000375 0.008105
35.894600 0.919649 0.033355 -0.000898 -0.000330 0.021141 0.001229 -0.000630 -0.000458 0.008183
36.730700 0.917619 0.034058 -0.001382 -0.000350 0.021226 0.001218 0.000254 -0.000369 0.007761
37.586200 0.915580 0.034777 -0.001553 -0.000393 0.022265 0.001330 -0.000213 -0.000451 0.008358
38.461700 0.913606 0.035513 -0.001929 -0.000426 0.022597 0.001351 0.000326 -0.000360 0.007676
39.357600 0.911632 0.036263 -0.002109 -0.000437 0.022607 0.001406 -0.000032 -0.000428 0.008033
40.274400 0.909516 0.037022 -0.002289 -0.000472 0.023263 0.001509 -0.000484 -0.000507 0.008312
41.212500 0.907248 0.037795 -0.002682 -0.000508 0.023785 0.001594 -0.001001 -0.000582 0.008530
42.172400 0.905197 0.038587 -0.002651 -0.000533 0.024483 0.001657 -0.000560 -0.000499 0.007988
43.154800 0.903050 0.039396 -0.002985 -0.000547 0.024099 0.001661 -0.000419 -0.000562 0.008690
44.160000 0.900610 0.040209 -0.003535 -0.000610 0.024928 0.001778 -0.000722 -0.000624 0.008903
45.188600 0.898512 0.041052 -0.003705 -0.000637 0.025269 0.001817 -0.000345 -0.000621 0.009167
46.241200 0.896097 0.041900 -0.004137 -0.000679 0.025637 0.001901 -0.000625 -0.000642 0.009041
47.318300 0.893768 0.042766 -0.004379 -0.000734 0.026538 0.002014 -0.000728 -0.000643 0.009023
48.420400 0.891199 0.043636 -0.004390 -0.000750 0.026675 0.002070 -0.000660 -0.000700 0.009398
49.548300 0.888953 0.044546 -0.004801 -0.000804 0.027291 0.002159 -0.000588 -0.000673 0.009146
50.702400 0.886306 0.045450 -0.005007 -0.000857 0.028073 0.002280 -0.000804 -0.000760 0.009565
51.883400 0.883746 0.046379 -0.005488 -0.000915 0.028556 0.002363 -0.000554 -0.000757 0.009754
53.092000 0.881235 0.047330 -0.005891 -0.000963 0.028663 0.002451 -0.000928 -0.000872 0.010247
54.328600 0.878570 0.048288 -0.006039 -0.001001 0.029153 0.002550 -0.001111 -0.000884 0.010126
55.594100 0.875889 0.049266 -0.006375 -0.001066 0.029848 0.002687 -0.001404 -0.000924 0.010059
56.889100 0.873098 0.050259 -0.006893 -0.001132 0.030253 0.002785 -0.001414 -0.000975 0.010331
58.214200 0.870343 0.051270 -0.006998 -0.001187 0.030870 0.002913 -0.001501 -0.000993 0.010291
59.570200 0.867474 0.052296 -0.007338 -0.001248 0.031325 0.003039 -0.001722 -0.001059 0.010385
60.957700 0.864645 0.053345 -0.007709 -0.001314 0.031743 0.003129 -0.001417 -0.001068 0.010673
62.377600 0.861733 0.054408 -0.007945 -0.001391 0.032663 0.003306 -0.001674 -0.001147 0.010909
63.830600 0.858627 0.055478 -0.008137 -0.001468 0.033560 0.003495 -0.001910 -0.001194 0.010842
65.317400 0.855647 0.056581 -0.008648 -0.001553 0.034076 0.003624 -0.001927 -0.001281 0.011400
66.838800 0.852538 0.057691 -0.008816 -0.001631 0.034781 0.003809 -0.002342 -0.001380 0.011601
68.395700 0.849432 0.058824 -0.008989 -0.001681 0.035039 0.003893 -0.001983 -0.001365 0.011566
69.988800 0.846223 0.059970 -0.009196 -0.001765 0.035800 0.004095 -0.002345 -0.001474 0.011823
71.619100 0.842994 0.061141 -0.009661 -0.001860 0.036271 0.004272 -0.002725 -0.001568 0.011806
73.287300 0.839613 0.062318 -0.009911 -0.001943 0.036841 0.004437 -0.002722 -0.001623 0.012003
74.994400 0.836251 0.063524 -0.010516 -0.002063 0.037381 0.004634 -0.003116 -0.001742 0.012184
76.741200 0.832737 0.064736 -0.010727 -0.002141 0.037838 0.004815 -0.003391 -0.001841 0.012352
78.528800 0.829180 0.065968 -0.011090 -0.002248 0.038434 0.005023 -0.003670 -0.001934 0.012472
80.357900 0.825615 0.067223 -0.011555 -0.002368 0.039039 0.005225 -0.003743 -0.002018 0.012773
82.229700 0.821904 0.068490 -0.012000 -0.002470 0.039267 0.005418 -0.004183 -0.002171 0.013017
84.145100 0.818208 0.069776 -0.012262 -0.002581 0.039991 0.005616 -0.003940 -0.002225 0.013424
86.105100 0.814377 0.071078 -0.012778 -0.002724 0.040711 0.005836 -0.003835 -0.002365 0.014172
88.110700 0.810558 0.072399 -0.013012 -0.002841 0.041376 0.006090 -0.004060 -0.002456 0.014172
90.163100 0.806619 0.073733 -0.013309 -0.002967 0.042035 0.006330 -0.004089 -0.002598 0.014750
92.263300 0.802624 0.075088 -0.013766 -0.003119 0.042704 0.006587 -0.004135 -0.002682 0.014767
94.412300 0.798528 0.076451 -0.013909 -0.003237 0.043323 0.006838 -0.004166 -0.002797 0.015146
96.611500 0.794391 0.077838 -0.014304 -0.003396 0.044072 0.007129 -0.004293 -0.002905 0.015256
98.861900 0.790168 0.079239 -0.014634 -0.003549 0.044787 0.007425 -0.004447 -0.003049 0.015518
101.165000 0.785853 0.080653 -0.015022 -0.003708 0.045321 0.007713 -0.004589 -0.003181 0.015676
103.521000 0.781460 0.082085 -0.015417 -0.003879 0.045971 0.008018 -0.004761 -0.003322 0.015876
105.932000 0.776990 0.083529 -0.015738 -0.004049 0.046656 0.008366 -0.005097 -0.003504 0.015988
108.400000 0.772490 0.084991 -0.016106 -0.004229 0.047350 0.008660 -0.004915 -0.003579 0.016205
110.925000 0.767841 0.086461 -0.016426 -0.004406 0.047973 0.009003 -0.005154 -0.003805 0.016607
113.509000 0.763171 0.087951 -0.016751 -0.004595 0.048635 0.009335 -0.005180 -0.003886 0.016531
116.153000 0.758337 0.089445 -0.017061 -0.004800 0.049421 0.009703 -0.005198 -0.004067 0.016956
118.858000 0.753512 0.090959 -0.017365 -0.005008 0.050233 0.010098 -0.005288 -0.004245 0.017254
121.627000 0.748540 0.092478 -0.017597 -0.005211 0.050971 0.010492 -0.005408 -0.004401 0.017370
124.460000 0.743540 0.094015 -0.017891 -0.005434 0.051763 0.010910 -0.005482 -0.004595 0.017651
127.359000 0.738434 0.095560 -0.018138 -0.005660 0.052582 0.011326 -0.005438 -0.004700 0.017671
130.325000 0.733243 0.097111 -0.018229 -0.005880 0.053496 0.011772 -0.005369 -0.004879 0.018032
133.361000 0.727968 0.098671 -0.018378 -0.006108 0.054336 0.012236 -0.005437 -0.005069 0.018213
136.467000 0.722622 0.100240 -0.018431 -0.006333 0.055203 0.012714 -0.005442 -0.005217 0.018282
139.646000 0.717171 0.101817 -0.018564 -0.006581 0.056060 0.013229 -0.005553 -0.005421 0.018372
142.899000 0.711653 0.103401 -0.018646 -0.006822 0.056855 0.013746 -0.005694 -0.005600 0.018329
146.227000 0.706032 0.104989 -0.018681 -0.007073 0.057717 0.014297 -0.005798 -0.005798 0.018381
149.633000 0.700323 0.106580 -0.018716 -0.007331 0.058582 0.014869 -0.005909 -0.006032 0.018532
153.119000 0.694545 0.108178 -0.018718 -0.007607 0.059536 0.015470 -0.005925 -0.006255 0.018731
156.685000 0.688672 0.109776 -0.018645 -0.007868 0.060422 0.016089 -0.006040 -0.006504 0.018814
160.335000 0.682718 0.111377 -0.018594 -0.008141 0.061271 0.016729 -0.006201 -0.006800 0.018995
164.070000 0.676700 0.112983 -0.018518 -0.008436 0.062245 0.017415 -0.006316 -0.007074 0.019086
167.892000 0.670586 0.114586 -0.018435 -0.008733 0.063168 0.018105 -0.006405 -0.007342 0.019173
171.802000 0.664401 0.116193 -0.018367 -0.009043 0.064025 0.018808 -0.006494 -0.007618 0.019201
175.804000 0.658099 0.117788 -0.018198 -0.009346 0.064910 0.019542 -0.006591 -0.007927 0.019277
179.899000 0.651738 0.119382 -0.017998 -0.009652 0.065752 0.020285 -0.006690 -0.008239 0.019352
184.089000 0.645282 0.120972 -0.017832 -0.009976 0.066595 0.021056 -0.006772 -0.008535 0.019332
188.377000 0.638730 0.122550 -0.017598 -0.010302 0.067422 0.021859 -0.006883 -0.008902 0.019443
192.765000 0.632098 0.124120 -0.017331 -0.010626 0.068210 0.022659 -0.006914 -0.009259 0.019548
197.255000 0.625380 0.125681 -0.017028 -0.010955 0.068964 0.023457 -0.006879 -0.009601 0.019680
201.850000 0.618568 0.127227 -0.016697 -0.011295 0.069708 0.024303 -0.006892 -0.009970 0.019736
206.552000 0.611683 0.128762 -0.016360 -0.011649 0.070462 0.025173 -0.006887 -0.010340 0.019811
211.363000 0.604703 0.130282 -0.016043 -0.012011 0.071098 0.026054 -0.006937 -0.010725 0.019784
216.286000 0.597642 0.131784 -0.015654 -0.012374 0.071769 0.026973 -0.006963 -0.011137 0.019831
221.324000 0.590488 0.133266 -0.015290 -0.012752 0.072371 0.027886 -0.006954 -0.011527 0.019842
226.479000 0.583239 0.134723 -0.014884 -0.013122 0.072879 0.028792 -0.006920 -0.011929 0.019859
231.755000 0.575901 0.136154 -0.014433 -0.013492 0.073351 0.029706 -0.006855 -0.012327 0.019872
237.153000 0.568470 0.137559 -0.014004 -0.013874 0.073771 0.030643 -0.006831 -0.012762 0.019873
242.677000 0.560943 0.138932 -0.013597 -0.014258 0.074056 0.031561 -0.006810 -0.013198 0.019832
248.330000 0.553333 0.140278 -0.013222 -0.014654 0.074260 0.032480 -0.006808 -0.013625 0.019711
254.114000 0.545618 0.141586 -0.012874 -0.015060 0.074381 0.033405 -0.006827 -0.014108 0.019648
260.033000 0.537805 0.142855 -0.012550 -0.015475 0.074409 0.034297 -0.006772 -0.014578 0.019595
266.090000 0.529920 0.144089 -0.012265 -0.015915 0.074422 0.035207 -0.006678 -0.015046 0.019536
272.288000 0.521934 0.145277 -0.011999 -0.016356 0.074323 0.036070 -0.006509 -0.015505 0.019506
278.631000 0.513864 0.146423 -0.011817 -0.016820 0.074121 0.036912 -0.006355 -0.015957 0.019405
285.121000 0.505699 0.147520 -0.011706 -0.017306 0.073823 0.037748 -0.006213 -0.016431 0.019250
291.762000 0.497444 0.148565 -0.011642 -0.017810 0.073447 0.038544 -0.005992 -0.016892 0.019119
298.558000 0.489109 0.149555 -0.011615 -0.018330 0.073013 0.039294 -0.005670 -0.017333 0.019018
305.512000 0.480679 0.150488 -0.011715 -0.018886 0.072439 0.040005 -0.005382 -0.017775 0.018802
312.629000 0.472162 0.151360 -0.011892 -0.019457 0.071709 0.040653 -0.005098 -0.018197 0.018508
319.911000 0.463546 0.152163 -0.012157 -0.020059 0.070890 0.041239 -0.004759 -0.018603 0.018207
327.362000 0.454844 0.152893 -0.012468 -0.020683 0.070000 0.041752 -0.004314 -0.019000 0.017972
334.988000 0.446047 0.153546 -0.012857 -0.021333 0.069014 0.042196 -0.003833 -0.019369 0.017683
342.791000 0.437160 0.154118 -0.013346 -0.022007 0.067863 0.042546 -0.003379 -0.019710 0.017300
350.775000 0.428155 0.154599 -0.013946 -0.022714 0.066567 0.042824 -0.002982 -0.020018 0.016779
358.946000 0.419058 0.154987 -0.014625 -0.023437 0.065115 0.042986 -0.002573 -0.020342 0.016290
367.307000 0.409857 0.155271 -0.015373 -0.024181 0.063547 0.043035 -0.002123 -0.020635 0.015809
375.862000 0.400544 0.155445 -0.016184 -0.024943 0.061864 0.042981 -0.001679 -0.020901 0.015299
384.617000 0.391126 0.155501 -0.017047 -0.025720 0.060085 0.042802 -0.001192 -0.021160 0.014846
393.576000 0.381610 0.155433 -0.017921 -0.026517 0.058278 0.042528 -0.000629 -0.021363 0.014422
402.744000 0.371989 0.155232 -0.018808 -0.027319 0.056399 0.042151 -0.000068 -0.021551 0.013964
412.125000 0.362257 0.154892 -0.019740 -0.028131 0.054392 0.041670 0.000407 -0.021697 0.013362
421.724000 0.352426 0.154404 -0.020659 -0.028955 0.052369 0.041108 0.000911 -0.021820 0.012776
431.548000 0.342496 0.153762 -0.021542 -0.029777 0.050328 0.040475 0.001423 -0.021928 0.012171
441.600000 0.332464 0.152956 -0.022408 -0.030595 0.048219 0.039772 0.001858 -0.021987 0.011447
451.886000 0.322328 0.151974 -0.023209 -0.031389 0.046080 0.039003 0.002268 -0.022036 0.010677
462.412000 0.312105 0.150812 -0.023928 -0.032171 0.043976 0.038199 0.002687 -0.022064 0.009909
473.183000 0.301811 0.149472 -0.024581 -0.032949 0.041901 0.037387 0.003082 -0.022061 0.009093
484.204000 0.291457 0.147948 -0.025149 -0.033717 0.039878 0.036585 0.003455 -0.022026 0.008220
495.483000 0.281050 0.146236 -0.025637 -0.034473 0.037894 0.035805 0.003798 -0.021978 0.007273
507.024000 0.270606 0.144335 -0.026067 -0.035221 0.035921 0.035078 0.004044 -0.021904 0.006169
518.834000 0.260135 0.142245 -0.026453 -0.035962 0.033939 0.034376 0.004203 -0.021826 0.004970
530.920000 0.249646 0.139964 -0.026809 -0.036698 0.031932 0.033696 0.004285 -0.021748 0.003671
543.286000 0.239140 0.137485 -0.027140 -0.037414 0.029853 0.033028 0.004255 -0.021703 0.002251
555.941000 0.228637 0.134812 -0.027450 -0.038118 0.027721 0.032353 0.004168 -0.021699 0.000796
568.891000 0.218141 0.131941 -0.027766 -0.038808 0.025488 0.031652 0.003990 -0.021761 -0.000746
582.142000 0.207660 0.128876 -0.028125 -0.039493 0.023112 0.030901 0.003683 -0.021913 -0.002400
595.702000 0.197208 0.125618 -0.028533 -0.040178 0.020593 0.030069 0.003286 -0.022173 -0.004113
609.577000 0.186791 0.122166 -0.028989 -0.040858 0.017923 0.029124 0.002815 -0.022562 -0.005888
623.776000 0.176422 0.118524 -0.029516 -0.041543 0.015083 0.028043 0.002248 -0.023083 -0.007761
638.306000 0.166106 0.114696 -0.030167 -0.042241 0.011997 0.026791 0.001501 -0.023761 -0.009842
653.174000 0.155839 0.110684 -0.031013 -0.042968 0.008570 0.025313 0.000469 -0.024644 -0.012229
668.388000 0.145629 0.106487 -0.032049 -0.043737 0.004845 0.023553 -0.000755 -0.025786 -0.014778
683.957000 0.135495 0.102114 -0.033289 -0.044568 0.000835 0.021484 -0.002174 -0.027158 -0.017512
699.888000 0.125462 0.097579 -0.034742 -0.045494 -0.003419 0.019072 -0.003749 -0.028746 -0.020358
716.191000 0.115557 0.092899 -0.036416 -0.046538 -0.007898 0.016311 -0.005499 -0.030488 -0.023355
732.873000 0.105805 0.088090 -0.038323 -0.047722 -0.012593 0.013187 -0.007449 -0.032362 -0.026507
749.944000 0.096262 0.083167 -0.040291 -0.049047 -0.017215 0.009703 -0.009254 -0.034284 -0.029365
767.412000 0.087188 0.078159 -0.041203 -0.050415 -0.019968 0.006226 -0.008795 -0.035415 -0.029690
785.288000 0.078701 0.073119 -0.040803 -0.051619 -0.020807 0.003452 -0.006691 -0.034573 -0.028752
803.579000 0.070788 0.068097 -0.039456 -0.052492 -0.020626 0.001692 -0.004338 -0.031776 -0.027768
822.297000 0.063442 0.063142 -0.037425 -0.052926 -0.019979 0.000971 -0.002263 -0.027664 -0.026710
841.451000 0.056656 0.058294 -0.034913 -0.052850 -0.019206 0.001136 -0.000577 -0.023003 -0.025301
861.051000 0.050417 0.053588 -0.032084 -0.052229 -0.018502 0.001941 0.000794 -0.018429 -0.023389
881.107000 0.044708 0.049052 -0.029071 -0.051058 -0.017959 0.003130 0.002005 -0.014361 -0.021029
901.631000 0.039511 0.044710 -0.025982 -0.049359 -0.017594 0.004451 0.003177 -0.011001 -0.018429
922.633000 0.034800 0.040582 -0.022906 -0.047177 -0.017378 0.005692 0.004387 -0.008363 -0.015856
944.123000 0.030551 0.036682 -0.019925 -0.044594 -0.017258 0.006688 0.005643 -0.006323 -0.013517
966.115000 0.026736 0.033024 -0.017103 -0.041703 -0.017171 0.007333 0.006894 -0.004714 -0.011543
988.619000 0.023326 0.029614 -0.014486 -0.038601 -0.017057 0.007597 0.008086 -0.003372 -0.010004
1011.650000 0.020284 0.026444 -0.012100 -0.035376 -0.016867 0.007503 0.009161 -0.002165 -0.008879
1035.210000 0.017570 0.023503 -0.009958 -0.032108 -0.016568 0.007101 0.010067 -0.000996 -0.008072
1059.320000 0.015147 0.020774 -0.008062 -0.028861 -0.016137 0.006450 0.010751 0.000183 -0.007453
1084.000000 0.012985 0.018247 -0.006407 -0.025683 -0.015561 0.005610 0.011161 0.001373 -0.006887
1109.250000 0.011063 0.015918 -0.004982 -0.022613 -0.014836 0.004640 0.011260 0.002536 -0.006265
1135.090000 0.009362 0.013782 -0.003775 -0.019689 -0.013967 0.003603 0.011034 0.003615 -0.005516
1161.530000 0.007862 0.011833 -0.002772 -0.016945 -0.012974 0.002568 0.010518 0.004558 -0.004614
1188.580000 0.006538 0.010055 -0.001959 -0.014407 -0.011890 0.001598 0.009783 0.005336 -0.003576
1216.270000 0.005372 0.008436 -0.001316 -0.012084 -0.010733 0.000734 0.008877 0.005913 -0.002451
1244.600000 0.004354 0.006976 -0.000823 -0.009981 -0.009522 0.000007 0.007839 0.006240 -0.001306
1273.590000 0.003474 0.005675 -0.000458 -0.008101 -0.008279 -0.000560 0.006710 0.006276 -0.000231
1303.250000 0.002726 0.004536 -0.000200 -0.006441 -0.007029 -0.000956 0.005535 0.006002 0.000677
1333.610000 0.002099 0.003555 -0.000025 -0.005000 -0.005808 -0.001186 0.004375 0.005446 0.001341
1364.670000 0.001582 0.002725 0.000083 -0.003778 -0.004659 -0.001266 0.003298 0.004689 0.001729
1396.460000 0.001163 0.002037 0.000140 -0.002770 -0.003618 -0.001227 0.002361 0.003832 0.001857
1428.990000 0.000832 0.001481 0.000160 -0.001963 -0.002712 -0.001101 0.001594 0.002969 0.001770
1462.270000 0.000576 0.001043 0.000155 -0.001338 -0.001955 -0.000922 0.001007 0.002177 0.001534
1496.330000 0.000385 0.000708 0.000135 -0.000873 -0.001349 -0.000725 0.000587 0.001506 0.001225
1531.190000 0.000246 0.000461 0.000108 -0.000543 -0.000887 -0.000535 0.000310 0.000981 0.000907
1566.850000 0.000151 0.000287 0.000080 -0.000320 -0.000555 -0.000370 0.000143 0.000600 0.000624
1603.350000 0.000088 0.000169 0.000054 -0.000178 -0.000327 -0.000239 0.000054 0.000342 0.000397
1640.700000 0.000047 0.000093 0.000034 -0.000092 -0.000179 -0.000142 0.000013 0.000179 0.000230
1678.920000 0.000023 0.000046 0.000018 -0.000042 -0.000088 -0.000074 -0.000002 0.000083 0.000118
1718.020000 0.000009 0.000019 0.000008 -0.000016 -0.000035 -0.000032 -0.000004 0.000031 0.000049
1758.040000 0.000003 0.000005 0.000003 -0.000004 -0.000010 -0.000010 -0.000002 0.000008 0.000014
1798.990000 0.000000 0.000001 0.000000 -0.000001 -0.000001 -0.000001 -0.000000 0.000001 0.000002
1840.890000 0.000000 0.000000 0.000000 -0.000000 -0.000000 -0.000000 -0.000000 0.000000 0.000000
1883.770000 0.000000 0.000000 0.000000 -0.000000 -0.000000 -0.000000 -0.000000 0.000000 0.000000
1927.650000 0.000000 0.000000 0.000000 0.000000 0.000000 0.000000 0.000000 0.000000 0.000000
1972.550000 0.000000 0.000000 0.000000 0.000000 0.000000 0.000000 0.000000 0.000000 0.000000
2018.500000 0.000000 0.000000 0.000000 0.000000 0.000000 0.000000 0.000000 0.000000 0.000000
2065.520000 0.000000 0.000000 0.000000 0.000000 0.000000 0.000000 0.000000 0.000000 0.000000
2113.630000 0.000000 0.000000 0.000000 0.000000 0.000000 0.000000 0.000000 0.000000 0.000000
2162.860000 0.000000 0.000000 0.000000 0.000000 0.000000 0.000000 0.000000 0.000000 0.000000
2213.240000 0.000000 0.000000 0.000000 0.000000 0.000000 0.000000 0.000000 0.000000 0.000000
2264.790000 0.000000 0.000000 0.000000 0.000000 0.000000 0.000000 0.000000 0.000000 0.000000
2317.550000 0.000000 0.000000 0.000000 0.000000 0.000000 0.000000 0.000000 0.000000 0.000000
2371.530000 0.000000 0.000000 0.000000 0.000000 0.000000 0.000000 0.000000 0.000000 0.000000
2426.770000 0.000000 0.000000 0.000000 0.000000 0.000000 0.000000 0.000000 0.000000 0.000000
2483.300000 0.000000 0.000000 0.000000 0.000000 0.000000 0.000000 0.000000 0.000000 0.000000
2541.140000 0.000000 0.000000 0.000000 0.000000 0.000000 0.000000 0.000000 0.000000 0.000000
2600.330000 0.000000 0.000000 0.000000 0.000000 0.000000 0.000000 0.000000 0.000000 0.000000
2660.900000 0.000000 0.000000 0.000000 0.000000 0.000000 0.000000 0.000000 0.000000 0.000000
2722.880000 0.000000 0.000000 0.000000 0.000000 0.000000 0.000000 0.000000 0.000000 0.000000
2786.310000 0.000000 0.000000 0.000000 0.000000 0.000000 0.000000 0.000000 0.000000 0.000000
2851.210000 0.000000 0.000000 0.000000 0.000000 0.000000 0.000000 0.000000 0.000000 0.000000
2917.620000 0.000000 0.000000 0.000000 0.000000 0.000000 0.000000 0.000000 0.000000 0.000000
2985.580000 0.000000 0.000000 0.000000 0.000000 0.000000 0.000000 0.000000 0.000000 0.000000
3055.120000 0.000000 0.000000 0.000000 0.000000 0.000000 0.000000 0.000000 0.000000 0.000000
3126.290000 0.000000 0.000000 0.000000 0.000000 0.000000 0.000000 0.000000 0.000000 0.000000
3199.110000 0.000000 0.000000 0.000000 0.000000 0.000000 0.000000 0.000000 0.000000 0.000000
3273.620000 0.000000 0.000000 0.000000 0.000000 0.000000 0.000000 0.000000 0.000000 0.000000
3349.880000 0.000000 0.000000 0.000000 0.000000 0.000000 0.000000 0.000000 0.000000 0.000000
3427.910000 0.000000 0.000000 0.000000 0.000000 0.000000 0.000000 0.000000 0.000000 0.000000
3507.750000 0.000000 0.000000 0.000000 0.000000 0.000000 0.000000 0.000000 0.000000 0.000000
3589.460000 0.000000 0.000000 0.000000 0.000000 0.000000 0.000000 0.000000 0.000000 0.000000
3673.070000 0.000000 0.000000 0.000000 0.000000 0.000000 0.000000 0.000000 0.000000 0.000000
3758.620000 0.000000 0.000000 0.000000 0.000000 0.000000 0.000000 0.000000 0.000000 0.000000
3846.170000 0.000000 0.000000 0.000000 0.000000 0.000000 0.000000 0.000000 0.000000 0.000000
3935.760000 0.000000 0.000000 0.000000 0.000000 0.000000 0.000000 0.000000 0.000000 0.000000
4027.440000 0.000000 0.000000 0.000000 0.000000 0.000000 0.000000 0.000000 0.000000 0.000000
4121.250000 0.000000 0.000000 0.000000 0.000000 0.000000 0.000000 0.000000 0.000000 0.000000
4217.240000 0.000000 0.000000 0.000000 0.000000 0.000000 0.000000 0.000000 0.000000 0.000000
4315.480000 0.000000 0.000000 0.000000 0.000000 0.000000 0.000000 0.000000 0.000000 0.000000
4416.000000 0.000000 0.000000 0.000000 0.000000 0.000000 0.000000 0.000000 0.000000 0.000000
4518.860000 0.000000 0.000000 0.000000 0.000000 0.000000 0.000000 0.000000 0.000000 0.000000
4624.120000 0.000000 0.000000 0.000000 0.000000 0.000000 0.000000 0.000000 0.000000 0.000000
4731.830000 0.000000 0.000000 0.000000 0.000000 0.000000 0.000000 0.000000 0.000000 0.000000
4842.040000 0.000000 0.000000 0.000000 0.000000 0.000000 0.000000 0.000000 0.000000 0.000000
4954.830000 0.000000 0.000000 0.000000 0.000000 0.000000 0.000000 0.000000 0.000000 0.000000
5070.240000 0.000000 0.000000 0.000000 0.000000 0.000000 0.000000 0.000000 0.000000 0.000000
5188.340000 0.000000 0.000000 0.000000 0.000000 0.000000 0.000000 0.000000 0.000000 0.000000
5309.200000 0.000000 0.000000 0.000000 0.000000 0.000000 0.000000 0.000000 0.000000 0.000000
5432.860000 0.000000 0.000000 0.000000 0.000000 0.000000 0.000000 0.000000 0.000000 0.000000
5559.410000 0.000000 0.000000 0.000000 0.000000 0.000000 0.000000 0.000000 0.000000 0.000000
5688.910000 0.000000 0.000000 0.000000 0.000000 0.000000 0.000000 0.000000 0.000000 0.000000
5821.420000 0.000000 0.000000 0.000000 0.000000 0.000000 0.000000 0.000000 0.000000 0.000000
5957.020000 0.000000 0.000000 0.000000 0.000000 0.000000 0.000000 0.000000 0.000000 0.000000
6095.770000 0.000000 0.000000 0.000000 0.000000 0.000000 0.000000 0.000000 0.000000 0.000000
6237.760000 0.000000 0.000000 0.000000 0.000000 0.000000 0.000000 0.000000 0.000000 0.000000
6383.060000 0.000000 0.000000 0.000000 0.000000 0.000000 0.000000 0.000000 0.000000 0.000000
6531.740000 0.000000 0.000000 0.000000 0.000000 0.000000 0.000000 0.000000 0.000000 0.000000
6683.880000 0.000000 0.000000 0.000000 0.000000 0.000000 0.000000 0.000000 0.000000 0.000000
6839.570000 0.000000 0.000000 0.000000 0.000000 0.000000 0.000000 0.000000 0.000000 0.000000
6998.880000 0.000000 0.000000 0.000000 0.000000 0.000000 0.000000 0.000000 0.000000 0.000000
7161.910000 0.000000 0.000000 0.000000 0.000000 0.000000 0.000000 0.000000 0.000000 0.000000
7328.730000 0.000000 0.000000 0.000000 0.000000 0.000000 0.000000 0.000000 0.000000 0.000000
7499.440000 0.000000 0.000000 0.000000 0.000000 0.000000 0.000000 0.000000 0.000000 0.000000
7674.120000 0.000000 0.000000 0.000000 0.000000 0.000000 0.000000 0.000000 0.000000 0.000000
7852.880000 0.000000 0.000000 0.000000 0.000000 0.000000 0.000000 0.000000 0.000000 0.000000
8035.790000 0.000000 0.000000 0.000000 0.000000 0.000000 0.000000 0.000000 0.000000 0.000000
8222.970000 0.000000 0.000000 0.000000 0.000000 0.000000 0.000000 0.000000 0.000000 0.000000
8414.510000 0.000000 0.000000 0.000000 0.000000 0.000000 0.000000 0.000000 0.000000 0.000000
8610.510000 0.000000 0.000000 0.000000 0.000000 0.000000 0.000000 0.000000 0.000000 0.000000
8811.070000 0.000000 0.000000 0.000000 0.000000 0.000000 0.000000 0.000000 0.000000 0.000000
9016.310000 0.000000 0.000000 0.000000 0.000000 0.000000 0.000000 0.000000 0.000000 0.000000
9226.330000 0.000000 0.000000 0.000000 0.000000 0.000000 0.000000 0.000000 0.000000 0.000000
9441.230000 0.000000 0.000000 0.000000 0.000000 0.000000 0.000000 0.000000 0.000000 0.000000
9661.150000 0.000000 0.000000 0.000000 0.000000 0.000000 0.000000 0.000000 0.000000 0.000000
9886.190000 0.000000 0.000000 0.000000 0.000000 0.000000 0.000000 0.000000 0.000000 0.000000
