s W0 W1 W2 W3 W4 W5 W6 W7 W8
0.101165 1.000000 0.000000 0.000000 0.000000 0.000000 0.000000 0.000000 0.000000 0.000000
0.103521 1.000000 0.000000 0.000000 0.000000 0.000000 0.000000 0.000000 0.000000 0.000000
0.105932 1.000000 0.000000 0.000000 0.000000 0.000000 0.000000 0.000000 0.000000 0.000000
0.108400 1.000000 0.000000 0.000000 0.000000 0.000000 0.000000 0.000000 0.000000 0.000000
0.110925 1.000000 0.000000 0.000000 0.000000 0.000000 0.000000 0.000000 0.000000 0.000000
0.113509 1.000000 0.000000 0.000000 0.000000 0.000000 0.000000 0.000000 0.000000 0.000000
0.116153 1.000000 0.000000 0.000000 0.000000 0.000000 0.000000 0.000000 0.000000 0.000000
0.118858 1.000000 0.000000 0.000000 0.000000 0.000000 0.000000 0.000000 0.000000 0.000000
0.121627 1.000000 0.000000 0.000000 0.000000 0.000000 0.000000 0.000000 0.000000 0.000000
0.124460 1.000000 0.000000 0.000000 0.000000 0.000000 0.000000 0.000000 0.000000 0.000000
0.127359 1.000000 0.000000 0.000000 0.000000 0.000000 0.000000 0.000000 0.000000 0.000000
0.130325 1.000000 0.000000 0.000000 0.000000 0.000000 0.000000 0.000000 0.000000 0.000000
0.133361 1.000000 0.000000 0.000000 0.000000 0.000000 0.000000 0.000000 0.000000 0.000000
0.136467 1.000000 0.000000 0.000000 0.000000 0.000000 0.000000 0.000000 0.000000 0.000000
0.139646 1.000000 0.000000 0.000000 0.000000 0.000000 0.000000 0.000000 0.000000 0.000000
0.142899 1.000000 0.000000 0.000000 0.000000 0.000000 0.000000 0.000000 0.000000 0.000000
0.146227 1.000000 0.000000 0.000000 0.000000 0.000000 0.000000 0.000000 0.000000 0.000000
0.149633 1.000000 0.000000 0.000000 0.000000 0.000000 0.000000 0.000000 0.000000 0.000000
0.153119 1.000000 0.000000 0.000000 0.000000 0.000000 0.000000 0.000000 0.000000 0.000000
0.156685 1.000000 0.000000 0.000000 0.000000 0.000000 0.000000 0.000000 0.000000 0.000000
0.160335 1.000000 0.000000 0.000000 0.000000 0.000000 0.000000 0.000000 0.000000 0.000000
0.164070 1.000000 0.000000 0.000000 0.000000 0.000000 0.000000 0.000000 0.000000 0.000000
0.167892 1.000000 0.000000 0.000000 0.000000 0.000000 0.000000 0.000000 0.000000 0.000000
0.171802 1.000000 0.000000 0.000000 0.000000 0.000000 0.000000 0.000000 0.000000 0.000000
0.175804 1.000000 0.000000 0.000000 0.000000 0.000000 0.000000 0.000000 0.000000 0.000000
0.179899 1.000000 0.000000 0.000000 0.000000 0.000000 0.000000 0.000000 0.000000 0.000000
0.184089 1.000000 0.000000 0.000000 0.000000 0.000000 0.000000 0.000000 0.000000 0.000000
0.188377 1.000000 0.000000 0.000000 0.000000 0.000000 0.000000 0.000000 0.000000 0.000000
0.192765 1.000000 0.000000 0.000000 0.000000 0.000000 0.000000 0.000000 0.000000 0.000000
0.197255 1.000000 0.000000 0.000000 0.000000 0.000000 0.000000 0.000000 0.000000 0.000000
0.201850 1.000000 0.000000 0.000000 0.000000 0.000000 0.000000 0.000000 0.000000 0.000000
0.206552 1.000000 0.000000 0.000000 0.000000 0.000000 0.000000 0.000000 0.000000 0.000000
0.211363 1.000000 0.000000 0.000000 0.000000 0.000000 0.000000 0.000000 0.000000 0.000000
0.216286 1.000000 0.000000 0.000000 0.000000 0.000000 0.000000 0.000000 0.000000 0.000000
0.221324 1.000000 0.000000 0.000000 0.000000 0.000000 0.000000 0.000000 0.000000 0.000000
0.226479 1.000000 0.000000 0.000000 0.000000 0.000000 0.000000 0.000000 0.000000 0.000000
0.231755 1.000000 0.000000 0.000000 0.000000 0.000000 0.000000 0.000000 0.000000 0.000000
0.237153 1.000000 0.000000 0.000000 0.000000 0.000000 0.000000 0.000000 0.000000 0.000000
0.242677 1.000000 0.000000 0.000000 0.000000 0.000000 0.000000 0.000000 0.000000 0.000000
0.248330 1.000000 0.000000 0.000000 0.000000 0.000000 0.000000 0.000000 0.000000 0.000000
0.254114 1.000000 0.000000 0.000000 0.000000 0.000000 0.000000 0.000000 0.000000 0.000000
0.260033 1.000000 0.000000 0.000000 0.000000 0.000000 0.000000 0.000000 0.000000 0.000000
0.266090 1.000000 0.000000 0.000000 0.000000 0.000000 0.000000 0.000000 0.000000 0.000000
0.272288 1.000000 0.000000 0.000000 0.000000 0.000000 0.000000 0.000000 0.000000 0.000000
0.278631 1.000000 0.000000 0.000000 0.000000 0.000000 0.000000 0.000000 0.000000 0.000000
0.285121 1.000000 0.000000 0.000000 0.000000 0.000000 0.000000 0.000000 0.000000 0.000000
0.291762 1.000000 0.000000 0.000000 0.000000 0.000000 0.000000 0.000000 0.000000 0.000000
0.298558 1.000000 0.000000 0.000000 0.000000 0.000000 0.000000 0.000000 0.000000 0.000000
0.305512 1.000000 0.000000 0.000000 0.000000 0.000000 0.000000 0.000000 0.000000 0.000000
0.312629 1.000000 0.000000 0.000000 0.000000 0.000000 0.000000 0.000000 0.000000 0.000000
0.319911 1.000000 0.000000 0.000000 0.000000 0.000000 0.000000 0.000000 0.000000 0.000000
0.327362 1.000000 0.000000 0.000000 0.000000 0.000000 0.000000 0.000000 0.000000 0.000000
0.334988 1.000000 0.000000 0.000000 0.000000 0.000000 0.000000 0.000000 0.000000 0.000000
0.342791 1.000000 0.000000 0.000000 0.000000 0.000000 0.000000 0.000000 0.000000 0.000000
0.350775 1.000000 0.000000 0.000000 0.000000 0.000000 0.000000 0.000000 0.000000 0.000000
0.358946 1.000000 0.000000 0.000000 0.000000 0.000000 0.000000 0.000000 0.000000 0.000000
0.367307 1.000000 0.000000 0.000000 0.000000 0.000000 0.000000 0.000000 0.000000 0.000000
0.375862 1.000000 0.000000 0.000000 0.000000 0.000000 0.000000 0.000000 0.000000 0.000000
0.384617 1.000000 0.000000 0.000000 0.000000 0.000000 0.000000 0.000000 0.000000 0.000000
0.393576 1.000000 0.000000 0.000000 0.000000 0.000000 0.000000 0.000000 0.000000 0.000000
0.402744 1.000000 0.000000 0.000000 0.000000 0.000000 0.000000 0.000000 0.000000 0.000000
0.412125 1.000000 0.000000 0.000000 0.000000 0.000000 0.000000 0.000000 0.000000 0.000000
0.421724 1.000000 0.000000 0.000000 0.000000 0.000000 0.000000 0.000000 0.000000 0.000000
0.431548 1.000000 0.000000 0.000000 0.000000 0.000000 0.000000 0.000000 0.000000 0.000000
0.441600 1.000000 0.000000 0.000000 0.000000 0.000000 0.000000 0.000000 0.000000 0.000000
0.451886 1.000000 0.000000 0.000000 0.000000 0.000000 0.000000 0.000000 0.000000 0.000000
0.462412 1.000000 0.000000 0.000000 0.000000 0.000000 0.000000 0.000000 0.000000 0.000000
0.473183 1.000000 0.000000 0.000000 0.000000 0.000000 0.000000 0.000000 0.000000 0.000000
0.484204 1.000000 0.000000 0.000000 0.000000 0.000000 0.000000 0.000000 0.000000 0.000000
0.495483 1.000000 0.000000 0.000000 0.000000 0.000000 0.000000 0.000000 0.000000 0.000000
0.507024 1.000000 0.000000 0.000000 0.000000 0.000000 0.000000 0.000000 0.000000 0.000000
0.518834 1.000000 0.000000 0.000000 0.000000 0.000000 0.000000 0.000000 0.000000 0.000000
0.530920 1.000000 0.000000 0.000000 0.000000 0.000000 0.000000 0.000000 0.000000 0.000000
0.543286 1.000000 0.000000 0.000000 0.000000 0.000000 0.000000 0.000000 0.000000 0.000000
0.555941 1.000000 0.000000 0.000000 0.000000 0.000000 0.000000 0.000000 0.000000 0.000000
0.568891 1.000000 0.000000 0.000000 0.000000 0.000000 0.000000 0.000000 0.000000 0.000000
0.582142 1.000000 0.000000 0.000000 0.000000 0.000000 0.000000 0.000000 0.000000 0.000000
0.595702 1.000000 0.000000 0.000000 0.000000 0.000000 0.000000 0.000000 0.000000 0.000000
0.609577 1.000000 0.000000 0.000000 0.000000 0.000000 0.000000 0.000000 0.000000 0.000000
0.623776 1.000000 0.000000 0.000000 0.000000 0.000000 0.000000 0.000000 0.000000 0.000000
0.638306 1.000000 0.000000 0.000000 0.000000 0.000000 0.000000 0.000000 0.000000 0.000000
0.653174 1.000000 0.000000 0.000000 0.000000 0.000000 0.000000 0.000000 0.000000 0.000000
0.668388 1.000000 0.000000 0.000000 0.000000 0.000000 0.000000 0.000000 0.000000 0.000000
0.683957 1.000000 0.000000 0.000000 0.000000 0.000000 0.000000 0.000000 0.000000 0.000000
0.699888 1.000000 0.000000 0.000000 0.000000 0.000000 0.000000 0.000000 0.000000 0.000000
0.716191 1.000000 0.000000 0.000000 0.000000 0.000000 0.000000 0.000000 0.000000 0.000000
0.732873 1.000000 0.000000 0.000000 0.000000 0.000000 0.000000 0.000000 0.000000 0.000000
0.749944 1.000000 0.000000 0.000000 0.000000 0.000000 0.000000 0.000000 0.000000 0.000000
0.767412 1.000000 0.000000 0.000000 0.000000 0.000000 0.000000 0.000000 0.000000 0.000000
0.785288 1.000000 0.000000 0.000000 0.000000 0.000000 0.000000 0.000000 0.000000 0.000000
0.803579 1.000000 0.000000 0.000000 0.000000 0.000000 0.000000 0.000000 0.000000 0.000000
0.822297 1.000000 0.000000 0.000000 0.000000 0.000000 0.000000 0.000000 0.000000 0.000000
0.841451 1.000000 0.000000 0.000000 0.000000 0.000000 0.000000 0.000000 0.000000 0.000000
0.861051 1.000000 0.000000 0.000000 0.000000 0.000000 0.000000 0.000000 0.000000 0.000000
0.881107 1.000000 0.000000 0.000000 0.000000 0.000000 0.000000 0.000000 0.000000 0.000000
0.901631 1.000000 0.000000 0.000000 0.000000 0.000000 0.000000 0.000000 0.000000 0.000000
0.922633 1.000000 0.000000 0.000000 0.000000 0.000000 0.000000 0.000000 0.000000 0.000000
0.944123 1.000000 0.000000 0.000000 0.000000 0.000000 0.000000 0.000000 0.000000 0.000000
0.966115 1.000000 0.000000 0.000000 0.000000 0.000000 0.000000 0.000000 0.000000 0.000000
0.988619 1.000000 0.000000 0.000000 0.000000 0.000000 0.000000 0.000000 0.000000 0.000000
1.011650 1.000000 0.000000 0.000000 0.000000 0.000000 0.000000 0.000000 0.000000 0.000000
1.035210 1.000000 0.000000 0.000000 0.000000 0.000000 0.000000 0.000000 0.000000 0.000000
1.059320 1.000000 0.000000 0.000000 0.000000 0.000000 0.000000 0.000000 0.000000 0.000000
1.084000 1.000000 0.000000 0.000000 0.000000 0.000000 0.000000 0.000000 0.000000 0.000000
1.109250 1.000000 0.000000 0.000000 0.000000 0.000000 0.000000 0.000000 0.000000 0.000000
1.135090 1.000000 0.000000 0.000000 0.000000 0.000000 0.000000 0.000000 0.000000 0.000000
1.161530 1.000000 0.000000 0.000000 0.000000 0.000000 0.000000 0.000000 0.000000 0.000000
1.188580 1.000000 0.000000 0.000000 0.000000 0.000000 0.000000 0.000000 0.000000 0.000000
1.216270 1.000000 0.000000 0.000000 0.000000 0.000000 0.000000 0.000000 0.000000 0.000000
1.244600 1.000000 0.000000 0.000000 0.000000 0.000000 0.000000 0.000000 0.000000 0.000000
1.273590 1.000000 0.000000 0.000000 0.000000 0.000000 0.000000 0.000000 0.000000 0.000000
1.303250 1.000000 0.000000 0.000000 0.000000 0.000000 0.000000 0.000000 0.000000 0.000000
1.333610 1.000000 0.000000 0.000000 0.000000 0.000000 0.000000 0.000000 0.000000 0.000000
1.364670 1.000000 0.000000 0.000000 0.000000 0.000000 0.000000 0.000000 0.000000 0.000000
1.396460 1.000000 0.000000 0.000000 0.000000 0.000000 0.000000 0.000000 0.000000 0.000000
1.428990 1.000000 0.000000 0.000000 0.000000 0.000000 0.000000 0.000000 0.000000 0.000000
1.462270 1.000000 0.000000 0.000000 0.000000 0.000000 0.000000 0.000000 0.000000 0.000000
1.496330 1.000000 0.000000 0.000000 0.000000 0.000000 0.000000 0.000000 0.000000 0.000000
1.531190 1.000000 0.000000 0.000000 0.000000 0.000000 0.000000 0.000000 0.000000 0.000000
1.566850 1.000000 0.000000 0.000000 0.000000 0.000000 0.000000 0.000000 0.000000 0.000000
1.603350 1.000000 0.000000 0.000000 0.000000 0.000000 0.000000 0.000000 0.000000 0.000000
1.640700 1.000000 0.000000 0.000000 0.000000 0.000000 0.000000 0.000000 0.000000 0.000000
1.678920 1.000000 0.000000 0.000000 0.000000 0.000000 0.000000 0.000000 0.000000 0.000000
1.718020 1.000000 0.000000 0.000000 0.000000 0.000000 0.000000 0.000000 0.000000 0.000000
1.758040 1.000000 0.000000 0.000000 0.000000 0.000000 0.000000 0.000000 0.000000 0.000000
1.798990 1.000000 0.000000 0.000000 0.000000 0.000000 0.000000 0.000000 0.000000 0.000000
1.840890 1.000000 0.000000 0.000000 0.000000 0.000000 0.000000 0.000000 0.000000 0.000000
1.883770 1.000000 0.000000 0.000000 0.000000 0.000000 0.000000 0.000000 0.000000 0.000000
1.927650 1.000000 0.000000 0.000000 0.000000 0.000000 0.000000 0.000000 0.000000 0.000000
1.972550 1.000000 0.000000 0.000000 0.000000 0.000000 0.000000 0.000000 0.000000 0.000000
2.018500 1.000000 0.000000 0.000000 0.000000 0.000000 0.000000 0.000000 0.000000 0.000000
2.065520 1.000000 0.000000 0.000000 0.000000 0.000000 0.000000 0.000000 0.000000 0.000000
2.113630 1.000000 0.000000 0.000000 0.000000 0.000000 0.000000 0.000000 0.000000 0.000000
2.162860 1.000000 0.000000 0.000000 0.000000 0.000000 0.000000 0.000000 0.000000 0.000000
2.213240 1.000000 0.000000 0.000000 0.000000 0.000000 0.000000 0.000000 0.000000 0.000000
2.264790 1.000000 0.000000 0.000000 0.000000 0.000000 0.000000 0.000000 0.000000 0.000000
2.317550 1.000000 0.000000 0.000000 0.000000 0.000000 0.000000 0.000000 0.000000 0.000000
2.371530 1.000000 0.000000 0.000000 0.000000 0.000000 0.000000 0.000000 0.000000 0.000000
2.426770 1.000000 0.000000 0.000000 0.000000 0.000000 0.000000 0.000000 0.000000 0.000000
2.483300 1.000000 0.000000 0.000000 0.000000 0.000000 0.000000 0.000000 0.000000 0.000000
2.541140 1.000000 0.000000 0.000000 0.000000 0.000000 0.000000 0.000000 0.000000 0.000000
2.600330 1.000000 0.000000 0.000000 0.000000 0.000000 0.000000 0.000000 0.000000 0.000000
2.660900 1.000000 0.000000 0.000000 0.000000 0.000000 0.000000 0.000000 0.000000 0.000000
2.722880 1.000000 0.000000 0.000000 0.000000 0.000000 0.000000 0.000000 0.000000 0.000000
2.786310 1.000000 0.000000 0.000000 0.000000 0.000000 0.000000 0.000000 0.000000 0.000000
2.851210 1.000000 0.000000 0.000000 0.000000 0.000000 0.000000 0.000000 0.000000 0.000000
2.917620 1.000000 0.000000 0.000000 0.000000 0.000000 0.000000 0.000000 0.000000 0.000000
2.985580 1.000000 0.000000 0.000000 0.000000 0.000000 0.000000 0.000000 0.000000 0.000000
3.055120 1.000000 0.000000 0.000000 0.000000 0.000000 0.000000 0.000000 0.000000 0.000000
3.126290 1.000000 0.000000 0.000000 0.000000 0.000000 0.000000 0.000000 0.000000 0.000000
3.199110 1.000000 0.000000 0.000000 0.000000 0.000000 0.000000 0.000000 0.000000 0.000000
3.273620 1.000000 0.000000 0.000000 0.000000 0.000000 0.000000 0.000000 0.000000 0.000000
3.349880 1.000000 0.000000 0.000000 0.000000 0.000000 0.000000 0.000000 0.000000 0.000000
3.427910 1.000000 0.000000 0.000000 0.000000 0.000000 0.000000 0.000000 0.000000 0.000000
3.507750 1.000000 0.000000 0.000000 0.000000 0.000000 0.000000 0.000000 0.000000 0.000000
3.589460 1.000000 0.000000 0.000000 0.000000 0.000000 0.000000 0.000000 0.000000 0.000000
3.673070 1.000000 0.000000 0.000000 0.000000 0.000000 0.000000 0.000000 0.000000 0.000000
3.758620 1.000000 0.000000 0.000000 0.000000 0.000000 0.000000 0.000000 0.000000 0.000000
3.846170 1.000000 0.000000 0.000000 0.000000 0.000000 0.000000 0.000000 0.000000 0.000000
3.935760 1.000000 0.000000 0.000000 0.000000 0.000000 0.000000 0.000000 0.000000 0.000000
4.027440 1.000000 0.000000 0.000000 0.000000 0.000000 0.000000 0.000000 0.000000 0.000000
4.121250 1.000000 0.000000 0.000000 0.000000 0.000000 0.000000 0.000000 0.000000 0.000000
4.217240 1.000000 0.000000 0.000000 0.000000 0.000000 0.000000 0.000000 0.000000 0.000000
4.315480 1.000000 0.000000 0.000000 0.000000 0.000000 0.000000 0.000000 0.000000 0.000000
4.416000 1.000000 0.000000 0.000000 0.000000 0.000000 0.000000 0.000000 0.000000 0.000000
4.518860 1.000000 0.000000 0.000000 0.000000 0.000000 0.000000 0.000000 0.000000 0.000000
4.624120 1.000000 0.000000 0.000000 0.000000 0.000000 0.000000 0.000000 0.000000 0.000000
4.731830 1.000000 0.000000 0.000000 0.000000 0.000000 0.000000 0.000000 0.000000 0.000000
4.842040 1.000000 0.000000 0.000000 0.000000 0.000000 0.000000 0.000000 0.000000 0.000000
4.954830 1.000000 0.000000 0.000000 0.000000 0.000000 0.000000 0.000000 0.000000 0.000000
5.070240 1.000000 0.000000 0.000000 0.000000 0.000000 0.000000 0.000000 0.000000 0.000000
5.188340 1.000000 0.000000 0.000000 0.000000 0.000000 0.000000 0.000000 0.000000 0.000000
5.309200 1.000000 0.000000 0.000000 0.000000 0.000000 0.000000 0.000000 0.000000 0.000000
5.432860 1.000000 0.000000 0.000000 0.000000 0.000000 0.000000 0.000000 0.000000 0.000000
5.559410 1.000000 0.000000 0.000000 0.000000 0.000000 0.000000 0.000000 0.000000 0.000000
5.688910 1.000000 0.000000 0.000000 0.000000 0.000000 0.000000 0.000000 0.000000 0.000000
5.821420 1.000000 0.000000 0.000000 0.000000 0.000000 0.000000 0.000000 0.000000 0.000000
5.957020 1.000000 0.000000 0.000000 0.000000 0.000000 0.000000 0.000000 0.000000 0.000000
6.095770 1.000000 0.000000 0.000000 0.000000 0.000000 0.000000 0.000000 0.000000 0.000000
6.237760 1.000000 0.000000 0.000000 0.000000 0.000000 0.000000 0.000000 0.000000 0.000000
6.383060 1.000000 0.000000 0.000000 0.000000 0.000000 0.000000 0.000000 0.000000 0.000000
6.531740 1.000000 0.000000 0.000000 0.000000 0.000000 0.000000 0.000000 0.000000 0.000000
6.683880 1.000000 0.000000 0.000000 0.000000 0.000000 0.000000 0.000000 0.000000 0.000000
6.839570 1.000000 0.000000 0.000000 0.000000 0.000000 0.000000 0.000000 0.000000 0.000000
6.998880 1.000000 0.000000 0.000000 0.000000 0.000000 0.000000 0.000000 0.000000 0.000000
7.161910 0.999187 0.007028 0.000118 0.000393 0.007780 0.000578 0.010855 0.000493 0.009458
7.328730 0.995980 0.006674 0.003824 0.000318 0.003610 -0.000124 0.001449 0.000507 -0.005460
7.499440 0.995053 0.007631 0.000095 0.000405 0.011215 -0.000611 0.008821 -0.000847 0.002112
7.674120 0.996367 0.007191 0.001652 -0.000771 0.007877 -0.000716 -0.002226 0.000129 0.003998
7.852880 0.994976 0.007997 0.000714 0.000131 0.011516 0.000423 0.005200 0.001431 0.001971
8.035790 0.994054 0.008681 0.000784 0.000179 0.006372 0.000592 0.002554 0.000064 0.003233
8.222970 0.994991 0.008570 -0.001476 -0.000664 0.005707 0.001318 -0.001603 0.001292 -0.000535
8.414510 0.994202 0.008040 0.001258 0.000177 0.007888 -0.000120 0.002869 0.000935 0.004579
8.610510 0.991913 0.008378 -0.001742 -0.000167 0.012507 -0.000352 -0.006061 0.000046 -0.000150
8.811070 0.993629 0.008452 -0.001431 0.000969 0.006423 0.000108 0.004242 -0.000101 0.005790
9.016310 0.993887 0.009040 -0.003684 -0.000121 0.003557 -0.000429 0.005384 -0.000507 0.003586
9.226330 0.992156 0.009513 -0.000298 0.000231 0.003150 -0.000599 0.003438 0.000100 0.005811
9.441230 0.991435 0.009401 0.001610 -0.000696 0.011119 0.000421 -0.001032 -0.000317 0.001072
9.661150 0.991473 0.009453 -0.004394 0.000470 0.009362 -0.000633 0.002962 0.000411 0.002009
9.886190 0.990412 0.009592 -0.001088 0.000032 0.006747 -0.000966 0.004474 -0.000138 0.007192
10.116500 0.991903 0.010640 -0.003222 -0.000272 0.012596 0.000134 0.002408 0.000589 0.003134
10.352100 0.990699 0.010526 -0.002027 -0.000117 0.006832 -0.000199 0.004852 0.000156 0.012030
10.593200 0.988796 0.010241 -0.002290 -0.000177 0.009012 -0.000168 0.000549 0.000714 0.000564
10.840000 0.988576 0.010994 -0.003503 0.000036 0.009281 0.000494 0.004453 -0.000278 0.006049
11.092500 0.988748 0.011364 -0.000626 0.000282 0.007856 0.000463 0.004381 -0.000116 0.005635
11.350900 0.988012 0.011532 -0.004824 -0.000222 0.004535 0.000869 0.003682 0.000336 0.009337
11.615300 0.986655 0.011503 -0.004707 -0.000054 0.003478 -0.000577 0.003275 -0.000482 0.004305
11.885800 0.986612 0.011593 -0.002826 -0.000192 0.008831 0.000469 0.001117 0.000578 0.005208
12.162700 0.987429 0.012443 -0.000307 0.000022 0.006725 -0.000020 0.002321 0.000219 0.000768
12.446000 0.984643 0.012240 -0.004140 0.000335 0.004987 -0.000049 0.003525 0.000051 0.001718
12.735900 0.985015 0.012458 -0.003587 0.000037 0.007522 -0.000046 -0.001827 -0.000695 0.002766
13.032500 0.984705 0.012722 -0.003434 -0.000147 0.011350 -0.000279 -0.001422 -0.000206 0.007328
13.336100 0.984165 0.013320 -0.004131 -0.000045 0.006589 0.000006 -0.000375 -0.000056 0.002127
13.646700 0.984036 0.013656 -0.003243 -0.000126 0.008548 0.000502 0.001541 -0.000480 0.005790
13.964600 0.983032 0.013521 -0.004419 0.000085 0.007888 0.000192 0.000937 -0.000302 0.007227
14.289900 0.981364 0.014232 -0.003623 -0.000336 0.010839 -0.000079 -0.000617 0.000218 0.003333
14.622700 0.980929 0.014435 -0.003629 0.000022 0.007733 0.000317 -0.003155 0.000042 0.006115
14.963300 0.979978 0.014708 -0.004272 -0.000386 0.011896 0.000556 -0.001505 0.000011 0.006545
15.311900 0.979638 0.015294 -0.003356 -0.000163 0.011014 -0.000144 0.001691 -0.000058 0.007099
15.668500 0.978577 0.015630 -0.006386 0.000078 0.008737 0.000215 -0.000929 0.000300 0.006190
16.033500 0.977879 0.015728 -0.005481 -0.000331 0.010807 0.000177 0.001263 0.000344 0.003562
16.407000 0.977320 0.016096 -0.006200 0.000174 0.011104 0.000184 -0.003552 -0.000327 0.006846
16.789200 0.976823 0.016569 -0.006129 0.000023 0.008251 0.000178 -0.000436 -0.000092 0.001502
17.180200 0.976187 0.016749 -0.006575 -0.000490 0.010509 0.000374 -0.002685 -0.000435 0.005523
17.580400 0.975633 0.017241 -0.007236 -0.000465 0.012411 0.000242 -0.002530 -0.000337 0.005830
17.989900 0.974495 0.017584 -0.008025 -0.000463 0.010722 0.000142 -0.000482 -0.000271 0.004634
18.408900 0.973917 0.018236 -0.007008 -0.000292 0.009997 0.000546 -0.002959 -0.000318 0.002288
18.837700 0.973262 0.018359 -0.006443 -0.000189 0.012556 0.000341 -0.000714 -0.000014 0.004785
19.276500 0.972861 0.018866 -0.007699 -0.000277 0.011953 0.000115 -0.002333 -0.000252 0.005188
19.725500 0.971398 0.019320 -0.009518 -0.000228 0.012850 0.000386 0.000055 -0.000332 0.002489
20.185000 0.971197 0.019665 -0.009253 -0.000339 0.012101 0.000636 0.000037 -0.000095 0.003048
20.655200 0.969806 0.020247 -0.009260 -0.000169 0.011444 0.000468 -0.001542 -0.000311 0.003203
21.136300 0.969400 0.020628 -0.009309 -0.000677 0.010440 0.000225 -0.001520 0.000168 0.005075
21.628600 0.968248 0.021021 -0.009191 -0.000177 0.011826 0.000289 -0.000429 -0.000225 0.004144
22.132400 0.967187 0.021604 -0.010090 -0.000439 0.011257 0.000370 0.000009 0.000099 0.003918
22.647900 0.966145 0.022018 -0.010551 -0.000489 0.012304 0.000816 -0.001103 -0.000068 0.004997
23.175500 0.965385 0.022522 -0.010789 -0.000503 0.012622 0.000630 -0.000606 -0.000103 0.003768
23.715300 0.964343 0.022983 -0.011953 -0.000393 0.012212 0.000356 -0.000148 -0.000138 0.004792
24.267700 0.963593 0.023492 -0.012255 -0.000467 0.012953 0.000526 -0.001715 -0.000381 0.005468
24.833000 0.962708 0.024118 -0.012895 -0.000519 0.013203 0.000614 -0.001450 -0.000103 0.004923
25.411400 0.961762 0.024508 -0.012699 -0.000581 0.012657 0.000413 -0.001872 -0.000220 0.005174
26.003300 0.960653 0.025124 -0.013021 -0.000454 0.013104 0.000601 -0.002142 -0.000238 0.004741
26.609000 0.959774 0.025759 -0.013439 -0.000634 0.013556 0.000406 -0.001868 -0.000318 0.005342
27.228800 0.958555 0.026313 -0.013968 -0.000547 0.014289 0.000742 -0.001760 -0.000296 0.005245
27.863100 0.957408 0.026861 -0.014218 -0.000495 0.014467 0.000732 -0.001404 -0.000314 0.006274
28.512100 0.956734 0.027505 -0.014536 -0.000654 0.014524 0.000529 -0.002239 -0.000383 0.005949
29.176200 0.955434 0.028076 -0.015147 -0.000755 0.014154 0.000665 -0.001512 -0.000331 0.005829
29.855800 0.954076 0.028682 -0.016223 -0.000637 0.014987 0.000896 -0.001945 -0.000213 0.005562
30.551200 0.953163 0.029476 -0.015999 -0.000835 0.015265 0.000781 -0.002255 -0.000485 0.005177
31.262900 0.951868 0.029991 -0.017292 -0.000666 0.015644 0.000702 -0.002478 -0.000523 0.006713
31.991100 0.950635 0.030675 -0.017890 -0.000768 0.015455 0.000761 -0.002219 -0.000469 0.005773
32.736200 0.949755 0.031390 -0.018814 -0.000894 0.015160 0.000727 -0.002479 -0.000342 0.005204
33.498800 0.948536 0.032041 -0.018346 -0.000873 0.016208 0.001030 -0.003064 -0.000624 0.006815
34.279100 0.946868 0.032763 -0.019537 -0.000932 0.015851 0.001021 -0.002979 -0.000548 0.006850
35.077500 0.945616 0.033458 -0.020148 -0.000978 0.016275 0.001055 -0.002233 -0.000373 0.006086
35.894600 0.944125 0.034251 -0.020833 -0.001119 0.016416 0.001017 -0.002355 -0.000385 0.006481
36.730700 0.943164 0.034982 -0.020995 -0.001200 0.017569 0.001088 -0.002081 -0.000563 0.006669
37.586200 0.941764 0.035748 -0.022142 -0.001164 0.017661 0.001110 -0.002832 -0.000676 0.007195
38.461700 0.939938 0.036536 -0.022336 -0.001208 0.018113 0.001180 -0.002778 -0.000560 0.006183
39.357600 0.939039 0.037295 -0.023301 -0.001297 0.018231 0.001239 -0.003084 -0.000570 0.006624
40.274400 0.937395 0.038172 -0.023839 -0.001332 0.018540 0.001242 -0.003220 -0.000654 0.006749
41.212500 0.936052 0.038984 -0.024362 -0.001488 0.019050 0.001344 -0.003664 -0.000613 0.006663
42.172400 0.934422 0.039803 -0.025732 -0.001524 0.019423 0.001345 -0.002949 -0.000611 0.006942
43.154800 0.932926 0.040634 -0.025899 -0.001593 0.019626 0.001541 -0.003792 -0.000769 0.006838
44.160000 0.931320 0.041565 -0.027056 -0.001694 0.019709 0.001446 -0.003836 -0.000769 0.007333
45.188600 0.929757 0.042444 -0.027503 -0.001847 0.020269 0.001635 -0.004332 -0.000922 0.008006
46.241200 0.928199 0.043387 -0.028240 -0.001927 0.020954 0.001665 -0.004278 -0.000802 0.007456
47.318300 0.926626 0.044337 -0.028851 -0.002013 0.021465 0.001815 -0.004455 -0.000927 0.007605
48.420400 0.924924 0.045296 -0.030062 -0.002086 0.021717 0.001796 -0.004003 -0.000929 0.007680
49.548300 0.923280 0.046274 -0.030365 -0.002140 0.022443 0.002042 -0.004100 -0.000966 0.007996
50.702400 0.921521 0.047298 -0.031458 -0.002247 0.022563 0.002045 -0.004143 -0.001044 0.007709
51.883400 0.919590 0.048289 -0.032178 -0.002380 0.023573 0.002185 -0.004823 -0.001142 0.007998
53.092000 0.918003 0.049349 -0.033085 -0.002488 0.023936 0.002233 -0.004653 -0.001072 0.007853
54.328600 0.916058 0.050404 -0.034028 -0.002644 0.024376 0.002306 -0.005543 -0.001226 0.007760
55.594100 0.914213 0.051486 -0.034920 -0.002792 0.024698 0.002423 -0.005185 -0.001306 0.008143
56.889100 0.912402 0.052600 -0.035712 -0.002888 0.025115 0.002494 -0.005701 -0.001273 0.008409
58.214200 0.910518 0.053728 -0.036584 -0.002997 0.025527 0.002606 -0.005366 -0.001314 0.008672
59.570200 0.908487 0.054837 -0.037445 -0.003202 0.026337 0.002796 -0.005881 -0.001418 0.009035
60.957700 0.906379 0.056022 -0.038640 -0.003340 0.026388 0.002830 -0.006087 -0.001529 0.009060
62.377600 0.904352 0.057233 -0.039408 -0.003515 0.027143 0.003022 -0.006142 -0.001613 0.009338
63.830600 0.902278 0.058463 -0.040460 -0.003668 0.027756 0.003126 -0.006019 -0.001623 0.009174
65.317400 0.900156 0.059700 -0.041522 -0.003862 0.028354 0.003261 -0.006449 -0.001761 0.009675
66.838800 0.897995 0.060937 -0.042407 -0.004075 0.028870 0.003413 -0.006773 -0.001876 0.009906
68.395700 0.895830 0.062228 -0.043441 -0.004216 0.029715 0.003583 -0.006932 -0.001936 0.009851
69.988800 0.893641 0.063563 -0.044331 -0.004425 0.030072 0.003734 -0.007253 -0.002035 0.009860
71.619100 0.891323 0.064898 -0.045289 -0.004604 0.030578 0.003866 -0.007237 -0.002036 0.010169
73.287300 0.888947 0.066230 -0.046468 -0.004850 0.031140 0.004046 -0.007524 -0.002176 0.010125
74.994400 0.886557 0.067627 -0.047612 -0.005079 0.031656 0.004202 -0.008104 -0.002257 0.010062
76.741200 0.884134 0.069036 -0.048659 -0.005320 0.032188 0.004404 -0.008259 -0.002417 0.010441
78.528800 0.881663 0.070481 -0.049856 -0.005588 0.032417 0.004592 -0.008725 -0.002604 0.010843
80.357900 0.879178 0.071929 -0.050974 -0.005835 0.033080 0.004778 -0.008937 -0.002739 0.011185
82.229700 0.876482 0.073415 -0.052228 -0.006054 0.033389 0.004944 -0.009272 -0.002831 0.011200
84.145100 0.873882 0.074919 -0.053380 -0.006353 0.033792 0.005124 -0.009401 -0.002953 0.011649
86.105100 0.871128 0.076464 -0.054459 -0.006633 0.034350 0.005379 -0.009580 -0.003133 0.012047
88.110700 0.868423 0.078013 -0.055609 -0.006927 0.035076 0.005564 -0.009611 -0.003228 0.012502
90.163100 0.865613 0.079613 -0.056851 -0.007250 0.035841 0.005855 -0.009824 -0.003438 0.012915
92.263300 0.862807 0.081230 -0.057816 -0.007562 0.036390 0.006090 -0.010013 -0.003563 0.013238
94.412300 0.859815 0.082879 -0.059127 -0.007940 0.036941 0.006332 -0.010335 -0.003697 0.013276
96.611500 0.856866 0.084552 -0.060304 -0.008295 0.037679 0.006639 -0.010666 -0.003931 0.013539
98.861900 0.853830 0.086243 -0.061415 -0.008637 0.038350 0.006914 -0.010932 -0.004047 0.013667
101.165000 0.850705 0.087977 -0.062597 -0.009027 0.039028 0.007198 -0.011107 -0.004210 0.013602
103.521000 0.847536 0.089714 -0.063983 -0.009426 0.039582 0.007539 -0.011594 -0.004456 0.013764
105.932000 0.844324 0.091512 -0.065213 -0.009845 0.040212 0.007887 -0.012054 -0.004679 0.014086
108.400000 0.841059 0.093315 -0.066497 -0.010288 0.040820 0.008208 -0.012408 -0.004896 0.014131
110.925000 0.837680 0.095148 -0.067698 -0.010737 0.041450 0.008516 -0.012576 -0.005091 0.014354
113.509000 0.834229 0.097024 -0.069031 -0.011200 0.042193 0.008886 -0.012899 -0.005354 0.014729
116.153000 0.830744 0.098911 -0.070494 -0.011720 0.042857 0.009261 -0.013201 -0.005568 0.014750
118.858000 0.827164 0.100829 -0.071717 -0.012222 0.043583 0.009663 -0.013430 -0.005840 0.015116
121.627000 0.823575 0.102789 -0.072986 -0.012734 0.044347 0.010075 -0.013742 -0.006061 0.015298
124.460000 0.819851 0.104759 -0.074337 -0.013318 0.045250 0.010533 -0.014025 -0.006344 0.015519
127.359000 0.816113 0.106773 -0.075567 -0.013875 0.046011 0.010953 -0.014045 -0.006585 0.015810
130.325000 0.812247 0.108800 -0.076874 -0.014493 0.046942 0.011425 -0.014208 -0.006870 0.016169
133.361000 0.808389 0.110851 -0.078074 -0.015109 0.047918 0.011943 -0.014329 -0.007166 0.016399
136.467000 0.804432 0.112950 -0.079311 -0.015753 0.048772 0.012457 -0.014716 -0.007466 0.016443
139.646000 0.800412 0.115071 -0.080529 -0.016437 0.049802 0.013020 -0.014973 -0.007741 0.016489
142.899000 0.796301 0.117212 -0.081727 -0.017111 0.050560 0.013558 -0.015169 -0.008027 0.016521
146.227000 0.792090 0.119384 -0.082925 -0.017817 0.051462 0.014175 -0.015596 -0.008348 0.016568
149.633000 0.787798 0.121568 -0.084041 -0.018553 0.052469 0.014804 -0.015794 -0.008654 0.016615
153.119000 0.783482 0.123790 -0.085185 -0.019302 0.053373 0.015439 -0.016042 -0.008998 0.016772
156.685000 0.779061 0.126030 -0.086173 -0.020052 0.054392 0.016112 -0.016268 -0.009354 0.016876
160.335000 0.774577 0.128305 -0.087265 -0.020873 0.055336 0.016811 -0.016573 -0.009771 0.017037
164.070000 0.769979 0.130600 -0.088253 -0.021684 0.056360 0.017555 -0.016824 -0.010157 0.017128
167.892000 0.765338 0.132914 -0.089218 -0.022549 0.057333 0.018311 -0.017056 -0.010546 0.017137
171.802000 0.760611 0.135258 -0.090115 -0.023420 0.058320 0.019112 -0.017402 -0.011001 0.017160
175.804000 0.755779 0.137617 -0.090958 -0.024288 0.059230 0.019924 -0.017774 -0.011486 0.017219
179.899000 0.750875 0.140009 -0.091839 -0.025214 0.060203 0.020800 -0.018194 -0.012023 0.017271
184.089000 0.745885 0.142407 -0.092696 -0.026163 0.061101 0.021667 -0.018491 -0.012510 0.017246
188.377000 0.740828 0.144826 -0.093521 -0.027153 0.062008 0.022592 -0.018914 -0.013116 0.017319
192.765000 0.735666 0.147277 -0.094283 -0.028163 0.062917 0.023554 -0.019231 -0.013690 0.017398
197.255000 0.730427 0.149742 -0.095008 -0.029191 0.063770 0.024501 -0.019562 -0.014294 0.017459
201.850000 0.725102 0.152215 -0.095698 -0.030271 0.064693 0.025525 -0.019908 -0.014956 0.017536
206.552000 0.719692 0.154713 -0.096347 -0.031370 0.065543 0.026560 -0.020193 -0.015612 0.017625
211.363000 0.714190 0.157222 -0.096976 -0.032507 0.066376 0.027638 -0.020494 -0.016261 0.017597
216.286000 0.708603 0.159744 -0.097563 -0.033659 0.067134 0.028737 -0.020834 -0.016965 0.017577
221.324000 0.702910 0.162278 -0.098127 -0.034853 0.067820 0.029832 -0.021080 -0.017674 0.017563
226.479000 0.697141 0.164821 -0.098626 -0.036077 0.068511 0.030971 -0.021350 -0.018439 0.017563
231.755000 0.691262 0.167372 -0.099067 -0.037334 0.069184 0.032150 -0.021548 -0.019183 0.017518
237.153000 0.685277 0.169928 -0.099509 -0.038616 0.069692 0.033332 -0.021824 -0.019989 0.017444
242.677000 0.679202 0.172488 -0.099964 -0.039930 0.070134 0.034527 -0.022095 -0.020794 0.017262
248.330000 0.673008 0.175057 -0.100446 -0.041302 0.070434 0.035760 -0.022424 -0.021671 0.017052
254.114000 0.666732 0.177626 -0.100926 -0.042701 0.070653 0.036959 -0.022663 -0.022550 0.016932
260.033000 0.660337 0.180192 -0.101406 -0.044150 0.070803 0.038200 -0.022887 -0.023465 0.016742
266.090000 0.653827 0.182753 -0.101883 -0.045631 0.070835 0.039408 -0.023038 -0.024412 0.016644
272.288000 0.647188 0.185304 -0.102366 -0.047148 0.070721 0.040610 -0.023171 -0.025394 0.016483
278.631000 0.640439 0.187846 -0.102941 -0.048742 0.070478 0.041795 -0.023301 -0.026366 0.016211
285.121000 0.633561 0.190375 -0.103538 -0.050375 0.070078 0.042972 -0.023438 -0.027404 0.015917
291.762000 0.626563 0.192889 -0.104166 -0.052064 0.069592 0.044112 -0.023427 -0.028429 0.015686
298.558000 0.619441 0.195379 -0.104788 -0.053819 0.069048 0.045233 -0.023250 -0.029479 0.015539
305.512000 0.612195 0.197852 -0.105470 -0.055636 0.068368 0.046342 -0.023069 -0.030514 0.015262
312.629000 0.604815 0.200295 -0.106219 -0.057517 0.067506 0.047393 -0.022886 -0.031553 0.014879
319.911000 0.597292 0.202710 -0.107035 -0.059475 0.066504 0.048398 -0.022589 -0.032583 0.014473
327.362000 0.589644 0.205089 -0.107872 -0.061512 0.065454 0.049362 -0.022159 -0.033599 0.014102
334.988000 0.581863 0.207431 -0.108766 -0.063633 0.064262 0.050272 -0.021654 -0.034592 0.013645
342.791000 0.573938 0.209731 -0.109728 -0.065847 0.062927 0.051135 -0.021126 -0.035556 0.013041
350.775000 0.565865 0.211980 -0.110777 -0.068149 0.061411 0.051942 -0.020592 -0.036503 0.012316
358.946000 0.557644 0.214182 -0.111932 -0.070558 0.059725 0.052651 -0.019980 -0.037412 0.011560
367.307000 0.549284 0.216320 -0.113115 -0.073071 0.057944 0.053296 -0.019249 -0.038276 0.010809
375.862000 0.540762 0.218394 -0.114372 -0.075690 0.056024 0.053847 -0.018432 -0.039087 0.010030
384.617000 0.532101 0.220395 -0.115634 -0.078407 0.054025 0.054321 -0.017484 -0.039796 0.009248
393.576000 0.523296 0.222319 -0.116916 -0.081242 0.051950 0.054739 -0.016433 -0.040445 0.008422
402.744000 0.514334 0.224156 -0.118219 -0.084183 0.049754 0.055052 -0.015307 -0.040954 0.007522
412.125000 0.505219 0.225897 -0.119557 -0.087230 0.047392 0.055288 -0.014206 -0.041392 0.006483
421.724000 0.495956 0.227547 -0.120936 -0.090402 0.044908 0.055444 -0.013080 -0.041753 0.005387
431.548000 0.486550 0.229087 -0.122306 -0.093698 0.042345 0.055520 -0.011861 -0.041991 0.004317
441.600000 0.476993 0.230511 -0.123644 -0.097092 0.039675 0.055503 -0.010600 -0.042135 0.003210
451.886000 0.467291 0.231812 -0.124976 -0.100602 0.036891 0.055412 -0.009340 -0.042168 0.002060
462.412000 0.457471 0.232990 -0.126227 -0.104222 0.034081 0.055249 -0.007950 -0.042075 0.001016
473.183000 0.447522 0.234029 -0.127389 -0.107945 0.031233 0.055014 -0.006483 -0.041837 0.000009
484.204000 0.437449 0.234924 -0.128456 -0.111758 0.028313 0.054729 -0.005016 -0.041456 -0.001044
495.483000 0.427258 0.235660 -0.129374 -0.115635 0.025347 0.054385 -0.003527 -0.040957 -0.002079
507.024000 0.416952 0.236233 -0.130176 -0.119593 0.022286 0.053996 -0.002091 -0.040350 -0.003169
518.834000 0.406532 0.236628 -0.130843 -0.123600 0.019108 0.053554 -0.000739 -0.039671 -0.004317
530.920000 0.396012 0.236841 -0.131371 -0.127656 0.015822 0.053064 0.000551 -0.038929 -0.005441
543.286000 0.385377 0.236856 -0.131751 -0.131728 0.012384 0.052524 0.001729 -0.038164 -0.006616
555.941000 0.374641 0.236664 -0.131977 -0.135807 0.008789 0.051918 0.002805 -0.037408 -0.007778
568.891000 0.363807 0.236258 -0.132070 -0.139882 0.004996 0.051216 0.003732 -0.036701 -0.008968
582.142000 0.352874 0.235628 -0.132076 -0.143956 0.000925 0.050389 0.004444 -0.036100 -0.010257
595.702000 0.341839 0.234761 -0.132007 -0.148021 -0.003423 0.049408 0.004964 -0.035655 -0.011596
609.577000 0.330711 0.233647 -0.131858 -0.152065 -0.008045 0.048230 0.005333 -0.035419 -0.012970
623.776000 0.319485 0.232271 -0.131652 -0.156079 -0.012982 0.046821 0.005503 -0.035395 -0.014468
638.306000 0.308156 0.230624 -0.131452 -0.160059 -0.018328 0.045115 0.005392 -0.035642 -0.016221
653.174000 0.296705 0.228687 -0.131339 -0.164016 -0.024176 0.043052 0.004886 -0.036245 -0.018350
668.388000 0.285140 0.226450 -0.131298 -0.167967 -0.030444 0.040549 0.004146 -0.037256 -0.020636
683.957000 0.273470 0.223902 -0.131335 -0.171913 -0.037126 0.037565 0.003162 -0.038616 -0.023181
699.888000 0.261692 0.221028 -0.131459 -0.175868 -0.044190 0.034065 0.001957 -0.040315 -0.025990
716.191000 0.249831 0.217824 -0.131637 -0.179850 -0.051550 0.030038 0.000601 -0.042278 -0.029024
732.873000 0.237888 0.214274 -0.131878 -0.183853 -0.059217 0.025478 -0.000996 -0.044423 -0.032405
749.944000 0.225904 0.210373 -0.132045 -0.187886 -0.066938 0.020410 -0.002535 -0.046675 -0.035748
767.412000 0.214149 0.206125 -0.130935 -0.191839 -0.072771 0.015237 -0.001726 -0.048117 -0.036632
785.288000 0.202755 0.201541 -0.128088 -0.195417 -0.076428 0.010823 0.000991 -0.047267 -0.036270
803.579000 0.191707 0.196643 -0.123809 -0.198372 -0.078819 0.007690 0.004100 -0.043936 -0.036046
822.297000 0.180992 0.191447 -0.118355 -0.200506 -0.080581 0.005980 0.006955 -0.038777 -0.035854
841.451000 0.170600 0.185969 -0.111956 -0.201678 -0.082140 0.005608 0.009440 -0.032685 -0.035235
861.051000 0.160529 0.180231 -0.104818 -0.201795 -0.083767 0.006324 0.011680 -0.026490 -0.033845
881.107000 0.150773 0.174252 -0.097126 -0.200797 -0.085601 0.007807 0.013916 -0.020797 -0.031660
901.631000 0.141327 0.168051 -0.089042 -0.198653 -0.087697 0.009700 0.016387 -0.015932 -0.028897
922.633000 0.132194 0.161652 -0.080719 -0.195373 -0.090033 0.011657 0.019269 -0.011964 -0.025931
944.123000 0.123373 0.155077 -0.072291 -0.190978 -0.092540 0.013357 0.022649 -0.008765 -0.023191
966.115000 0.114868 0.148355 -0.063880 -0.185526 -0.095116 0.014535 0.026518 -0.006068 -0.021027
988.619000 0.106678 0.141506 -0.055591 -0.179071 -0.097627 0.014974 0.030770 -0.003541 -0.019658
1011.650000 0.098806 0.134559 -0.047523 -0.171701 -0.099935 0.014535 0.035218 -0.000851 -0.019118
1035.210000 0.091258 0.127544 -0.039761 -0.163514 -0.101900 0.013142 0.039615 0.002283 -0.019257
1059.320000 0.084039 0.120495 -0.032379 -0.154622 -0.103385 0.010780 0.043671 0.006039 -0.019775
1084.000000 0.077150 0.113440 -0.025440 -0.145142 -0.104267 0.007504 0.047094 0.010480 -0.020273
1109.250000 0.070600 0.106418 -0.018993 -0.135207 -0.104446 0.003427 0.049617 0.015540 -0.020335
1135.090000 0.064390 0.099464 -0.013079 -0.124952 -0.103846 -0.001285 0.051023 0.021040 -0.019576
1161.530000 0.058526 0.092614 -0.007728 -0.114517 -0.102417 -0.006432 0.051160 0.026702 -0.017712
1188.580000 0.053011 0.085905 -0.002956 -0.104037 -0.100138 -0.011794 0.049940 0.032178 -0.014599
1216.270000 0.047850 0.079379 0.001226 -0.093654 -0.097023 -0.017136 0.047370 0.037095 -0.010255
1244.600000 0.043044 0.073068 0.004823 -0.083503 -0.093125 -0.022235 0.043552 0.041116 -0.004862
1273.590000 0.038583 0.066993 0.007842 -0.073703 -0.088527 -0.026886 0.038672 0.043978 0.001274
1303.250000 0.034454 0.061168 0.010303 -0.064364 -0.083337 -0.030923 0.032984 0.045525 0.007766
1333.610000 0.030643 0.055599 0.012226 -0.055570 -0.077671 -0.034217 0.026764 0.045690 0.014194
1364.670000 0.027132 0.050290 0.013642 -0.047388 -0.071647 -0.036680 0.020292 0.044488 0.020136
1396.460000 0.023905 0.045241 0.014584 -0.039861 -0.065377 -0.038260 0.013835 0.041999 0.025203
1428.990000 0.020946 0.040454 0.015087 -0.033019 -0.058973 -0.038937 0.007646 0.038372 0.029061
1462.270000 0.018239 0.035930 0.015195 -0.026878 -0.052541 -0.038727 0.001950 0.033816 0.031464
1496.330000 0.015772 0.031670 0.014950 -0.021440 -0.046188 -0.037674 -0.003056 0.028593 0.032286
1531.190000 0.013529 0.027675 0.014399 -0.016697 -0.040011 -0.035860 -0.007223 0.023005 0.031537
1566.850000 0.011498 0.023946 0.013589 -0.012632 -0.034107 -0.033393 -0.010446 0.017372 0.029374
1603.350000 0.009670 0.020490 0.012571 -0.009218 -0.028566 -0.030407 -0.012679 0.012013 0.026079
1640.700000 0.008037 0.017314 0.011399 -0.006421 -0.023469 -0.027057 -0.013936 0.007204 0.022029
1678.920000 0.006591 0.014428 0.010129 -0.004192 -0.018878 -0.023509 -0.014294 0.003154 0.017636
1718.020000 0.005326 0.011842 0.008819 -0.002472 -0.014831 -0.019920 -0.013882 -0.000020 0.013287
1758.040000 0.004236 0.009560 0.007524 -0.001190 -0.011342 -0.016433 -0.012864 -0.002296 0.009292
1798.990000 0.003307 0.007575 0.006280 -0.000284 -0.008405 -0.013165 -0.011415 -0.003724 0.005865
1840.890000 0.002526 0.005872 0.005112 0.000308 -0.006000 -0.010207 -0.009704 -0.004408 0.003125
1883.770000 0.001880 0.004432 0.004043 0.000642 -0.004093 -0.007619 -0.007890 -0.004486 0.001110
1927.650000 0.001355 0.003240 0.003090 0.000779 -0.002638 -0.005440 -0.006109 -0.004115 -0.000215
1972.550000 0.000939 0.002277 0.002266 0.000772 -0.001577 -0.003679 -0.004474 -0.003456 -0.000937
2018.500000 0.000618 0.001521 0.001578 0.000672 -0.000849 -0.002325 -0.003064 -0.002661 -0.001184
2065.520000 0.000382 0.000952 0.001028 0.000523 -0.000390 -0.001346 -0.001931 -0.001861 -0.001100
2113.630000 0.000216 0.000547 0.000614 0.000361 -0.000135 -0.000693 -0.001093 -0.001161 -0.000835
2162.860000 0.000108 0.000278 0.000324 0.000216 -0.000019 -0.000303 -0.000535 -0.000623 -0.000521
2213.240000 0.000045 0.000118 0.000143 0.000106 0.000014 -0.000104 -0.000211 -0.000270 -0.000257
2264.790000 0.000014 0.000037 0.000047 0.000038 0.000012 -0.000024 -0.000060 -0.000085 -0.000090
2317.550000 0.000003 0.000007 0.000009 0.000008 0.000004 -0.000002 -0.000009 -0.000015 -0.000018
2371.530000 0.000000 0.000001 0.000001 0.000001 0.000000 0.000000 -0.000001 -0.000001 -0.000001
2426.770000 0.000000 0.000000 0.000000 0.000000 0.000000 0.000000 -0.000000 -0.000000 -0.000000
2483.300000 0.000000 0.000000 0.000000 0.000000 0.000000 0.000000 0.000000 0.000000 0.000000
2541.140000 0.000000 0.000000 0.000000 0.000000 0.000000 0.000000 0.000000 0.000000 0.000000
2600.330000 0.000000 0.000000 0.000000 0.000000 0.000000 0.000000 0.000000 0.000000 0.000000
2660.900000 0.000000 0.000000 0.000000 0.000000 0.000000 0.000000 0.000000 0.000000 0.000000
2722.880000 0.000000 0.000000 0.000000 0.000000 0.000000 0.000000 0.000000 0.000000 0.000000
2786.310000 0.000000 0.000000 0.000000 0.000000 0.000000 0.000000 0.000000 0.000000 0.000000
2851.210000 0.000000 0.000000 0.000000 0.000000 0.000000 0.000000 0.000000 0.000000 0.000000
2917.620000 0.000000 0.000000 0.000000 0.000000 0.000000 0.000000 0.000000 0.000000 0.000000
2985.580000 0.000000 0.000000 0.000000 0.000000 0.000000 0.000000 0.000000 0.000000 0.000000
3055.120000 0.000000 0.000000 0.000000 0.000000 0.000000 0.000000 0.000000 0.000000 0.000000
3126.290000 0.000000 0.000000 0.000000 0.000000 0.000000 0.000000 0.000000 0.000000 0.000000
3199.110000 0.000000 0.000000 0.000000 0.000000 0.000000 0.000000 0.000000 0.000000 0.000000
3273.620000 0.000000 0.000000 0.000000 0.000000 0.000000 0.000000 0.000000 0.000000 0.000000
3349.880000 0.000000 0.000000 0.000000 0.000000 0.000000 0.000000 0.000000 0.000000 0.000000
3427.910000 0.000000 0.000000 0.000000 0.000000 0.000000 0.000000 0.000000 0.000000 0.000000
3507.750000 0.000000 0.000000 0.000000 0.000000 0.000000 0.000000 0.000000 0.000000 0.000000
3589.460000 0.000000 0.000000 0.000000 0.000000 0.000000 0.000000 0.000000 0.000000 0.000000
3673.070000 0.000000 0.000000 0.000000 0.000000 0.000000 0.000000 0.000000 0.000000 0.000000
3758.620000 0.000000 0.000000 0.000000 0.000000 0.000000 0.000000 0.000000 0.000000 0.000000
3846.170000 0.000000 0.000000 0.000000 0.000000 0.000000 0.000000 0.000000 0.000000 0.000000
3935.760000 0.000000 0.000000 0.000000 0.000000 0.000000 0.000000 0.000000 0.000000 0.000000
4027.440000 0.000000 0.000000 0.000000 0.000000 0.000000 0.000000 0.000000 0.000000 0.000000
4121.250000 0.000000 0.000000 0.000000 0.000000 0.000000 0.000000 0.000000 0.000000 0.000000
4217.240000 0.000000 0.000000 0.000000 0.000000 0.000000 0.000000 0.000000 0.000000 0.000000
4315.480000 0.000000 0.000000 0.000000 0.000000 0.000000 0.000000 0.000000 0.000000 0.000000
4416.000000 0.000000 0.000000 0.000000 0.000000 0.000000 0.000000 0.000000 0.000000 0.000000
4518.860000 0.000000 0.000000 0.000000 0.000000 0.000000 0.000000 0.000000 0.000000 0.000000
4624.120000 0.000000 0.000000 0.000000 0.000000 0.000000 0.000000 0.000000 0.000000 0.000000
4731.830000 0.000000 0.000000 0.000000 0.000000 0.000000 0.000000 0.000000 0.000000 0.000000
4842.040000 0.000000 0.000000 0.000000 0.000000 0.000000 0.000000 0.000000 0.000000 0.000000
4954.830000 0.000000 0.000000 0.000000 0.000000 0.000000 0.000000 0.000000 0.000000 0.000000
5070.240000 0.000000 0.000000 0.000000 0.000000 0.000000 0.000000 0.000000 0.000000 0.000000
5188.340000 0.000000 0.000000 0.000000 0.000000 0.000000 0.000000 0.000000 0.000000 0.000000
5309.200000 0.000000 0.000000 0.000000 0.000000 0.000000 0.000000 0.000000 0.000000 0.000000
5432.860000 0.000000 0.000000 0.000000 0.000000 0.000000 0.000000 0.000000 0.000000 0.000000
5559.410000 0.000000 0.000000 0.000000 0.000000 0.000000 0.000000 0.000000 0.000000 0.000000
5688.910000 0.000000 0.000000 0.000000 0.000000 0.000000 0.000000 0.000000 0.000000 0.000000
5821.420000 0.000000 0.000000 0.000000 0.000000 0.000000 0.000000 0.000000 0.000000 0.000000
5957.020000 0.000000 0.000000 0.000000 0.000000 0.000000 0.000000 0.000000 0.000000 0.000000
6095.770000 0.000000 0.000000 0.000000 0.000000 0.000000 0.000000 0.000000 0.000000 0.000000
6237.760000 0.000000 0.000000 0.000000 0.000000 0.000000 0.000000 0.000000 0.000000 0.000000
6383.060000 0.000000 0.000000 0.000000 0.000000 0.000000 0.000000 0.000000 0.000000 0.000000
6531.740000 0.000000 0.000000 0.000000 0.000000 0.000000 0.000000 0.000000 0.000000 0.000000
6683.880000 0.000000 0.000000 0.000000 0.000000 0.000000 0.000000 0.000000 0.000000 0.000000
6839.570000 0.000000 0.000000 0.000000 0.000000 0.000000 0.000000 0.000000 0.000000 0.000000
6998.880000 0.000000 0.000000 0.000000 0.000000 0.000000 0.000000 0.000000 0.000000 0.000000
7161.910000 0.000000 0.000000 0.000000 0.000000 0.000000 0.000000 0.000000 0.000000 0.000000
7328.730000 0.000000 0.000000 0.000000 0.000000 0.000000 0.000000 0.000000 0.000000 0.000000
7499.440000 0.000000 0.000000 0.000000 0.000000 0.000000 0.000000 0.000000 0.000000 0.000000
7674.120000 0.000000 0.000000 0.000000 0.000000 0.000000 0.000000 0.000000 0.000000 0.000000
7852.880000 0.000000 0.000000 0.000000 0.000000 0.000000 0.000000 0.000000 0.000000 0.000000
8035.790000 0.000000 0.000000 0.000000 0.000000 0.000000 0.000000 0.000000 0.000000 0.000000
8222.970000 0.000000 0.000000 0.000000 0.000000 0.000000 0.000000 0.000000 0.000000 0.000000
8414.510000 0.000000 0.000000 0.000000 0.000000 0.000000 0.000000 0.000000 0.000000 0.000000
8610.510000 0.000000 0.000000 0.000000 0.000000 0.000000 0.000000 0.000000 0.000000 0.000000
8811.070000 0.000000 0.000000 0.000000 0.000000 0.000000 0.000000 0.000000 0.000000 0.000000
9016.310000 0.000000 0.000000 0.000000 0.000000 0.000000 0.000000 0.000000 0.000000 0.000000
9226.330000 0.000000 0.000000 0.000000 0.000000 0.000000 0.000000 0.000000 0.000000 0.000000
9441.230000 0.000000 0.000000 0.000000 0.000000 0.000000 0.000000 0.000000 0.000000 0.000000
9661.150000 0.000000 0.000000 0.000000 0.000000 0.000000 0.000000 0.000000 0.000000 0.000000
9886.190000 0.000000 0.000000 0.000000 0.000000 0.000000 0.000000 0.000000 0.000000 0.000000
