### header ###
fiducial parameters:
Omega_m = 0.31
Omega_nu = 0
Omega_de = 0.69
Omega_k = 0
H_0 = 100
w_de = -1
zeff = 0
beta = 0
fgrowth = 0
b_1 = 2
gamma = 0.55
Lx = 5400 Ly = 5400 Lz = 5400
nx = 1040 ny = 1040 nz = 1040
xoffset = 2577.10526 yoffset = 45.1611718 zoffset = 888.139362
bins = 400 dk = 0.001
kx_ny = 0.605047474 ky_ny = 0.605047474 kz_ny = 0.605047474
############################
A(data) = 1.79523344 (not used)
A(ran) = 1.79524798 (used)
Ngal = 125499
weighted Ngal = 0
Nran = 7169801
weighted Nran = 0
SN(data) = 70183.6378
SN(ran) = 1234.20216
SN(data+ran) = 71417.84
############################
13 columns: k_central k_mean P_0(k) sigma^{lin}_{P_0(k)} P^img_1(k) sigma^{lin}_{P_1(k)} P_2(k) sigma^{lin}_{P_2(k)} P^img_3(k) sigma^{lin}_{P_3(k)} P_4(k) sigma^{lin}_{P_4(k)} N_modes
### header ###
0.0005 0 0 0 0 0 0 0 0 0 0 0 0
0.0015 0.00148486 -12356.8 0 8315.42 0 7356.99 0 -28436.6 0 60953.8 0 9
0.0025 0.00259566 58358.7 0 -18827.5 0 -18067.9 0 -322.872 0 -38690.6 0 31
0.0035 0.00361263 67250.2 0 22436.9 0 -13911.6 0 -71227.5 0 -23280.9 0 45
0.0045 0.00457543 40040 0 799.585 0 36180.8 0 -31542 0 -93297.6 0 85
0.0055 0.00557741 54116.2 0 -5310.31 0 30285.9 0 21920.9 0 -126522 0 123
0.0065 0.00655581 50037.1 0 -2656.42 0 -28483.3 0 21448.8 0 -36696.5 0 169
0.0075 0.00752137 49994.9 0 3269.33 0 -33834.3 0 -9578.42 0 8315.39 0 216
0.0085 0.00851584 39609 0 8076.76 0 8485.73 0 -30811.4 0 1968.5 0 289
0.0095 0.0094814 28698.1 0 1186.39 0 39702.6 0 6763.71 0 2860.07 0 333
0.0105 0.0105066 32541.7 0 -2148.67 0 14602.2 0 22718.6 0 669.896 0 487
0.0115 0.0115422 28634.8 0 765.173 0 -16196.1 0 166.467 0 10114.1 0 525
0.0125 0.0124855 25195.3 0 1951.93 0 -22978.2 0 -6040.1 0 -4876 0 559
0.0135 0.0134247 18770.4 0 217.856 0 -7714.31 0 4860.52 0 12284.9 0 705
0.0145 0.0144896 28942.1 0 -756.152 0 -914.989 0 -7291.02 0 4335.72 0 946
0.0155 0.0155586 31744.1 0 -3578.41 0 558.707 0 -5066.96 0 -9907.94 0 987
0.0165 0.0165556 39096.8 0 2087.55 0 11964.8 0 -4454.54 0 -25008.8 0 1057
0.0175 0.0175257 38513.3 0 -2048.88 0 3099.51 0 10194.1 0 -13008.7 0 1191
0.0185 0.0185232 36940.5 0 721.874 0 8112.58 0 1178.31 0 7894.5 0 1381
0.0195 0.0195108 32553.9 0 1522.34 0 13076.9 0 -42.4619 0 21635.1 0 1485
0.0205 0.0204965 35506.2 0 -3084.04 0 13051.4 0 4684.23 0 22863.5 0 1663
0.0215 0.0215007 40852.8 0 1237.79 0 8374.13 0 -5768.43 0 5543.24 0 1890
0.0225 0.0225223 34466.2 0 2002.81 0 9173.51 0 -3574.93 0 -9694.16 0 2035
0.0235 0.0235205 29644.7 0 1317.15 0 16123.1 0 -4311.53 0 -16667.4 0 2181
0.0245 0.02453 30655.4 0 35.3799 0 16113.2 0 390.521 0 -17082.4 0 2485
0.0255 0.0255276 32231 0 -1184.75 0 15431.5 0 4166.59 0 -13076.3 0 2499
0.0265 0.0265047 30086.2 0 1519.07 0 6443.36 0 3752.99 0 -12302.7 0 2773
0.0275 0.0274948 30099.6 0 45.381 0 6734.4 0 3497.67 0 -613.525 0 2985
0.0285 0.0285066 31932.7 0 -1259.95 0 10865.7 0 -4484.32 0 11001.4 0 3352
0.0295 0.0295076 33172.4 0 1341.04 0 19545.9 0 -5834.44 0 2986.54 0 3369
0.0305 0.0304928 30694.8 0 -153.539 0 17881.3 0 8311.14 0 -4909.95 0 3703
0.0315 0.0315081 31741.2 0 -748.14 0 3137.28 0 8036.35 0 4036.4 0 4077
0.0325 0.032517 30652 0 921.6 0 1802.71 0 -3714.35 0 6875.88 0 4153
0.0335 0.0335009 29098.1 0 334.835 0 5262.81 0 87.4601 0 3184.65 0 4419
0.0345 0.0344876 26247.3 0 96.6777 0 6581.59 0 -3674.1 0 -1813.11 0 4693
0.0355 0.0354932 28636.2 0 70.9625 0 5106.28 0 647.523 0 -4071.08 0 5148
0.0365 0.0365072 28130.8 0 975.269 0 5756.45 0 327.27 0 -305.371 0 5293
0.0375 0.0375018 25003.8 0 347.231 0 7583.27 0 41.919 0 132.711 0 5577
0.0385 0.0384997 23933.8 0 403.119 0 8266.3 0 951.448 0 3235.74 0 5923
0.0395 0.0395083 23880.6 0 13.3214 0 1754.8 0 379.904 0 -653.284 0 6333
0.0405 0.0405103 21691.6 0 1062.51 0 4013.59 0 -1804.5 0 696.486 0 6451
0.0415 0.0415021 20163.3 0 1064.46 0 10837.5 0 -3963.77 0 -3326.9 0 6849
0.0425 0.0425019 21543.6 0 -749.34 0 14770.9 0 4208.29 0 -1730.27 0 7246
0.0435 0.043508 20098.3 0 719.085 0 8195.06 0 -756.806 0 -293.81 0 7599
0.0445 0.0445093 17694.3 0 1769.65 0 11915.7 0 -3435.73 0 -5430.68 0 7861
0.0455 0.0455066 17144.6 0 -1085.92 0 15065.7 0 534.74 0 -9420.65 0 8247
0.0465 0.0465009 20028.5 0 -1041.17 0 13548 0 3523.35 0 -6393.72 0 8521
0.0475 0.0475044 20077.5 0 -322.984 0 9735.25 0 992.221 0 -826.516 0 9177
0.0485 0.0485122 21165.7 0 778.717 0 10192 0 152.06 0 -862.078 0 9391
0.0495 0.0495083 19636.7 0 1406.15 0 12025.2 0 -1952.47 0 -2804.26 0 9690
0.0505 0.0504967 16001.7 0 421.543 0 13689.3 0 2644.2 0 2129.55 0 10015
0.0515 0.0514999 14855.7 0 173.81 0 9812.5 0 188.952 0 1610.92 0 10773
0.0525 0.0525054 15552.8 0 -452.526 0 5698.76 0 483.825 0 532.118 0 10957
0.0535 0.0535045 15874.5 0 -1.25397 0 6703.12 0 -146.233 0 -2219.21 0 11415
0.0545 0.0545061 15532.3 0 57.7278 0 5774.9 0 571.426 0 937.475 0 11905
0.0555 0.0555086 16494.8 0 -255.614 0 3848.61 0 1013.94 0 1475.19 0 12249
0.0565 0.0564957 16293.2 0 487.082 0 4806.67 0 -1494.58 0 -2744.06 0 12508
0.0575 0.0574992 16712.2 0 -681.642 0 7872.48 0 -2149.69 0 -4690.55 0 13473
0.0585 0.05851 18504.2 0 81.5788 0 8972.87 0 252.833 0 -4493.46 0 13675
0.0595 0.059507 17858.7 0 355.03 0 7487.64 0 1646.75 0 -3932.27 0 13989
0.0605 0.0605007 16940.7 0 -230.181 0 3325.54 0 822.144 0 -3309.88 0 14533
0.0615 0.0615026 16698.1 0 238.436 0 5657.15 0 190.519 0 -737.345 0 15243
0.0625 0.0625025 16430.1 0 455.335 0 6772.34 0 411.449 0 3003.82 0 15445
0.0635 0.0634913 16266.3 0 66.6 0 8003.38 0 -453.255 0 94.4744 0 15867
0.0645 0.0644815 16071.6 0 452.137 0 8609.86 0 -904.318 0 202.88 0 16474
0.0655 0.0654849 14255.6 0 493.547 0 8857.29 0 1058.02 0 1645.24 0 17265
0.0665 0.0664959 14300.4 0 6.81602 0 9957.31 0 286.547 0 2465.22 0 17899
0.0675 0.0675026 13933.7 0 -116.501 0 8674.67 0 777.228 0 4506.84 0 18141
0.0685 0.0685027 15501.6 0 -1065.34 0 7270.83 0 2334.31 0 5581.98 0 18763
0.0695 0.0695063 16860.7 0 438.494 0 7963.6 0 -957.397 0 8669.46 0 19305
0.0705 0.0705024 16410 0 45.3833 0 7648.03 0 -577.081 0 7834.38 0 19705
0.0715 0.0715063 15197.7 0 910.36 0 10962.2 0 -2692.04 0 2187.73 0 20688
0.0725 0.0725076 15109.9 0 125.023 0 13427.9 0 -737.969 0 -2296.92 0 20725
0.0735 0.0734986 14105.8 0 -49.4504 0 10514 0 1517.89 0 -3033.18 0 21339
0.0745 0.0745007 13552.8 0 167.775 0 7369.15 0 1711.44 0 -3465.19 0 22453
0.0755 0.075511 13737.2 0 -539.261 0 4480.11 0 2292.28 0 -1889.33 0 22893
0.0765 0.0765107 12218.7 0 923.104 0 1617.38 0 372.688 0 -865.893 0 23239
0.0775 0.0774994 10260 0 699.081 0 2629.66 0 -883.803 0 -1655.99 0 23505
0.0785 0.0784881 11198.8 0 -347.305 0 4074.33 0 -1088.81 0 -2527.37 0 24490
0.0795 0.0794971 12201.4 0 -694.348 0 4277.87 0 -22.5318 0 -1000.35 0 25683
0.0805 0.0805073 13395.5 0 94.2308 0 4439.72 0 1173.24 0 -490.454 0 25945
0.0815 0.081511 13356.6 0 18.7809 0 3984.68 0 968.135 0 2931.59 0 26571
0.0825 0.0825045 13386.4 0 582.275 0 5742.42 0 -2141.18 0 3435.52 0 26737
0.0835 0.0835014 12264.5 0 212.529 0 9082.6 0 -232.039 0 3721.61 0 27993
0.0845 0.0845011 12209.5 0 -93.3908 0 7005.32 0 1494.96 0 4159.77 0 28339
0.0855 0.0854979 10867.3 0 130.154 0 5120.78 0 776.521 0 4760.78 0 29178
0.0865 0.0865051 9996.19 0 705.165 0 4895.54 0 -795.461 0 2477.24 0 30199
0.0875 0.087502 9066.9 0 186.107 0 3856.01 0 1116.61 0 1839.61 0 29973
0.0885 0.0885043 8962.86 0 232.179 0 4289.1 0 -592.701 0 1949.34 0 31921
0.0895 0.0895114 9009.14 0 22.4858 0 6096.47 0 -361.37 0 4320.4 0 31767
0.0905 0.0905087 10085.5 0 -108.432 0 6902.96 0 -214.43 0 3839.95 0 32713
0.0915 0.0915025 9328.38 0 22.9056 0 8259.77 0 -633.918 0 2025.07 0 32943
0.0925 0.0924937 9200.38 0 248.39 0 6250.26 0 317.355 0 897.922 0 33970
0.0935 0.0934955 8547.55 0 227.604 0 6061.52 0 286.103 0 477.313 0 35133
0.0945 0.0945066 8923.36 0 -353.202 0 3124.14 0 1300.63 0 -2015.51 0 36139
0.0955 0.0955088 8556.04 0 406.102 0 2704.9 0 -960.268 0 -3473.86 0 36033
0.0965 0.0965014 8217.77 0 -462.469 0 2340.8 0 254.325 0 -3586.37 0 36907
0.0975 0.0974968 9098.58 0 101.334 0 3645.48 0 -695.955 0 -3641.28 0 37797
0.0985 0.0984961 8421.48 0 340.334 0 4947.62 0 18.5906 0 -1633.18 0 38821
0.0995 0.099501 8539.16 0 -294.48 0 3702.6 0 1089.97 0 -2646.49 0 39828
0.1005 0.100505 8342.04 0 436.22 0 2771.57 0 -998.414 0 -2452.02 0 40201
0.1015 0.101494 8139.48 0 -2.85517 0 2963.73 0 533.263 0 -3288.77 0 40239
0.1025 0.102494 7819.53 0 178.061 0 3556.67 0 278.949 0 -3567.46 0 42685
0.1035 0.103507 7577.07 0 152.344 0 3173.84 0 -303.51 0 -2769.74 0 43077
0.1045 0.104505 7252.12 0 -11.7578 0 3242.15 0 596.001 0 -1687.4 0 43099
0.1055 0.105503 7760.26 0 -169.636 0 1696.94 0 985.257 0 342.835 0 44685
0.1065 0.106501 8217.85 0 -48.6052 0 -19.2124 0 -99.7738 0 339.702 0 44734
0.1075 0.1075 7786.15 0 510.374 0 1776.92 0 -1760.82 0 -3173.87 0 46527
0.1085 0.108508 6940.78 0 -39.8106 0 2389.69 0 295.73 0 -3439.05 0 47245
0.1095 0.109506 6913.7 0 261.12 0 1047.74 0 264.314 0 -4573.03 0 47415
0.1105 0.110501 6298.34 0 169.056 0 1691.41 0 -111.698 0 -3446.71 0 48601
0.1115 0.111497 6391.29 0 242.782 0 2075.92 0 -94.8014 0 -2823.49 0 49293
0.1125 0.112495 6225.81 0 -204.93 0 2238.05 0 -16.5764 0 -2807.74 0 50539
0.1135 0.113493 6227.87 0 148.302 0 3175.2 0 -218.528 0 -1960.04 0 51294
0.1145 0.114495 6193.28 0 44.3348 0 3108.87 0 789.796 0 -589.341 0 52471
0.1155 0.115497 6368.48 0 -172.544 0 1366.33 0 375.481 0 -362.216 0 53133
0.1165 0.1165 6869.49 0 -452.222 0 1131.93 0 243.053 0 -1751.85 0 54601
0.1175 0.117503 7273.33 0 499.771 0 133.739 0 -372.466 0 -1334.44 0 54891
0.1185 0.118505 6242.03 0 716.601 0 2202.09 0 -882.639 0 -1929.98 0 56497
0.1195 0.119506 5457.51 0 -72.9271 0 3226.05 0 -485.371 0 -2228.78 0 56559
0.1205 0.120503 5392.43 0 -171.816 0 3834.6 0 212.655 0 -2098.73 0 57970
0.1215 0.1215 6319.35 0 179.944 0 4013.86 0 177.644 0 -460.69 0 58533
0.1225 0.122502 5955.49 0 103.6 0 3751.07 0 500.836 0 748.445 0 60403
0.1235 0.123506 5832.92 0 -117.918 0 3248.57 0 749.898 0 1392.57 0 60777
0.1245 0.124505 5908.31 0 -177.45 0 2411.59 0 83.0803 0 663.93 0 61735
0.1255 0.125507 6296.59 0 78.5217 0 2114.92 0 -103.814 0 -437.558 0 63141
0.1265 0.126506 5635.67 0 198.26 0 2304.24 0 -569.698 0 -1189.18 0 63421
0.1275 0.1275 6784.3 0 -154.409 0 1523.96 0 0.108363 0 -2437.87 0 64551
0.1285 0.128497 7152.39 0 107.344 0 1709.46 0 5.73783 0 -3009.42 0 65806
0.1295 0.129497 6301.87 0 239.91 0 691.903 0 -332.847 0 -3658.22 0 66741
0.1305 0.130499 6404.24 0 -239.313 0 1355.05 0 159.83 0 -4157.09 0 68335
0.1315 0.131505 6246.41 0 78.4093 0 1601.05 0 206.594 0 -3046.28 0 69453
0.1325 0.132505 6474.02 0 -24.9277 0 1312.58 0 241.168 0 -1798.92 0 69651
0.1335 0.133504 6705.39 0 290.35 0 1265.61 0 46.7544 0 -721.64 0 71257
0.1345 0.134502 5477.45 0 438.928 0 3031.61 0 -6.05509 0 599.731 0 71637
0.1355 0.135502 5241.19 0 -287.238 0 2783.77 0 554.588 0 1584.4 0 73816
0.1365 0.136505 5981.21 0 -132.551 0 2509.37 0 -325.533 0 1937.18 0 74169
0.1375 0.137504 6717.36 0 -59.0035 0 2439.41 0 209.02 0 1797.83 0 75427
0.1385 0.138503 6399.63 0 346.164 0 2965.16 0 -7.65465 0 2556.06 0 76305
0.1395 0.139503 5657.29 0 292.38 0 2395.56 0 -25.2799 0 1751.8 0 77761
0.1405 0.1405 5702.67 0 -117.772 0 2275.34 0 522.523 0 1572.6 0 78219
0.1415 0.141496 6225.82 0 -116.981 0 2059 0 161.8 0 1629.93 0 79765
0.1425 0.142494 6128.71 0 227.615 0 2585.55 0 -930.013 0 957.98 0 80928
0.1435 0.143499 5623.26 0 453.886 0 3172.05 0 -544.429 0 304.708 0 82669
0.1445 0.1445 5436.61 0 -112.432 0 2670.93 0 1050.85 0 -115.861 0 83085
0.1455 0.145499 5636.32 0 -161.69 0 1443.75 0 744.795 0 1728.31 0 84427
0.1465 0.146501 5554.73 0 -76.3292 0 410.064 0 435.951 0 1752.41 0 86085
0.1475 0.147502 5426.79 0 51.8731 0 318.326 0 -596.443 0 915.31 0 86287
0.1485 0.148502 5400.51 0 222.257 0 693.108 0 -830.91 0 37.0947 0 88473
0.1495 0.149506 5089.61 0 446.742 0 1740.53 0 24.2342 0 138.467 0 89542
0.1505 0.150506 4566.42 0 -50.9917 0 1493.44 0 578.127 0 777.712 0 89919
0.1515 0.151502 4695.99 0 19.704 0 1365.29 0 336.341 0 990.469 0 91105
0.1525 0.152499 4920.63 0 22.5332 0 483.968 0 95.8148 0 1511.28 0 92715
0.1535 0.153502 4789.73 0 55.9234 0 971.07 0 -659.77 0 217.622 0 94525
0.1545 0.154503 4479.48 0 210.074 0 841.999 0 -142.824 0 92.6297 0 94989
0.1555 0.155502 3885.68 0 322.989 0 3080.16 0 -362.382 0 1029.01 0 96451
0.1565 0.156502 3871.3 0 150.227 0 3881.07 0 371.363 0 3035.55 0 97818
0.1575 0.157502 3677.2 0 -16.4114 0 4002.44 0 -225.487 0 3061.08 0 98485
0.1585 0.158497 3445.56 0 90.3966 0 1641.38 0 459.837 0 704.467 0 99891
0.1595 0.1595 3511.31 0 -24.6582 0 35.9701 0 1250.54 0 -189.607 0 102265
0.1605 0.160505 3690.97 0 6.69431 0 -663.273 0 -288.505 0 892.232 0 103131
0.1615 0.161503 3515.62 0 77.5521 0 -288.278 0 -335.726 0 920.531 0 102997
0.1625 0.162496 3128.12 0 323.808 0 1256.95 0 -528.959 0 879.159 0 105021
0.1635 0.1635 3227.01 0 -160.49 0 1457.89 0 -90.8813 0 709.062 0 107908
0.1645 0.164504 3906.07 0 -8.0881 0 1905.02 0 -241.664 0 -108.02 0 107541
0.1655 0.165499 4072.55 0 -55.1523 0 843.621 0 748.467 0 106.335 0 108403
0.1665 0.166494 3875.51 0 58.1255 0 -303.684 0 564.432 0 -168.901 0 110349
0.1675 0.167498 3414.64 0 260.069 0 -646.6 0 -97.0613 0 369.278 0 112933
0.1685 0.168503 2927.17 0 205.124 0 -60.6598 0 -477.211 0 161.93 0 113439
0.1695 0.169501 3073.66 0 -190.449 0 -63.9894 0 64.5895 0 107.443 0 113905
0.1705 0.170497 3668.93 0 53.3951 0 56.2474 0 241.228 0 -502.181 0 115908
0.1715 0.1715 3562.84 0 146.247 0 -703.471 0 195.898 0 -335.397 0 117649
0.1725 0.172502 3139.66 0 46.7815 0 -1132.68 0 -41.6987 0 -184.968 0 119025
0.1735 0.173504 3248.4 0 94.5867 0 -21.1189 0 -716.686 0 317.776 0 120283
0.1745 0.174502 3578.43 0 142.963 0 1856.46 0 -673.514 0 231.579 0 120753
0.1755 0.175498 3964.63 0 -95.1405 0 1735.76 0 681.628 0 -163.941 0 122539
0.1765 0.176497 3248.27 0 301.871 0 855.639 0 238.74 0 -665.392 0 124089
0.1775 0.177496 2643.26 0 105.434 0 -44.1467 0 7.85217 0 -1458.06 0 125890
0.1785 0.178499 2713.77 0 -84.9253 0 -306.185 0 -432.737 0 -2598.6 0 127587
0.1795 0.179501 3133.09 0 21.5108 0 258.579 0 -58.6552 0 -2031.18 0 128401
0.1805 0.180499 3306.85 0 194.725 0 1000.33 0 55.5293 0 -938.034 0 129591
0.1815 0.181501 2490.79 0 132.915 0 494.945 0 513.044 0 -169.104 0 132157
0.1825 0.182504 2652.8 0 151.564 0 -546.531 0 -157.363 0 -1220.16 0 132849
0.1835 0.183502 2594.35 0 -32.0631 0 143.494 0 -380.349 0 -798.816 0 133963
0.1845 0.184499 3078.15 0 -83.1844 0 659.332 0 336.036 0 19.795 0 135354
0.1855 0.1855 3336.85 0 162.052 0 99.7014 0 385.255 0 -356.287 0 137845
0.1865 0.186505 2929.56 0 -156.605 0 -263.845 0 23.1222 0 -104.349 0 139395
0.1875 0.187506 3389.9 0 64.9464 0 -152.42 0 -300.568 0 -464.391 0 140137
0.1885 0.188503 3529.35 0 96.9583 0 435.775 0 -331.413 0 -598.478 0 140859
0.1895 0.189498 3479.59 0 140.693 0 264.466 0 596.615 0 171.564 0 142549
0.1905 0.1905 2989.23 0 337.785 0 636.857 0 -519.717 0 -98.0328 0 145941
0.1915 0.1915 2294.24 0 284.878 0 1902.86 0 -380.903 0 373.977 0 145279
0.1925 0.192499 2125.06 0 13.5119 0 1630.05 0 219.933 0 515.03 0 148482
0.1935 0.193501 2521.38 0 -262.284 0 1135.39 0 276.273 0 657.993 0 149239
0.1945 0.194501 2955.64 0 208.503 0 969.329 0 -392.668 0 156.663 0 150801
0.1955 0.195501 2842.39 0 -27.0051 0 835.549 0 236.947 0 -417.498 0 152749
0.1965 0.196505 3167.23 0 -82.3689 0 341.462 0 211.318 0 -978.172 0 154851
0.1975 0.197505 2873.07 0 191.253 0 181.184 0 -186.89 0 -1059.1 0 154765
0.1985 0.198501 2615.91 0 193.186 0 248.087 0 249.52 0 -1157.88 0 156843
0.1995 0.199499 2459.91 0 54.7221 0 -146.298 0 290.129 0 -508.727 0 158326
0.2005 0.200499 2891.42 0 -89.856 0 -647.795 0 154.441 0 -545.061 0 160629
0.2015 0.201502 2658.68 0 186.919 0 391.399 0 -404.903 0 250.964 0 162919
0.2025 0.202506 2369.74 0 197.07 0 742.485 0 -114.517 0 857.241 0 163701
0.2035 0.203502 1959.06 0 145.581 0 1153 0 141.392 0 748.183 0 163843
0.2045 0.204496 2119.45 0 11.7699 0 536.691 0 260.249 0 594.568 0 165873
0.2055 0.205493 2066.01 0 140.093 0 -54.8745 0 50.5064 0 636.168 0 168697
0.2065 0.206497 2188.28 0 -16.7423 0 -91.8253 0 201.08 0 1045.74 0 171240
0.2075 0.207501 2236.62 0 146.328 0 34.1364 0 -553.795 0 790.347 0 171925
0.2085 0.208499 2303.28 0 15.103 0 485.219 0 -143.875 0 413.618 0 172329
0.2095 0.2095 2328.06 0 47.9127 0 590.499 0 -131.79 0 -370.929 0 176299
0.2105 0.210501 2587.11 0 19.4431 0 541.959 0 310.762 0 -384.706 0 175965
0.2115 0.211501 2358.32 0 265.636 0 420.771 0 -265.457 0 119.581 0 179347
0.2125 0.212502 1832.49 0 277.916 0 1153.26 0 -536.365 0 35.0969 0 179661
0.2135 0.213501 1505.27 0 -101.214 0 1461.03 0 293.261 0 -534.717 0 181690
0.2145 0.2145 2316.51 0 -183.713 0 13.3507 0 815.621 0 -588.819 0 183387
0.2155 0.215502 2331 0 141.895 0 -1164.78 0 351.711 0 -490.489 0 186217
0.2165 0.216505 1828.51 0 338.986 0 -332.259 0 -330.87 0 1017.52 0 186927
0.2175 0.217503 1841.99 0 -200.432 0 452.819 0 208.251 0 1695.32 0 187765
0.2185 0.218497 2466.75 0 -140.1 0 -446.254 0 204.205 0 1110.11 0 189069
0.2195 0.219498 2682.4 0 150.774 0 -1106.98 0 -497.242 0 346.042 0 193939
0.2205 0.220501 2748.53 0 120.605 0 -99.7483 0 -540.731 0 -1361.41 0 193686
0.2215 0.221501 2047.33 0 358.811 0 562.596 0 -74.7339 0 -749.224 0 195559
0.2225 0.222501 1764.19 0 37.0386 0 159.203 0 507.991 0 -327.835 0 197697
0.2235 0.223503 1495.78 0 211.036 0 89.0627 0 -63.9093 0 -474.246 0 199957
0.2245 0.224503 2030.83 0 -139.633 0 -244.639 0 72.8515 0 -532.632 0 199995
0.2255 0.225501 1580 0 425.274 0 178.238 0 -464.292 0 -477.233 0 203257
0.2265 0.226499 1318.99 0 35.7009 0 652.211 0 351.329 0 280.993 0 203415
0.2275 0.227498 1645.35 0 -10.928 0 707.83 0 -66.7125 0 260.78 0 207154
0.2285 0.2285 1624.22 0 9.67086 0 4.24536 0 299.427 0 377.795 0 208437
0.2295 0.229499 1972.39 0 -93.2158 0 -267.359 0 113.428 0 76.7579 0 209263
0.2305 0.230501 2003.48 0 314.477 0 463.932 0 -636.642 0 -76.6965 0 213633
0.2315 0.231503 1545.7 0 33.16 0 1360.83 0 -10.4729 0 -118.904 0 212695
0.2325 0.232499 1785.09 0 13.07 0 214.441 0 230.803 0 -794.036 0 215289
0.2335 0.233497 1776.52 0 -1.0384 0 -334.959 0 433.026 0 -843.128 0 217081
0.2345 0.234499 1985.81 0 60.1676 0 -609.022 0 180.72 0 -241.429 0 220716
0.2355 0.235501 2014.11 0 211.776 0 -393.23 0 -188.842 0 551.198 0 220285
0.2365 0.236498 1528.38 0 172.35 0 139.424 0 -105.48 0 731.415 0 222585
0.2375 0.237499 1543.5 0 -42.1584 0 -301.569 0 601.442 0 1340 0 226195
0.2385 0.238502 1367.65 0 241.288 0 -505.125 0 -182.821 0 939.999 0 226749
0.2395 0.239502 1025.58 0 281.249 0 -175.073 0 -958.938 0 -187.603 0 229147
0.2405 0.240501 1240.87 0 -112.727 0 573.492 0 -3.06641 0 -803.006 0 229869
0.2415 0.2415 1594.75 0 78.6664 0 906.639 0 34.7156 0 -325.418 0 232846
0.2425 0.242501 1628.07 0 -77.9784 0 1283.86 0 -101.581 0 -231.675 0 235059
0.2435 0.243503 2172.23 0 -77.1313 0 276.542 0 474.94 0 -390.341 0 236809
0.2445 0.244502 2301.1 0 238.491 0 206.116 0 -158.326 0 -255.17 0 238011
0.2455 0.245503 1684.56 0 260.346 0 1030.14 0 -117.162 0 201.62 0 240757
0.2465 0.246502 1487.1 0 46.7446 0 394.762 0 290.189 0 720.762 0 241857
0.2475 0.247502 1352.42 0 231.558 0 -181.271 0 232.907 0 -151.701 0 244651
0.2485 0.248501 994.291 0 41.2147 0 -265.528 0 -4.1718 0 -144.235 0 245550
0.2495 0.2495 1425.36 0 -160.829 0 -362.596 0 64.2797 0 538.922 0 248815
0.2505 0.250502 1870.29 0 57.2895 0 -151.768 0 -291.589 0 6.44257 0 250497
0.2515 0.251504 1862.08 0 198.394 0 199.642 0 -40.0162 0 130.503 0 253177
0.2525 0.252504 1692.75 0 -5.3163 0 237.788 0 256.077 0 300.371 0 253599
0.2535 0.253501 1667.14 0 97.1276 0 102.45 0 176.451 0 805.052 0 255277
0.2545 0.2545 1682.53 0 176.46 0 -451.877 0 109.334 0 562.255 0 259011
0.2555 0.255499 1641.41 0 0.525872 0 -95.9946 0 -265.945 0 580.946 0 259285
0.2565 0.256498 1896.73 0 78.088 0 -9.94344 0 -235.456 0 -409.489 0 263070
0.2575 0.257503 1504.73 0 152.698 0 -36.7159 0 -16.4744 0 -107.839 0 265927
0.2585 0.258504 1319.02 0 316.463 0 166.976 0 -24.4826 0 -366.508 0 265653
0.2595 0.259502 987.281 0 141.925 0 -219.134 0 390.349 0 47.6965 0 268333
0.2605 0.260502 1069.58 0 -95.657 0 -159.619 0 -68.2489 0 349.163 0 271155
0.2615 0.261503 1573.71 0 -130.327 0 -404.164 0 -44.8149 0 127.541 0 272689
0.2625 0.262502 1782.29 0 260.849 0 -476.975 0 -174.846 0 -236.469 0 274851
0.2635 0.2635 1544.03 0 87.2502 0 -214.812 0 206.136 0 81.5321 0 275742
0.2645 0.264502 1317.49 0 192.596 0 -530.255 0 66.7122 0 25.2338 0 280897
0.2655 0.265504 1217.06 0 136.04 0 -1173.37 0 -52.3872 0 -403.957 0 280479
0.2665 0.266501 1164.97 0 0.22928 0 -859.281 0 -126.258 0 -298.332 0 282649
0.2675 0.267502 1314.76 0 86.5266 0 172.561 0 -190 0 211.623 0 286191
0.2685 0.2685 1290.24 0 188.718 0 588.255 0 142.471 0 543.323 0 285769
0.2695 0.269499 1401.49 0 -85.3585 0 -13.9527 0 429.206 0 859.544 0 291225
0.2705 0.270501 1225.73 0 210.449 0 -476.65 0 -155.258 0 331.082 0 291484
0.2715 0.271501 1280.43 0 -12.15 0 -547.756 0 39.6839 0 278.538 0 293997
0.2725 0.272501 1250.33 0 145.479 0 -292.066 0 -44.9665 0 479.908 0 296503
0.2735 0.2735 1252.97 0 97.0831 0 -334.991 0 -154.09 0 699.915 0 297345
0.2745 0.274501 1424.19 0 -9.58405 0 -251.082 0 106.752 0 277.911 0 302197
0.2755 0.275503 1719.93 0 79.2634 0 -560.849 0 318.781 0 803.049 0 301995
0.2765 0.276501 1508.22 0 234.447 0 -232.207 0 -278.389 0 1067.23 0 304453
0.2775 0.2775 1263.92 0 132.03 0 -165.84 0 -316.946 0 720.15 0 307104
0.2785 0.278501 1106.68 0 107.213 0 100.954 0 -120.072 0 -475.855 0 310021
0.2795 0.279501 1331.35 0 59.3678 0 151.64 0 -116.975 0 -1149.8 0 311097
0.2805 0.280501 1425.21 0 90.0541 0 148.429 0 -19.9074 0 -945.111 0 314515
0.2815 0.281501 1438.01 0 92.3317 0 -29.7602 0 338.323 0 -277.932 0 315165
0.2825 0.282501 1019.34 0 220.708 0 -267.877 0 29.994 0 154.079 0 318811
0.2835 0.283501 1261.15 0 -99.8686 0 -343.869 0 130.414 0 299.129 0 320553
0.2845 0.284502 1729.89 0 -6.77121 0 -896.871 0 216.038 0 228.109 0 323518
0.2855 0.285502 1643.66 0 188.252 0 -308.96 0 -107.544 0 727.861 0 324723
0.2865 0.2865 1451.89 0 89.0226 0 -133.18 0 51.5467 0 763.708 0 326329
0.2875 0.287499 1375.17 0 149.529 0 -209.988 0 -266.561 0 349.079 0 329925
0.2885 0.288503 1690.93 0 -80.8388 0 -544.793 0 278.335 0 81.0056 0 334183
0.2895 0.289505 1740.99 0 153.997 0 -924.71 0 -55.0028 0 -446.567 0 333849
0.2905 0.290503 1464.13 0 121.065 0 -1024.65 0 220.384 0 124.873 0 335371
0.2915 0.291498 1313.88 0 146.544 0 -1312.28 0 59.3655 0 414.884 0 337098
0.2925 0.292497 1386.85 0 116.461 0 -1493.07 0 -40.0109 0 400.437 0 341989
0.2935 0.293496 1086.86 0 208.888 0 -974.838 0 26.8789 0 506.386 0 342507
0.2945 0.294497 1170.94 0 138.723 0 -1044.43 0 -226.41 0 699.426 0 347341
0.2955 0.2955 1002.9 0 269.459 0 -491.46 0 -395.266 0 207.467 0 348975
0.2965 0.2965 771.657 0 87.5508 0 -269.206 0 -180.483 0 -72.4635 0 350197
0.2975 0.297499 750.923 0 15.9771 0 -10.7067 0 269.047 0 -190.686 0 352737
0.2985 0.2985 1092.33 0 1.9859 0 -529.132 0 316.232 0 266.125 0 356728
0.2995 0.299502 931.566 0 247.894 0 -443.08 0 -652.366 0 41.9089 0 357717
0.3005 0.3005 1042.5 0 -120.832 0 -170.698 0 268.301 0 -320.788 0 358231
0.3015 0.301501 1324.22 0 124.097 0 -58.0221 0 51.9426 0 -175.199 0 365061
0.3025 0.302503 1451.26 0 71.1746 0 -446.73 0 184.07 0 180.572 0 363985
0.3035 0.303502 1104.53 0 260.659 0 -808.269 0 -103.245 0 43.5975 0 367827
0.3045 0.304501 663.172 0 90.29 0 -1163.93 0 435.832 0 213.188 0 369097
0.3055 0.305499 941.919 0 30.6755 0 -1061.03 0 -84.1192 0 427.81 0 371076
0.3065 0.306499 1079.66 0 163.654 0 -553.006 0 -345.308 0 610.842 0 376105
0.3075 0.307502 1119.57 0 101.463 0 -164.336 0 -171.392 0 44.4933 0 377937
0.3085 0.308502 851.81 0 137.674 0 -362.083 0 0.724962 0 1.10904 0 378991
0.3095 0.309503 915.603 0 164.005 0 -156.746 0 -226.309 0 -293.976 0 383157
0.3105 0.310502 1014.17 0 92.1433 0 120.127 0 209.899 0 -38.5606 0 383095
0.3115 0.311501 814.532 0 49.2064 0 -106.956 0 245.965 0 650.71 0 387129
0.3125 0.3125 884.261 0 129.768 0 -292.123 0 -147.961 0 175.991 0 388885
0.3135 0.313501 679.78 0 184.866 0 -321.939 0 -140.819 0 -191.268 0 393468
0.3145 0.314503 931.09 0 25.4204 0 154.723 0 295.957 0 856.064 0 394549
0.3155 0.315501 1159.11 0 72.2496 0 300.819 0 -113.786 0 1589.2 0 395757
0.3165 0.3165 1377.12 0 86.9705 0 36.7755 0 -31.9399 0 894.557 0 400159
0.3175 0.317502 1020.91 0 192.775 0 75.9253 0 -108.592 0 251.584 0 402573
0.3185 0.318501 998.212 0 69.9165 0 9.01957 0 -131.175 0 55.7883 0 403843
0.3195 0.319499 1063.53 0 24.3964 0 117.726 0 291.511 0 -198.591 0 405969
0.3205 0.320501 1241.91 0 93.5237 0 -103.067 0 254.092 0 909.403 0 412618
0.3215 0.321502 1118.15 0 210.863 0 -437.01 0 206.533 0 1278.1 0 409743
0.3225 0.322498 636.121 0 251.244 0 -396.288 0 -424.085 0 1396.18 0 415033
0.3235 0.3235 668.694 0 57.4241 0 -265.114 0 -26.101 0 1221.04 0 417975
0.3245 0.324499 761.059 0 120.862 0 -171.393 0 184.37 0 851.983 0 419101
0.3255 0.3255 1008.74 0 -70.6321 0 -821.878 0 289.72 0 829.133 0 424305
0.3265 0.326502 1088.16 0 108.03 0 -1070.35 0 -25.7312 0 835.746 0 425287
0.3275 0.3275 1059.96 0 201.135 0 -843.31 0 51.2555 0 850.898 0 426174
0.3285 0.328502 745.798 0 201.163 0 -1140.95 0 -64.1404 0 740.748 0 433567
0.3295 0.329503 410.069 0 214.839 0 -1273.53 0 -64.1403 0 543.849 0 430461
0.3305 0.3305 296.254 0 71.3509 0 -1539.26 0 90.0506 0 419.926 0 436225
0.3315 0.331501 370.329 0 30.9231 0 -1122.39 0 -308.405 0 104.205 0 438027
0.3325 0.332501 683.156 0 89.4985 0 -864.26 0 -307.777 0 -335.69 0 441373
0.3335 0.3335 639.541 0 120.513 0 -547.814 0 14.1194 0 -804.145 0 442407
0.3345 0.334499 945.716 0 25.5618 0 -938.63 0 63.3942 0 -1067.68 0 447058
0.3355 0.3355 878.263 0 200.466 0 -483.203 0 -289.451 0 -1061.55 0 448605
0.3365 0.336501 968.525 0 127.574 0 -240.117 0 -165.842 0 -906.882 0 452815
0.3375 0.337501 828.553 0 67.3687 0 -419.944 0 477.723 0 -594.303 0 453621
0.3385 0.338501 903.076 0 90.724 0 -702.933 0 141.411 0 -63.7617 0 457273
0.3395 0.339501 942.135 0 126.092 0 -597.621 0 -126.041 0 44.7831 0 459711
0.3405 0.340499 873.782 0 151.965 0 -557.148 0 -243.213 0 -196.41 0 460909
0.3415 0.341499 671.362 0 92.2048 0 -774.402 0 357.937 0 -238.902 0 466752
0.3425 0.3425 822.293 0 83.1275 0 -1319.38 0 197.507 0 -175.423 0 466945
0.3435 0.3435 857.728 0 111.213 0 -1637.83 0 -151.733 0 -428.235 0 470913
0.3445 0.344501 542.93 0 344.216 0 -1180.98 0 -215.272 0 -279.131 0 474703
0.3455 0.345502 393.581 0 -29.5737 0 -1042.42 0 252.286 0 20.6374 0 475581
0.3465 0.346501 801.096 0 20.4219 0 -1340.42 0 -2.00474 0 -75.8416 0 478879
0.3475 0.347501 742 0 274.828 0 -1273.08 0 -199.515 0 -8.2492 0 481029
0.3485 0.348502 611.796 0 110.048 0 -1169.66 0 312.609 0 135.596 0 486394
0.3495 0.349503 578.225 0 1.77439 0 -1235.19 0 319.407 0 834.628 0 486147
0.3505 0.350501 663.777 0 160.26 0 -1303.25 0 -38.0913 0 1637.39 0 489061
0.3515 0.351499 691.027 0 202.44 0 -941.563 0 -140.379 0 1740.01 0 491943
0.3525 0.352499 711.168 0 76.8103 0 -435.764 0 -269.962 0 1129.26 0 495793
0.3535 0.3535 719.02 0 140.13 0 -49.3038 0 -288.425 0 644.073 0 499461
0.3545 0.354501 714.74 0 175.757 0 263.128 0 -163.862 0 553.008 0 501439
0.3555 0.355501 660.492 0 147.251 0 148.44 0 -90.0758 0 325.791 0 504390
0.3565 0.356501 602.646 0 157.487 0 -186.587 0 298.361 0 294.95 0 506299
0.3575 0.357499 662.74 0 84.1751 0 -361.15 0 246.473 0 942.707 0 508581
0.3585 0.358501 577.263 0 57.5204 0 -288.997 0 16.6378 0 1065.11 0 514993
0.3595 0.359503 718.447 0 23.9569 0 -432.763 0 -59.9915 0 924.731 0 516147
0.3605 0.360502 766.983 0 188.748 0 -761.23 0 -7.6768 0 693.053 0 515917
0.3615 0.361498 684.118 0 128.316 0 -1170.5 0 140.708 0 308.344 0 519807
0.3625 0.362498 621.136 0 156.509 0 -986.018 0 -198.988 0 -138.711 0 525070
0.3635 0.3635 241.451 0 310.833 0 -519.686 0 -313.477 0 -99.8054 0 528357
0.3645 0.3645 347.375 0 12.4411 0 -234.593 0 210.006 0 -193.826 0 528919
0.3655 0.365499 653.286 0 78.7943 0 -441.015 0 51.5459 0 110.697 0 533061
0.3665 0.3665 487.855 0 187.573 0 -597.006 0 144.203 0 194.182 0 535561
0.3675 0.3675 321.273 0 210.233 0 -294.873 0 -247.326 0 648.677 0 539955
0.3685 0.368501 366.628 0 32.9381 0 259.737 0 -14.4837 0 755.657 0 540661
0.3695 0.3695 653.212 0 113.055 0 221.486 0 -41.4912 0 800.271 0 545112
0.3705 0.370498 462.611 0 182.891 0 104.346 0 -205.018 0 548.723 0 544885
0.3715 0.371498 242.538 0 178.421 0 -319.959 0 174.642 0 -294.097 0 553065
0.3725 0.372502 310.726 0 39.5458 0 -553.668 0 122.952 0 15.5852 0 554839
0.3735 0.373502 467.374 0 109.07 0 -400.283 0 85.6548 0 597.731 0 554877
0.3745 0.374502 536.82 0 135.985 0 -290.308 0 209.655 0 850.843 0 561559
0.3755 0.375501 499.129 0 75.7966 0 -527.827 0 -141.357 0 434.149 0 558333
0.3765 0.376497 385.457 0 217.172 0 -295.597 0 -192.428 0 377.34 0 565933
0.3775 0.3775 650.145 0 27.3637 0 -222.865 0 104.791 0 510.238 0 570972
0.3785 0.3785 933.501 0 96.3488 0 -222.526 0 -110.208 0 656.262 0 569017
0.3795 0.379499 746.56 0 184.384 0 -93.9948 0 -71.0645 0 745.574 0 575091
0.3805 0.3805 590.879 0 131.834 0 -96.0705 0 -87.3604 0 246.8 0 578017
0.3815 0.3815 711.248 0 128.325 0 -41.5182 0 45.6281 0 199.927 0 579765
0.3825 0.382501 1014.96 0 44.5638 0 -369.501 0 147.232 0 124.888 0 585763
0.3835 0.383501 517.415 0 267.341 0 -617.85 0 -50.9374 0 -164.716 0 584205
0.3845 0.384499 356.816 0 114.957 0 -1243.59 0 4.54289 0 -789.14 0 590272
0.3855 0.3855 489.923 0 49.6311 0 -1083.85 0 -137.3 0 -1344.43 0 592893
0.3865 0.3865 885.239 0 125.105 0 -934.831 0 14.6796 0 -1314.53 0 596437
0.3875 0.387501 604.973 0 271.598 0 -449.37 0 23.0457 0 -582.871 0 599379
0.3885 0.388501 356.677 0 155.169 0 -249.774 0 -61.03 0 -189.833 0 601069
0.3895 0.389498 367.678 0 138.072 0 -170.361 0 -229.467 0 -472.48 0 602169
0.3905 0.390498 463.985 0 105.594 0 82.803 0 -85.179 0 -525.593 0 611395
0.3915 0.391502 715.496 0 128.625 0 -151.276 0 223.846 0 -418.694 0 613626
0.3925 0.392501 589.36 0 101.102 0 -244.35 0 282.673 0 230.141 0 610927
0.3935 0.3935 607.812 0 132.416 0 -482.263 0 23.8171 0 637.153 0 619809
0.3945 0.394501 558.119 0 225.874 0 -113.86 0 -26.9298 0 1173.87 0 618813
0.3955 0.395502 581.904 0 49.8825 0 -257.36 0 91.2334 0 815.239 0 627247
0.3965 0.396503 626.398 0 109.146 0 -463.859 0 -228.938 0 209.764 0 625233
0.3975 0.397501 689.033 0 85.6434 0 -593.725 0 80.7922 0 -84.1997 0 629707
0.3985 0.398501 781.229 0 117.797 0 -878.677 0 373.829 0 566.634 0 634002
0.3995 0.399502 761.904 0 237.874 0 -647.286 0 -126.631 0 1131.19 0 637249
