### header ###
fiducial parameters:
Omega_m = 0.31
Omega_nu = 0 (not used)
Omega_de = 0.69
Omega_k = 0
H_0 = 100
w_de = -1
zeff = 0.382359
beta = 0
fgrowth = 0
b_1 = 2
gamma = 0.55
Lx = 3500 Ly = 3500 Lz = 3500
nx = 768 ny = 768 nz = 768
xoffset = 858.527602 yoffset = 14.427156 zoffset = 260.735099
kbins = 400 dk = 0.001
kx_ny = 0.689355188 ky_ny = 0.689355188 kz_ny = 0.689355188
############################
A(data) = 3.18423269 (not used)
A(ran) = 3.1841995 (used), new A= 2.54798876(not)
Ngal = 174771
weighted Ngal = 41218.9864
Nran = 8649610
weighted Nran = 1952219.54
NranS = 8649610
weighted NranS = -1
SN(data) = 3287.74004
SN(ran) = 62.9643735
SN(ranS) = 0
SN(data+ranS) = 3287.74004
############################
13 columns: k_central k_mean P_0(k) sigma^{lin}_{P_0(k)} P^img_1(k) sigma^{lin}_{P_1(k)} P_2(k) sigma^{lin}_{P_2(k)} P^img_3(k) sigma^{lin}_{P_3(k)} P_4(k) sigma^{lin}_{P_4(k)} N_modes
### header ###
0.0005 0 0 0 0 0 0 0 0 0 0 0 0
0.0015 0.0017952 20663.6 0 -45236.2 0 -56417.7 0 34449.4 0 85462.9 0 3
0.0025 0.00253879 39494.5 0 -54357.7 0 -50927.8 0 -35845.6 0 -51225.9 0 6
0.0035 0.00331552 76495.6 0 -61309.2 0 -89354.4 0 -2810.08 0 -34290.4 0 7
0.0045 0.00420575 110721 0 -55741.1 0 -94478.1 0 -35302.4 0 -15060.7 0 24
0.0055 0.00557378 124751 0 -2880.36 0 -104833 0 -71282.3 0 11999 0 45
0.0065 0.00659388 115622 0 15483.1 0 -76931.8 0 -67293.6 0 -13002.1 0 40
0.0075 0.00754703 86523.5 0 17294.4 0 -92310.5 0 -46117.4 0 29618.7 0 57
0.0085 0.00846663 70413.5 0 10990.3 0 -69517.5 0 -42599.2 0 -14548.4 0 75
0.0095 0.00948925 66779.4 0 3866.03 0 -66291.5 0 -36604.8 0 -5007.87 0 112
0.0105 0.0105443 56756.9 0 2449.39 0 -45083.3 0 -40309.6 0 -20090.1 0 105
0.0115 0.0114567 57193.5 0 2817.46 0 -38778.2 0 -33494.7 0 -6990.16 0 144
0.0125 0.0124909 55945.7 0 -2173.02 0 -28393.3 0 -11618.6 0 -12599.5 0 169
0.0135 0.0133993 56392.9 0 -5436.71 0 -15505 0 -11665.3 0 -10383.4 0 180
0.0145 0.0144887 62750 0 -3394.95 0 -23898.6 0 6275.7 0 -2710.9 0 267
0.0155 0.0155005 55192.8 0 1931.49 0 -9939.15 0 3815.14 0 -10375 0 238
0.0165 0.0165335 61399 0 2349.09 0 -24212.5 0 -1681.39 0 16194.1 0 315
0.0175 0.0174787 55438.7 0 -164.296 0 -306.149 0 6734.74 0 8142.83 0 297
0.0185 0.0184418 56643.9 0 518.465 0 -16136.1 0 -1528.18 0 14872.8 0 388
0.0195 0.0194759 57270.7 0 764.975 0 -3193.94 0 -4536.31 0 7937.84 0 399
0.0205 0.0204543 54468.2 0 5590.54 0 3627.49 0 -9710.38 0 12799.2 0 462
0.0215 0.0215477 49298.8 0 6585.82 0 10427.3 0 -5476.49 0 17127 0 571
0.0225 0.0225534 42666.3 0 5930.33 0 19490.4 0 -2868.23 0 13277.7 0 510
0.0235 0.0234893 41030 0 3140.33 0 16858.8 0 3967.72 0 18745.3 0 555
0.0245 0.0243964 38160.3 0 -106.387 0 21884.5 0 6118.14 0 616.19 0 592
0.0255 0.025473 41673 0 -3698.68 0 18457.3 0 1684.69 0 8254.95 0 837
0.0265 0.026529 43879.9 0 -3690.91 0 18113.9 0 -6706.54 0 -2553.36 0 723
0.0275 0.0274997 48089.4 0 -4011.5 0 14288.5 0 -2770.05 0 1138.05 0 826
0.0285 0.0284809 50987 0 -2210.22 0 14376.4 0 -7205.64 0 -11781.1 0 831
0.0295 0.029469 52989.8 0 1742.07 0 14473.6 0 -3940.76 0 -10165.3 0 996
0.0305 0.0305325 50133.8 0 4417.88 0 11401.4 0 -1907.49 0 -16666.4 0 1041
0.0315 0.0315051 45925.9 0 4895.31 0 11381.4 0 4135.68 0 -17578.5 0 1036
0.0325 0.0324619 41607.3 0 4665.45 0 7085.47 0 -364.219 0 -10787.1 0 1059
0.0335 0.0334508 39845.8 0 2074.79 0 8275.61 0 6175.51 0 -14548.5 0 1302
0.0345 0.034512 35874.7 0 882.864 0 4330.69 0 5407.39 0 -8519.41 0 1339
0.0355 0.0355335 35377.3 0 768.602 0 1071.12 0 2759.55 0 -8011.09 0 1365
0.0365 0.0364712 35694.3 0 290.791 0 -258.384 0 5033.1 0 -2692.64 0 1308
0.0375 0.0374489 32940.8 0 657.123 0 -618.673 0 1623.06 0 -3650.92 0 1579
0.0385 0.0384753 33331.2 0 910.724 0 -1533.06 0 2025.76 0 -1324.96 0 1662
0.0395 0.0395024 30594 0 -117.122 0 -712.373 0 116.579 0 -315.496 0 1683
0.0405 0.0405035 31769.2 0 431.926 0 -2844.6 0 533.151 0 1254.56 0 1822
0.0415 0.0415245 31140.2 0 -377.856 0 -2776.72 0 1193.22 0 1333.15 0 1887
0.0425 0.0425015 31196.4 0 -118.991 0 -2401.02 0 1015.27 0 1312.44 0 1920
0.0435 0.0434921 31756.8 0 -963.913 0 -4990.28 0 2579.53 0 2195.81 0 2005
0.0445 0.0444852 31706 0 -173.819 0 -6206.7 0 865.639 0 1953.77 0 2151
0.0455 0.0454803 31130.1 0 -77.4684 0 -7225 0 2208.35 0 3357.63 0 2274
0.0465 0.0464867 31423.5 0 586.446 0 -8646.91 0 -1777.85 0 3153.1 0 2311
0.0475 0.0474925 30934.3 0 -370.944 0 -7908.07 0 -350.652 0 1123.15 0 2568
0.0485 0.0485184 30600.6 0 1135.92 0 -8381.02 0 -2617.81 0 3034.95 0 2493
0.0495 0.0494948 30252.9 0 843.644 0 -7782.56 0 -2110.09 0 1775.52 0 2644
0.0505 0.0505063 29219.6 0 896.028 0 -5632.41 0 -1433.26 0 811.818 0 2829
0.0515 0.0514906 28707.5 0 1168.84 0 -4299.37 0 -3105.14 0 1740.97 0 2784
0.0525 0.052493 26948.6 0 922.698 0 -3572.54 0 -163.845 0 -1119.51 0 3055
0.0535 0.0534895 26699 0 570.25 0 -3869.08 0 689.717 0 1824.16 0 3009
0.0545 0.0544861 25751.9 0 386.51 0 -5001.66 0 2099.21 0 2330.4 0 3336
0.0555 0.0555087 26015.4 0 -84.1689 0 -5612.08 0 3017.77 0 3987.72 0 3349
0.0565 0.0564767 25352.4 0 -140.907 0 -7161.89 0 2515.45 0 4142.79 0 3324
0.0575 0.0574797 25090.7 0 217.949 0 -7135.61 0 431.289 0 3614.11 0 3639
0.0585 0.0584928 25115.2 0 417.364 0 -6402.07 0 -1446.39 0 4452.44 0 3846
0.0595 0.0595102 24356.6 0 714.16 0 -4057.19 0 -3037.95 0 6859.68 0 3787
0.0605 0.0604947 24534.5 0 693.12 0 -3438.36 0 -3735.46 0 5176.54 0 3930
0.0615 0.0614831 23124.4 0 740.889 0 650.127 0 -2972.34 0 5329.26 0 4083
0.0625 0.062491 24164.3 0 348.64 0 1996.86 0 -1771.85 0 5660.89 0 4303
0.0635 0.063506 23132.2 0 267.867 0 2893.12 0 -906.39 0 4963.03 0 4470
0.0645 0.0645175 24148.6 0 164.145 0 3841.51 0 -401.441 0 5374.72 0 4479
0.0655 0.0655028 23075.1 0 544.395 0 4373.73 0 -86.7904 0 3546.01 0 4636
0.0665 0.0664888 23243.1 0 842.685 0 5386.36 0 200.902 0 4833.31 0 4653
0.0675 0.0674966 21850.8 0 847.072 0 5087.33 0 -155.876 0 3927.49 0 5220
0.0685 0.0685273 21845.7 0 609.29 0 5333 0 63.1277 0 4731.48 0 5029
0.0695 0.0694932 20881.4 0 -68.6764 0 4518.15 0 465.559 0 1750.16 0 5040
0.0705 0.0704803 21601.1 0 -52.5742 0 4663.24 0 -297.132 0 1918.84 0 5475
0.0715 0.0714879 21612 0 -102.468 0 4240 0 -812.31 0 -289.692 0 5509
0.0725 0.0724982 21393.4 0 31.2444 0 4197.06 0 -585.316 0 -494.703 0 5916
0.0735 0.0735127 21548 0 460.039 0 4480.55 0 -414.845 0 -1209.73 0 5721
0.0745 0.0744914 20841.5 0 742.964 0 4309.79 0 27.0621 0 -1696.17 0 6028
0.0755 0.0754916 20755.5 0 563.956 0 4780.33 0 858.499 0 1496.61 0 6183
0.0765 0.0764884 19735.1 0 445.854 0 5074.02 0 1354.68 0 702.433 0 6330
0.0775 0.0774996 20562 0 -22.1274 0 5248.69 0 1640.41 0 2840.17 0 6583
0.0785 0.0784865 19237 0 140.294 0 3575.96 0 1879.97 0 1910.15 0 6549
0.0795 0.0794732 19464.7 0 586.756 0 3598.28 0 697.339 0 2875.88 0 6828
0.0805 0.0804811 18277.3 0 783.991 0 3002.6 0 77.2265 0 249.448 0 7147
0.0815 0.0814996 17431.3 0 1078.3 0 3043.4 0 -861.931 0 686.968 0 7386
0.0825 0.0825061 16602.1 0 624.04 0 2612.9 0 -576.189 0 -1077.14 0 7227
0.0835 0.0835016 15985.8 0 398.03 0 2486.9 0 -431.609 0 -645.532 0 7798
0.0845 0.0844961 16113.2 0 244.007 0 3117.01 0 -412.202 0 -187.216 0 7371
0.0855 0.0854894 16206.3 0 -4.39632 0 2551.57 0 173.338 0 -2117.98 0 8256
0.0865 0.086507 16122.7 0 106.6 0 3383.62 0 -510.498 0 -258.311 0 8037
0.0875 0.0874906 16195.7 0 82.4101 0 2968.41 0 453.818 0 -680.689 0 8155
0.0885 0.0884921 16146.4 0 -63.1018 0 2555.88 0 959.3 0 607.388 0 8718
0.0895 0.089499 16090.1 0 67.8232 0 1985.11 0 1395.7 0 -193.373 0 8571
0.0905 0.0904919 15516.6 0 -10.8753 0 1254.41 0 1047.32 0 345.275 0 8932
0.0915 0.0915083 15504.9 0 275.161 0 630.416 0 794.675 0 87.3987 0 9285
0.0925 0.0925082 14979 0 385.141 0 681.968 0 126.241 0 14.0863 0 9204
0.0935 0.0935033 14431.6 0 573.626 0 -278.373 0 -306.205 0 281.587 0 9349
0.0945 0.0944804 14082.2 0 356.213 0 867.213 0 -262.78 0 -22.5382 0 9564
0.0955 0.0954927 13768.3 0 369.264 0 693.01 0 -491.36 0 327.534 0 10155
0.0965 0.0964943 13611.1 0 402.411 0 1331.51 0 -121.174 0 -148.643 0 9913
0.0975 0.0974914 13218.4 0 38.8838 0 1231.27 0 -2.90894 0 131.004 0 10476
0.0985 0.0985024 13336.9 0 -121.969 0 829.415 0 275.968 0 -52.7908 0 10575
0.0995 0.0995033 13560.3 0 -199.269 0 1045.97 0 392.523 0 58.2927 0 10882
0.1005 0.100512 13768 0 -124.417 0 582.24 0 302.105 0 423.735 0 10875
0.1015 0.101503 13673.7 0 58.5998 0 785.264 0 434.036 0 26.5649 0 11118
0.1025 0.102508 13712.8 0 328.055 0 453.491 0 -533.557 0 1511.13 0 11575
0.1035 0.103498 13353.9 0 384.079 0 166.952 0 -47.9533 0 125.553 0 11364
0.1045 0.104501 13125.2 0 382.508 0 1001.42 0 -387.883 0 677.087 0 12093
0.1055 0.10551 12554 0 382.115 0 769.413 0 -490.337 0 -611.023 0 12067
0.1065 0.106497 12258.7 0 337.716 0 1210.11 0 109.505 0 -79.4379 0 12054
0.1075 0.107499 11956.4 0 495.123 0 1027.68 0 -257.971 0 -1178.5 0 12807
0.1085 0.108501 11566.3 0 457.533 0 1238.63 0 -387.407 0 -1076.39 0 12736
0.1095 0.109503 11152.3 0 517.894 0 1977.24 0 -402.626 0 -1184.53 0 12933
0.1105 0.110502 10906.6 0 299.608 0 1661.16 0 -446.953 0 -965.929 0 13428
0.1115 0.111509 10745.7 0 99.1464 0 2352.3 0 -181.909 0 -71.3592 0 13453
0.1125 0.1125 10854.1 0 -10.016 0 2327.36 0 129.717 0 -330.345 0 13668
0.1135 0.113491 10832.2 0 -186.031 0 2413.84 0 623.114 0 122.06 0 13791
0.1145 0.114486 11059.9 0 36.2948 0 2263.5 0 434.789 0 235.553 0 14205
0.1155 0.115493 10683.8 0 80.3524 0 1834.86 0 695.782 0 382.451 0 14776
0.1165 0.116498 10867.6 0 125.082 0 1544.6 0 472.5 0 851.973 0 14553
0.1175 0.117473 10778.4 0 -21.5164 0 1409.11 0 230.425 0 1097.48 0 14568
0.1185 0.118491 10705.6 0 61.5954 0 1793.54 0 179.236 0 1541.66 0 16015
0.1195 0.119503 10810.9 0 43.3768 0 2158.3 0 -255.187 0 1834.62 0 15270
0.1205 0.120507 10801.7 0 81.8871 0 2464.89 0 -293.622 0 2337.16 0 15999
0.1215 0.1215 10869.7 0 114.038 0 2963.48 0 -363.732 0 2326.64 0 15670
0.1225 0.122507 10729.3 0 121.689 0 3285.44 0 -162.313 0 2574.33 0 16887
0.1235 0.123522 10578.8 0 126.366 0 3050.68 0 215.924 0 2073.82 0 16407
0.1245 0.124498 10536.1 0 107.077 0 2887.28 0 411.677 0 2042.38 0 16306
0.1255 0.125499 10401.3 0 -4.96752 0 2582.35 0 629.304 0 1679.2 0 17523
0.1265 0.126501 10390.5 0 -14.6003 0 1966.74 0 381.996 0 1345.35 0 17154
0.1275 0.127506 10363.1 0 -137.201 0 1530.61 0 414.141 0 941.792 0 18007
0.1285 0.128503 10380.1 0 -13.0941 0 1545.92 0 -129.335 0 800.121 0 17496
0.1295 0.129499 10553.8 0 117.335 0 1515.16 0 -139.891 0 586.748 0 18405
0.1305 0.13049 10325.1 0 209.174 0 1720.36 0 -571.229 0 409.405 0 18100
0.1315 0.131488 10252.5 0 322.186 0 1973 0 -362.46 0 1169.26 0 19059
0.1325 0.132493 10020.1 0 303.708 0 2189.64 0 171.394 0 1088.89 0 18957
0.1335 0.133491 9785.66 0 178.419 0 2085.15 0 417.345 0 1129.37 0 19468
0.1345 0.134507 9653.15 0 132.862 0 2134.46 0 677.485 0 1303.63 0 19953
0.1355 0.13551 9420.31 0 242.424 0 1923.87 0 204.848 0 1411.41 0 19956
0.1365 0.136499 9274.6 0 224.613 0 1852.61 0 -57.1761 0 1395.93 0 19723
0.1375 0.137496 8975.98 0 183.128 0 2029.64 0 -316.165 0 1584.69 0 20946
0.1385 0.138511 8907.27 0 202.438 0 2147.74 0 -395.073 0 1517.29 0 20955
0.1395 0.139498 8738.71 0 133.096 0 2546.08 0 -153.965 0 1320.97 0 20506
0.1405 0.140483 8591.22 0 167.829 0 2535.78 0 10.8661 0 1279.38 0 21447
0.1415 0.141484 8612.48 0 106.28 0 2387.14 0 206.651 0 983.949 0 21771
0.1425 0.142494 8302.14 0 70.674 0 1878.37 0 589.203 0 657.496 0 22470
0.1435 0.143509 8371.17 0 105.208 0 1780.59 0 458.202 0 646.165 0 22519
0.1445 0.144499 8211.64 0 118.845 0 1439.68 0 310.895 0 423.329 0 22218
0.1455 0.145505 7956.63 0 231.943 0 1447.85 0 114.753 0 641.729 0 23559
0.1465 0.146507 7762.88 0 195.353 0 1365.42 0 -207.633 0 408.318 0 23044
0.1475 0.147505 7702.44 0 175.696 0 1524.1 0 -245.189 0 686.009 0 23649
0.1485 0.148499 7588.19 0 22.2007 0 1528.94 0 -34.809 0 481.37 0 23640
0.1495 0.149495 7580.79 0 58.5424 0 1520.48 0 -32.0679 0 674.489 0 24457
0.1505 0.1505 7483.04 0 131.607 0 1521 0 82.9804 0 331.798 0 24591
0.1515 0.151499 7406.7 0 87.6761 0 1285.35 0 110.373 0 243.155 0 25020
0.1525 0.152505 7305.44 0 124.579 0 1234.42 0 31.8201 0 -2.17034 0 25297
0.1535 0.153501 7335.89 0 28.7202 0 1083.88 0 43.4573 0 181.059 0 25452
0.1545 0.154504 7243.37 0 15.0451 0 1148.16 0 76.335 0 21.4634 0 26061
0.1555 0.155499 7228.11 0 13.7935 0 1056.5 0 90.0644 0 116.126 0 26128
0.1565 0.156495 7281.68 0 -11.537 0 1209.13 0 219.904 0 266.764 0 26331
0.1575 0.157497 7175.06 0 116.015 0 1069.91 0 -17.1669 0 117.362 0 27345
0.1585 0.158499 7195.35 0 158.824 0 1357.15 0 8.38256 0 646.345 0 26980
0.1595 0.159497 6918.03 0 177.87 0 1247.19 0 -225.644 0 338.613 0 27777
0.1605 0.1605 6845.39 0 187.407 0 1462.22 0 32.8033 0 762.293 0 28224
0.1615 0.161505 6712.04 0 133.743 0 1217.79 0 135.108 0 675.064 0 28075
0.1625 0.162497 6524.08 0 -14.7086 0 1188.58 0 449.372 0 490.149 0 28590
0.1635 0.163499 6664.83 0 -30.1775 0 958.648 0 381.532 0 619.833 0 29163
0.1645 0.164491 6531.68 0 -27.6285 0 661.47 0 378.522 0 146.122 0 28996
0.1655 0.165505 6575.88 0 62.7326 0 670.813 0 -14.259 0 457.19 0 30777
0.1665 0.166507 6525.51 0 108.521 0 553.237 0 -281.568 0 154.563 0 29211
0.1675 0.167499 6436 0 193.747 0 916.218 0 -495.038 0 514.242 0 30922
0.1685 0.168508 6354.12 0 165.262 0 975.433 0 -562.513 0 188.911 0 30867
0.1695 0.169499 6253.28 0 132.325 0 1266.87 0 -428.806 0 -37.9793 0 30852
0.1705 0.170492 6191.94 0 139.626 0 1238.78 0 -169.515 0 -263.759 0 31257
0.1715 0.171495 6062 0 67.8548 0 1330.22 0 194.66 0 -343.986 0 32608
0.1725 0.172509 6085.69 0 8.29241 0 1106.51 0 333.555 0 -412.032 0 32361
0.1735 0.173504 5982.09 0 -50.7253 0 943.669 0 629.701 0 -500.203 0 32508
0.1745 0.174498 6078.91 0 -42.894 0 780.252 0 489.995 0 -92.8751 0 32791
0.1755 0.175498 6038.92 0 -15.4875 0 702.962 0 403.011 0 227.488 0 33633
0.1765 0.176501 6081.77 0 113.396 0 705.777 0 154.544 0 655.71 0 33984
0.1775 0.177503 5999.08 0 99.0267 0 924.057 0 -16.9831 0 1188.28 0 34069
0.1785 0.178498 5879.63 0 146.868 0 917.098 0 77.0642 0 1342.6 0 34536
0.1795 0.179504 5819.92 0 73.0437 0 1067.88 0 22.1003 0 1469.12 0 35343
0.1805 0.180501 5774.65 0 4.24135 0 814.061 0 81.1457 0 1174.99 0 34990
0.1815 0.181505 5741.8 0 -36.6952 0 768.61 0 178.565 0 1105.69 0 36243
0.1825 0.182502 5775.8 0 -16.9377 0 396.308 0 73.307 0 682.209 0 35694
0.1835 0.183504 5773.45 0 -24.6515 0 423.035 0 -35.8571 0 740.186 0 37087
0.1845 0.184506 5809.83 0 26.6214 0 391.909 0 -155.21 0 314.886 0 36651
0.1855 0.185507 5792.75 0 13.2331 0 523.063 0 18.015 0 615.934 0 37818
0.1865 0.18651 5815.82 0 51.83 0 564.633 0 -62.7022 0 490.408 0 37267
0.1875 0.187501 5746.5 0 102.714 0 799.325 0 64.3872 0 432.635 0 38334
0.1885 0.1885 5697.85 0 152.476 0 574.788 0 -19.5958 0 565.152 0 38223
0.1895 0.189495 5524.69 0 164.054 0 750.591 0 28.9593 0 523.214 0 39064
0.1905 0.1905 5377.93 0 168.064 0 590.965 0 -75.8102 0 671.474 0 39609
0.1915 0.191498 5310.7 0 50.8843 0 652.107 0 99.1363 0 514.238 0 39576
0.1925 0.192504 5230.36 0 46.9373 0 495.855 0 119.703 0 679.007 0 40909
0.1935 0.193505 5226.32 0 -3.4117 0 517.983 0 217.341 0 791.727 0 40191
0.1945 0.194501 5263.37 0 17.2251 0 389.996 0 204.265 0 943.625 0 41232
0.1955 0.195498 5175.62 0 41.7278 0 486.606 0 168.228 0 815.917 0 40873
0.1965 0.196497 5194.33 0 140.839 0 216.572 0 36.9593 0 1003.63 0 42816
0.1975 0.197502 5026.52 0 131.329 0 281.742 0 16.6193 0 991.127 0 41727
0.1985 0.19849 4908.32 0 146.252 0 288.267 0 -134.275 0 918.568 0 42610
0.1995 0.199499 4827.38 0 140.094 0 258.121 0 -88.798 0 745.093 0 43863
0.2005 0.200501 4750.63 0 91.2009 0 238.332 0 -147.019 0 495.283 0 43302
0.2015 0.201501 4647.95 0 119.176 0 361.107 0 -176.235 0 499.393 0 44487
0.2025 0.202497 4662.28 0 64.2501 0 410.707 0 -193.64 0 396.09 0 43759
0.2035 0.203491 4563.38 0 36.3413 0 532.562 0 -102.554 0 440.875 0 45282
0.2045 0.204497 4609.84 0 26.2528 0 540.215 0 -50.4842 0 304.625 0 45483
0.2055 0.205499 4573.62 0 -11.2187 0 658.67 0 -44.4027 0 353.158 0 46138
0.2065 0.206502 4642.75 0 14.3578 0 582.858 0 -4.73077 0 245.528 0 46227
0.2075 0.207493 4622.41 0 -14.4103 0 592.819 0 95.4352 0 259.798 0 46236
0.2085 0.208503 4636.73 0 33.8845 0 529.422 0 60.2407 0 277.234 0 48361
0.2095 0.209504 4572.52 0 46.5407 0 525.212 0 224.009 0 182.696 0 46812
0.2105 0.210503 4530.89 0 51.0483 0 329.63 0 230.506 0 456.65 0 48813
0.2115 0.211497 4454.24 0 43.2842 0 273.152 0 125.967 0 348.97 0 47215
0.2125 0.21249 4488.1 0 85.1941 0 245.33 0 182.255 0 636.953 0 50004
0.2135 0.213503 4323.36 0 81.9453 0 213.91 0 79.1201 0 579.864 0 49509
0.2145 0.214498 4308.6 0 110.763 0 205.825 0 -100.629 0 634.248 0 49660
0.2155 0.215501 4238.45 0 96.819 0 243.159 0 -126.793 0 602.109 0 50841
0.2165 0.216498 4130.9 0 113.457 0 399.835 0 -126.413 0 504.025 0 50424
0.2175 0.217503 4090.62 0 84.094 0 377.983 0 -116.021 0 404.743 0 52231
0.2185 0.218503 4064.67 0 29.3864 0 401.571 0 -31.7145 0 368.021 0 51078
0.2195 0.219501 4054.17 0 -9.81633 0 416.274 0 71.1891 0 397.547 0 52791
0.2205 0.220507 4071.86 0 -23.2953 0 375.3 0 116.289 0 366.808 0 52969
0.2215 0.2215 4081.98 0 -6.86855 0 279.079 0 186.412 0 559.535 0 52704
0.2225 0.222501 4079.56 0 -15.9426 0 245.711 0 119.861 0 404.806 0 54051
0.2235 0.223499 4101.41 0 35.6414 0 212.989 0 110.269 0 638.927 0 53938
0.2245 0.224498 4060.21 0 81.7659 0 268.891 0 -74.527 0 534.87 0 54735
0.2255 0.225491 3976.57 0 106.203 0 296.928 0 -126.517 0 399.317 0 54774
0.2265 0.226499 3882.18 0 133.286 0 342.312 0 -263.041 0 306.519 0 56911
0.2275 0.227498 3811.06 0 104.373 0 328.32 0 -164.814 0 110.44 0 54879
0.2285 0.228491 3700.33 0 79.9886 0 437.533 0 -100.859 0 179.449 0 57210
0.2295 0.229498 3680.94 0 48.8987 0 377.663 0 61.998 0 -12.1914 0 57375
0.2305 0.230496 3627.82 0 23.9109 0 335.2 0 176.129 0 53.8381 0 57604
0.2315 0.231501 3617.58 0 26.6505 0 288.51 0 210.251 0 57.1514 0 58629
0.2325 0.232502 3629.06 0 -6.62002 0 80.0368 0 165.107 0 130.748 0 58560
0.2335 0.233504 3624.16 0 -5.30489 0 168.705 0 122.634 0 217.269 0 59305
0.2345 0.234497 3684.04 0 -9.34618 0 -21.4026 0 15.4015 0 181.573 0 59196
0.2355 0.235493 3660.87 0 -1.96896 0 113.966 0 14.5264 0 206.722 0 60063
0.2365 0.236499 3707.34 0 41.3851 0 19.6248 0 -105.46 0 16.4562 0 61537
0.2375 0.237504 3632.56 0 72.5432 0 9.18223 0 -52.9183 0 20.9321 0 61224
0.2385 0.238501 3572.14 0 110.241 0 79.847 0 -115.981 0 -98.1662 0 61221
0.2395 0.239494 3488.63 0 74.0646 0 41.1772 0 38.9222 0 -0.735146 0 62332
0.2405 0.240501 3459.9 0 46.5249 0 107.582 0 76.7125 0 46.82 0 63447
0.2415 0.241505 3450.23 0 -20.0812 0 -6.34257 0 188.238 0 103.24 0 63342
0.2425 0.242503 3484.33 0 -13.1909 0 45.9797 0 151.529 0 347.101 0 63379
0.2435 0.243496 3514.95 0 -0.798507 0 -53.8326 0 58.3027 0 324.053 0 64266
0.2445 0.244495 3558.55 0 -6.0535 0 4.39489 0 27.4628 0 568.096 0 64695
0.2455 0.245496 3501.78 0 54.822 0 -47.7589 0 -45.5788 0 455.184 0 65947
0.2465 0.2465 3506.45 0 36.4274 0 32.2969 0 -41.5072 0 581.717 0 66018
0.2475 0.2475 3449.56 0 52.5549 0 -116.967 0 -21.1119 0 400.177 0 66303
0.2485 0.248496 3468.02 0 29.5325 0 -68.4141 0 68.4886 0 388.237 0 66958
0.2495 0.249492 3418.23 0 43.3972 0 -244.167 0 66.6388 0 351.869 0 66975
0.2505 0.250489 3339.72 0 33.3812 0 -279.381 0 126.176 0 214.083 0 68676
0.2515 0.2515 3352.24 0 30.1677 0 -325.805 0 -2.55232 0 144.274 0 69349
0.2525 0.252499 3336.4 0 13.7678 0 -360.487 0 32.1347 0 113.477 0 68592
0.2535 0.253499 3315.88 0 29.8307 0 -355.511 0 -64.8083 0 115.803 0 70437
0.2545 0.254501 3320.42 0 25.0564 0 -303.516 0 -87.3793 0 25.4184 0 70099
0.2555 0.255501 3315.25 0 45.1451 0 -264.849 0 -87.4731 0 143.809 0 71064
0.2565 0.256503 3276.71 0 61.9706 0 -138.126 0 -143.359 0 97.7698 0 71409
0.2575 0.257506 3268.05 0 55.0549 0 -127.305 0 -5.19556 0 301.776 0 72612
0.2585 0.258506 3227.05 0 39.5317 0 -79.6964 0 86.6749 0 303.453 0 71845
0.2595 0.259496 3211.82 0 33.3131 0 -57.3315 0 218.435 0 329.135 0 72816
0.2605 0.260498 3182.02 0 42.3775 0 -221.636 0 153.346 0 539.763 0 73743
0.2615 0.261499 3139.43 0 43.3051 0 -203.642 0 162.447 0 486.888 0 74662
0.2625 0.262503 3128.78 0 38.633 0 -300.224 0 53.8254 0 626.809 0 74931
0.2635 0.263501 3068.53 0 25.2823 0 -275.529 0 -48.0515 0 508.639 0 75087
0.2645 0.264502 3096.25 0 47.9169 0 -256.79 0 -135.454 0 603.344 0 76678
0.2655 0.265506 3055.42 0 48.0735 0 -178.515 0 -132.882 0 472.802 0 76035
0.2665 0.266501 3016.01 0 86.5519 0 -121.188 0 -156.755 0 506.484 0 77094
0.2675 0.267506 2960.16 0 89.0739 0 96.2109 0 -98.8084 0 439.32 0 78463
0.2685 0.268501 2925.14 0 51.8053 0 -12.3548 0 -15.4787 0 528.329 0 77076
0.2695 0.269497 2935.31 0 40.8176 0 88.6216 0 45.4542 0 537.304 0 79149
0.2705 0.270499 2900 0 38.8926 0 13.0622 0 66.2674 0 522.17 0 79648
0.2715 0.271502 2844.64 0 62.2751 0 5.45737 0 46.6521 0 503.772 0 80241
0.2725 0.272505 2794.47 0 64.7624 0 -53.956 0 9.35743 0 511.38 0 80835
0.2735 0.2735 2761.05 0 48.093 0 -144.342 0 37.6837 0 556.268 0 80680
0.2745 0.274504 2735.63 0 20.1756 0 -172.724 0 35.7603 0 489.856 0 82617
0.2755 0.275508 2737.07 0 -6.39901 0 -178.56 0 93.5763 0 556.779 0 82548
0.2765 0.276499 2763.64 0 -6.03679 0 -155.668 0 63.2712 0 543.495 0 81181
0.2775 0.277489 2763.17 0 9.53742 0 -272.298 0 62.6576 0 551.547 0 84096
0.2785 0.278498 2770.39 0 32.8979 0 -162.82 0 0.755821 0 649.025 0 85215
0.2795 0.279502 2762.13 0 28.9366 0 -213.624 0 15.6153 0 656.915 0 84514
0.2805 0.280503 2746.2 0 11.693 0 -186.521 0 51.0562 0 700.302 0 85815
0.2815 0.281501 2727.16 0 34.3808 0 -223.43 0 41.4319 0 662.176 0 85485
0.2825 0.2825 2703.79 0 27.9662 0 -205.426 0 -1.91367 0 633.805 0 87220
0.2835 0.283504 2690.59 0 36.5499 0 -311.473 0 -12.3079 0 561.189 0 87147
0.2845 0.284497 2662.39 0 49.1393 0 -183.569 0 -42.7867 0 589.95 0 87102
0.2855 0.285498 2630.41 0 36.1502 0 -316.918 0 -56.3633 0 483.425 0 88971
0.2865 0.286499 2612.03 0 29.2822 0 -189.369 0 3.36859 0 518.91 0 89434
0.2875 0.287501 2620.06 0 32.2329 0 -323.708 0 -57.1688 0 425.404 0 89619
0.2885 0.288499 2614.96 0 22.6762 0 -242.247 0 3.59927 0 377.804 0 90240
0.2895 0.289501 2579.32 0 29.6841 0 -259.609 0 -30.1396 0 384.671 0 91333
0.2905 0.290505 2597.82 0 11.7293 0 -303.587 0 37.0847 0 341.527 0 92139
0.2915 0.291506 2593.93 0 -2.01863 0 -279.751 0 35.9916 0 405.912 0 92370
0.2925 0.292502 2594.36 0 2.31807 0 -331.498 0 17.8449 0 251.845 0 91819
0.2935 0.293496 2621.37 0 17.6892 0 -385.609 0 32.25 0 298.453 0 93552
0.2945 0.2945 2602.22 0 -2.35021 0 -376.771 0 23.701 0 271.575 0 94701
0.2955 0.295502 2617.14 0 24.6353 0 -408.775 0 16.7484 0 311.896 0 95020
0.2965 0.296503 2605.39 0 2.41132 0 -402.611 0 73.5375 0 383.502 0 95151
0.2975 0.297498 2625.28 0 17.8201 0 -438.131 0 86.4595 0 467.462 0 95802
0.2985 0.2985 2614.72 0 60.1458 0 -464.342 0 85.1972 0 632.063 0 97399
0.2995 0.299507 2567.22 0 45.6337 0 -430.686 0 52.3443 0 664.918 0 97881
0.3005 0.300503 2540.15 0 65.0582 0 -435.29 0 -14.9149 0 678.142 0 97188
0.3015 0.301497 2523.75 0 51.4644 0 -372.541 0 -85.9426 0 663.156 0 98263
0.3025 0.302497 2501.38 0 53.9713 0 -337.477 0 -155.557 0 619.305 0 100050
0.3035 0.303506 2460.2 0 49.3172 0 -231.868 0 -186.97 0 535.083 0 100779
0.3045 0.304505 2435.24 0 33.1947 0 -167.933 0 -117.904 0 453.613 0 99982
0.3055 0.305503 2442.9 0 36.9248 0 -148.159 0 -109.851 0 306.896 0 101559
0.3065 0.306497 2441.93 0 31.4239 0 -184.884 0 18.202 0 283.934 0 100935
0.3075 0.307498 2391.63 0 38.0687 0 -137.943 0 39.4055 0 196.411 0 103762
0.3085 0.308502 2401.21 0 51.6619 0 -200.399 0 46.2635 0 246.715 0 102951
0.3095 0.309501 2330.53 0 66.7907 0 -195.993 0 57.8006 0 298.371 0 104394
0.3105 0.3105 2293.94 0 63.4604 0 -223.233 0 62.2667 0 369.043 0 103963
0.3115 0.311497 2250.85 0 28.4896 0 -288.435 0 54.4659 0 412.816 0 105936
0.3125 0.3125 2266.85 0 24.6221 0 -245.367 0 50.3842 0 509.885 0 105717
0.3135 0.313498 2256.82 0 9.59848 0 -329.831 0 39.9995 0 456.544 0 106776
0.3145 0.314504 2265.15 0 15.1554 0 -300.63 0 25.8049 0 647.144 0 108733
0.3155 0.315499 2238.94 0 21.7307 0 -369.292 0 18.5388 0 582.326 0 105891
0.3165 0.3165 2246.05 0 40.3783 0 -348.21 0 19.4073 0 592.992 0 111072
0.3175 0.317506 2211.23 0 34.2037 0 -362.991 0 32.8295 0 605.262 0 108121
0.3185 0.318499 2180.18 0 74.8326 0 -314.384 0 -91.3233 0 572.716 0 110484
0.3195 0.319501 2141.84 0 55.0127 0 -299.449 0 -83.3638 0 496.954 0 110817
0.3205 0.320498 2105.21 0 47.1234 0 -278.016 0 -84.7042 0 491.087 0 111088
0.3215 0.321499 2089.26 0 31.2033 0 -247.396 0 -50.7312 0 436.741 0 112635
0.3225 0.322501 2072.59 0 17.7656 0 -222.515 0 -47.402 0 362.981 0 113202
0.3235 0.323504 2069.69 0 13.7521 0 -252.541 0 15.2662 0 337.813 0 113863
0.3245 0.324503 2074.48 0 9.48416 0 -290.429 0 40.5094 0 243.959 0 114045
0.3255 0.325499 2048.58 0 18.8357 0 -343.616 0 120.503 0 329.504 0 114828
0.3265 0.326503 2071.01 0 -10.8556 0 -452.734 0 126.654 0 258.722 0 116431
0.3275 0.327504 2052.78 0 18.7097 0 -421.152 0 124.023 0 318.832 0 116442
0.3285 0.328504 2046.17 0 21.0433 0 -530.441 0 88.0167 0 352.035 0 116955
0.3295 0.329498 2015.39 0 52.2153 0 -534.387 0 35.1364 0 435.657 0 117028
0.3305 0.330497 1998.08 0 62.7084 0 -526.356 0 -2.32385 0 473.619 0 119061
0.3315 0.331501 1980.47 0 48.7741 0 -517.35 0 -39.42 0 572.053 0 120060
0.3325 0.332504 1954.2 0 29.4695 0 -503.991 0 -20.1514 0 641.701 0 119737
0.3335 0.333501 1974.37 0 17.2368 0 -456.804 0 -34.9093 0 658.209 0 120531
0.3345 0.3345 1982.53 0 12.7239 0 -500.414 0 -14.0717 0 670.62 0 121704
0.3355 0.335503 1977.31 0 2.48261 0 -435.296 0 19.3283 0 671.009 0 122761
0.3365 0.336503 1983.84 0 15.8936 0 -456.185 0 -4.63932 0 674.678 0 122472
0.3375 0.337499 2004.89 0 21.6148 0 -440.83 0 13.3491 0 661.15 0 122985
0.3385 0.338498 1979.22 0 18.9531 0 -432.58 0 -11.8251 0 601.254 0 125380
0.3395 0.339503 1984.23 0 43.7232 0 -434.978 0 -62.8555 0 566.883 0 125223
0.3405 0.3405 1955.5 0 31.4073 0 -409.213 0 -58.0156 0 488.5 0 125178
0.3415 0.341499 1941.76 0 47.3755 0 -417.986 0 -56.1432 0 470.748 0 127059
0.3425 0.342503 1930.58 0 27.9034 0 -407.823 0 5.702 0 466.398 0 127957
0.3435 0.343498 1928.78 0 22.6526 0 -454.288 0 11.8235 0 488.668 0 126732
0.3445 0.344497 1924.22 0 24.7516 0 -410.257 0 23.9309 0 422.926 0 129639
0.3455 0.3455 1923.84 0 12.9774 0 -420.584 0 11.1498 0 453.811 0 129826
0.3465 0.346504 1900.29 0 39.4623 0 -397.381 0 -32.7056 0 407.29 0 130875
0.3475 0.347502 1912.04 0 39.4455 0 -355.088 0 -60.8944 0 403.504 0 130686
0.3485 0.348502 1878.54 0 45.8604 0 -294.339 0 -108.488 0 404.367 0 132211
0.3495 0.349504 1856.86 0 54.6654 0 -318.223 0 -49.092 0 336.196 0 132768
0.3505 0.350503 1821.59 0 31.2375 0 -298.424 0 17.2209 0 440.881 0 132957
0.3515 0.351501 1811.88 0 25.4984 0 -349.033 0 57.2086 0 324.956 0 133987
0.3525 0.352498 1806.69 0 10.5685 0 -369.792 0 110.9 0 378.648 0 134778
0.3535 0.353498 1782.98 0 23.1368 0 -442.815 0 90.9254 0 304.839 0 135699
0.3545 0.354501 1787.94 0 26.7459 0 -446.246 0 59.7101 0 400.848 0 137380
0.3555 0.355501 1751.67 0 28.017 0 -490.573 0 10.9502 0 390.843 0 136161
0.3565 0.356499 1764.05 0 36.3751 0 -446.469 0 -37.2504 0 424.216 0 138792
0.3575 0.3575 1728.26 0 33.4649 0 -475.893 0 -41.616 0 428.081 0 138097
0.3585 0.358498 1737.02 0 39.966 0 -439.575 0 -45.1786 0 404.402 0 140028
0.3595 0.359503 1703.14 0 23.6247 0 -443.607 0 -50.9026 0 386.723 0 141099
0.3605 0.360505 1714.34 0 28.3305 0 -461.84 0 -10.3648 0 322.653 0 140821
0.3615 0.361502 1700.76 0 30.8746 0 -453.84 0 -9.34789 0 302.393 0 141756
0.3625 0.362504 1678.83 0 36.0239 0 -486.33 0 -17.6014 0 246.97 0 142971
0.3635 0.363499 1665.91 0 34.9745 0 -474.619 0 -14.5312 0 197.305 0 142270
0.3645 0.3645 1653.78 0 15.2315 0 -484.633 0 0.280531 0 214.119 0 145311
0.3655 0.365503 1659.05 0 14.3186 0 -477.788 0 8.2636 0 169.121 0 145434
0.3665 0.366501 1671.84 0 20.4451 0 -477.815 0 -25.2437 0 222.806 0 144547
0.3675 0.367496 1657.67 0 41.0199 0 -446.137 0 -23.8412 0 209.373 0 146892
0.3685 0.368499 1636.53 0 38.5047 0 -413.252 0 -5.80899 0 293.951 0 148113
0.3695 0.369499 1620.08 0 43.9178 0 -392.531 0 6.96787 0 301.67 0 147387
0.3705 0.370498 1613.81 0 24.6772 0 -420.278 0 44.592 0 360.823 0 149758
0.3715 0.371501 1593.83 0 16.1179 0 -467.086 0 85.7744 0 370.975 0 150099
0.3725 0.3725 1601.75 0 12.0851 0 -525.485 0 78.0017 0 388.735 0 150468
0.3735 0.373498 1587.38 0 15.0395 0 -546.11 0 60.0705 0 364.568 0 150709
0.3745 0.374497 1602.8 0 20.8392 0 -584.813 0 33.4357 0 392.11 0 153108
0.3755 0.375501 1574.51 0 24.1182 0 -605.85 0 2.91845 0 383.092 0 153189
0.3765 0.376499 1580.27 0 24.6895 0 -631.186 0 10.8157 0 415.39 0 153547
0.3775 0.377499 1565.8 0 19.8486 0 -564.115 0 -5.46573 0 427.791 0 155424
0.3785 0.378502 1567 0 28.7088 0 -574.383 0 16.5735 0 497.303 0 155313
0.3795 0.379499 1563.86 0 15.4965 0 -570.96 0 11.3204 0 508.896 0 156100
0.3805 0.3805 1579.64 0 -6.6825 0 -589.373 0 26.9561 0 508.72 0 157557
0.3815 0.381498 1604.04 0 -0.21088 0 -572.075 0 5.53161 0 549.921 0 157692
0.3825 0.382501 1605.97 0 -3.2879 0 -619.944 0 0.101173 0 499.67 0 159703
0.3835 0.383505 1630.82 0 16.7961 0 -597.441 0 -31.091 0 459.03 0 160338
0.3845 0.384506 1613.55 0 45.0563 0 -638.731 0 -44.5637 0 469.039 0 160167
0.3855 0.3855 1591.96 0 60.0189 0 -591.61 0 -31.1241 0 407.927 0 160033
0.3865 0.386496 1541.74 0 58.2793 0 -604.345 0 -21.4232 0 412.272 0 162444
0.3875 0.387502 1535.43 0 50.417 0 -609.038 0 -9.6932 0 386.009 0 164307
0.3885 0.388504 1492.07 0 32.9423 0 -582.108 0 -11.6669 0 384.698 0 163882
0.3895 0.389505 1508.02 0 17.9137 0 -609.96 0 6.05946 0 407.433 0 164595
0.3905 0.390501 1489.26 0 11.7339 0 -572.148 0 -10.6872 0 345.25 0 165006
0.3915 0.391501 1505.84 0 33.5028 0 -570.123 0 -72.6993 0 359.678 0 166687
0.3925 0.392501 1498.54 0 41.2653 0 -573.001 0 -48.1279 0 364.078 0 167256
0.3935 0.393501 1458.29 0 54.8358 0 -502.947 0 -47.1965 0 392.083 0 167937
0.3945 0.394496 1463.78 0 29.3084 0 -536.439 0 -17.9013 0 420.414 0 167719
0.3955 0.395497 1441.99 0 18.9008 0 -505.928 0 31.6924 0 396.514 0 171636
0.3965 0.396504 1459.62 0 3.63586 0 -554.261 0 48.6467 0 364.638 0 171093
0.3975 0.3975 1452.22 0 0.839992 0 -556.407 0 44.6207 0 438.118 0 170464
0.3985 0.398498 1485.92 0 -0.311009 0 -604.272 0 44.6589 0 410.264 0 172113
0.3995 0.399495 1485.31 0 11.6691 0 -589.131 0 24.5785 0 472.279 0 173232
