### header ###
fiducial parameters:
Omega_m = 0.31
Omega_nu = 0
Omega_de = 0.69
Omega_k = 0
H_0 = 100
w_de = -1
zeff = 0
beta = 0
fgrowth = 0
b_1 = 2
gamma = 0.55
Lx = 6600 Ly = 6600 Lz = 6600
nx = 1270 ny = 1270 nz = 1270
xoffset = -1746.13426 yoffset = 39.3623936 zoffset = 1907.39797
bins = 400 dk = 0.001
kx_ny = 0.604518586 ky_ny = 0.604518586 kz_ny = 0.604518586
############################
A(data) = 3.31973694 (not used)
A(ran) = 3.31963337 (used)
Ngal = 218209
weighted Ngal = 0
Nran = 11099858
weighted Nran = 0
SN(data) = 61855.1543
SN(ran) = 1219.86978
SN(data+ran) = 63075.0241
############################
13 columns: k_central k_mean P_0(k) sigma^{lin}_{P_0(k)} P^img_1(k) sigma^{lin}_{P_1(k)} P_2(k) sigma^{lin}_{P_2(k)} P^img_3(k) sigma^{lin}_{P_3(k)} P_4(k) sigma^{lin}_{P_4(k)} N_modes
### header ###
0.00050000 0.00095200 23559.61144140 0 -103892.46273073 0 -58530.97854636 0 -56951.27136381 0 41003.58229571 0 3
0.00150000 0.00156812 75863.89471716 0 -51032.79853043 0 -104525.46367607 0 -65732.43936916 0 -12797.84282191 0 13
0.00250000 0.00250052 79246.27850493 0 9203.17580271 0 -117949.10447740 0 -64099.83876523 0 65065.25121244 0 45
0.00350000 0.00351114 73006.03735812 0 -2073.94890232 0 -82227.12381938 0 -23743.87836061 0 7347.74553516 0 91
0.00450000 0.00454229 61215.31968159 0 1259.65898040 0 -81154.95696681 0 -8982.17375731 0 34089.81008190 0 157
0.00550000 0.00551292 47398.09592155 0 4969.71321335 0 -56528.44651360 0 -20350.42135658 0 41125.49518159 0 201
0.00650000 0.00656055 38771.41540914 0 1189.15591994 0 -26770.95166529 0 -11696.00405003 0 15568.72705513 0 361
0.00750000 0.00758749 36252.95750398 0 3169.21899931 0 -12287.61481807 0 -18411.64094756 0 4883.41738135 0 387
0.00850000 0.00855771 50372.27580485 0 -7287.56314229 0 -4727.51079661 0 6507.55718800 0 -18218.02092335 0 529
0.00950000 0.00955828 55759.44927141 0 -408.39741698 0 1892.49866531 0 -5430.45576625 0 -13781.96147912 0 685
0.01050000 0.01054460 58005.69956896 0 7240.73311311 0 31959.88230861 0 -16746.25072265 0 5155.48522992 0 753
0.01150000 0.01150670 49132.93563877 0 -445.99689908 0 47820.49074394 0 -610.65454988 0 -534.19130389 0 967
0.01250000 0.01253790 47899.83087602 0 2540.57208560 0 45915.03749068 0 13853.88363137 0 -1744.06381387 0 1197
0.01350000 0.01352850 40649.34688218 0 1539.04805253 0 21978.72168235 0 15014.74372101 0 5912.83946899 0 1261
0.01450000 0.01450880 37057.32453405 0 389.74173524 0 4963.05853290 0 5442.10952007 0 9782.74579190 0 1537
0.01550000 0.01551380 35095.86015773 0 -184.17231309 0 -5401.89116856 0 4232.11875243 0 14018.36927103 0 1779
0.01650000 0.01651590 38525.86952613 0 -2663.24827085 0 -10479.49836098 0 4672.43498406 0 9560.57192070 0 1957
0.01750000 0.01751260 39875.29681315 0 1493.89513184 0 6330.67599653 0 -14758.23212868 0 15920.81232959 0 2253
0.01850000 0.01852150 42121.11708288 0 3944.10762258 0 32451.29659549 0 -12020.99757207 0 -5337.25798780 0 2509
0.01950000 0.01952130 38895.90846191 0 -1472.56575216 0 39974.95575953 0 7996.44249579 0 2931.02659195 0 2770
0.02050000 0.02052130 42501.36917929 0 -1234.21208438 0 29525.38733455 0 3448.60807145 0 -7682.84471087 0 3057
0.02150000 0.02152330 40915.53410036 0 1212.19466019 0 23520.80143099 0 3487.37507907 0 -8796.20822822 0 3421
0.02250000 0.02250920 39122.21060015 0 675.06734139 0 23321.16101735 0 220.93754123 0 -847.56224913 0 3513
0.02350000 0.02350480 35998.38103683 0 1240.13571754 0 25126.31028251 0 -4437.03775751 0 -4980.96919144 0 4195
0.02450000 0.02452220 40561.29868683 0 -1055.10549896 0 27155.39653291 0 1437.73349905 0 -8237.15056586 0 4321
0.02550000 0.02550040 39949.26159752 0 403.34781535 0 20063.05526845 0 5647.12528141 0 -13657.57593330 0 4617
0.02650000 0.02649930 34972.54968146 0 1666.80931671 0 21041.69107101 0 32.75027343 0 1746.57947660 0 5209
0.02750000 0.02749920 33900.27532194 0 808.24050562 0 19855.88936803 0 2058.03787313 0 5992.76013862 0 5427
0.02850000 0.02849400 31799.91196101 0 55.88985521 0 24981.82093629 0 -1214.53831179 0 7577.70290983 0 5917
0.02950000 0.02950760 33585.17243967 0 216.41257354 0 30048.40866592 0 -3860.78973321 0 -184.15188677 0 6517
0.03050000 0.03050860 32246.92587588 0 1951.58448724 0 36039.34118632 0 166.23692795 0 -3022.20323967 0 6597
0.03150000 0.03149480 30600.88690269 0 -106.11602906 0 31110.03983699 0 5790.05577679 0 -2472.31592049 0 7207
0.03250000 0.03248860 29695.03330802 0 -445.93024477 0 18591.28506775 0 1497.64712454 0 -6211.96681789 0 7633
0.03350000 0.03350320 27504.25659875 0 489.63074651 0 13877.32014734 0 1572.05268742 0 -11192.11895648 0 8445
0.03450000 0.03451280 30260.08985841 0 -274.81357618 0 15260.71963183 0 -2321.25789938 0 -10166.23384763 0 8551
0.03550000 0.03550820 29657.08335324 0 276.13376157 0 18443.46300596 0 1404.19132940 0 -8239.04268826 0 9237
0.03650000 0.03650610 28809.60603461 0 451.50770554 0 17967.20719959 0 -155.74639938 0 -9608.96080071 0 9601
0.03750000 0.03750280 26211.27046260 0 247.24986823 0 16203.01808392 0 1513.26788496 0 -7129.28065387 0 10273
0.03850000 0.03850410 28277.33910519 0 427.87015156 0 15071.72240664 0 3302.30185770 0 205.90914413 0 10815
0.03950000 0.03949930 25816.82744826 0 649.48713674 0 12886.75107289 0 -118.26624999 0 3253.99898326 0 11200
0.04050000 0.04050330 23150.33246740 0 571.86711593 0 11708.58236365 0 824.61811500 0 3150.76005530 0 12225
0.04150000 0.04151420 23095.28890693 0 -61.14705277 0 9585.95431254 0 909.76899794 0 -64.64661913 0 12517
0.04250000 0.04250050 23772.36770343 0 -1384.49605542 0 9483.80120482 0 4342.65740257 0 7651.20541430 0 12871
0.04350000 0.04349920 24439.34084624 0 1279.94554262 0 6278.67488287 0 -1208.49642097 0 8425.04046943 0 13989
0.04450000 0.04450600 24948.06375272 0 549.95504856 0 9431.21955361 0 -2191.91628298 0 5396.36531113 0 14461
0.04550000 0.04551100 22833.61698082 0 -712.36580402 0 10697.70522558 0 -214.27211008 0 1109.25675170 0 15129
0.04650000 0.04650780 23213.76157027 0 1129.60781810 0 11586.34695692 0 -34.22967663 0 -3175.91668254 0 15655
0.04750000 0.04751130 23119.58547854 0 -262.24923846 0 9616.54004097 0 778.10093106 0 -2646.16541585 0 16621
0.04850000 0.04851280 21095.01452021 0 146.25031013 0 8371.67401744 0 308.12245574 0 -1652.02711053 0 17013
0.04950000 0.04951400 21310.13593523 0 62.63892677 0 7832.16111933 0 1148.95906983 0 -261.62784826 0 18025
0.05050000 0.05051060 20284.30457985 0 1400.29957766 0 9939.35117184 0 -1079.34831709 0 3543.73022437 0 18291
0.05150000 0.05150360 19449.40557484 0 -385.21246727 0 15901.13855700 0 -451.97321066 0 7103.02745569 0 19309
0.05250000 0.05250820 22312.42326767 0 -585.20872893 0 15262.43974310 0 2565.25568225 0 8507.10052744 0 20305
0.05350000 0.05350310 21872.28979786 0 439.28093966 0 12314.16903572 0 1309.43470011 0 11951.54807976 0 20373
0.05450000 0.05449200 19358.66970563 0 544.15397332 0 11472.06706478 0 167.82480566 0 10503.81643398 0 21655
0.05550000 0.05549280 19922.43617258 0 -252.03177755 0 10947.43312910 0 399.51841764 0 9385.95912596 0 22401
0.05650000 0.05649110 21063.40747572 0 -455.97246935 0 10512.22347779 0 -724.51946517 0 5161.49486865 0 23233
0.05750000 0.05749410 20237.64656180 0 642.09603365 0 8296.89218022 0 318.21628366 0 452.11619490 0 24145
0.05850000 0.05849070 19130.10992136 0 42.83227558 0 6039.42890736 0 -252.50803335 0 -4492.57584997 0 24747
0.05950000 0.05949310 18617.40925758 0 -111.91903943 0 4204.16694438 0 1718.52016160 0 -3446.80195462 0 25984
0.06050000 0.06049570 17955.16642074 0 1033.39016931 0 4826.68596171 0 399.77750940 0 -980.83539484 0 26637
0.06150000 0.06150130 16276.12281267 0 474.16372104 0 7323.11569199 0 131.67881758 0 4780.37196591 0 27841
0.06250000 0.06250720 17167.46296855 0 -867.10163803 0 8466.20488213 0 238.89872804 0 6773.73365549 0 28507
0.06350000 0.06350480 18572.14882993 0 -63.55305840 0 8754.16225850 0 -1339.52589655 0 5587.92120182 0 29133
0.06450000 0.06450400 19665.81707330 0 -52.64411276 0 9199.26254959 0 -64.94989625 0 1367.72497059 0 30529
0.06550000 0.06550670 17426.01719299 0 524.82314792 0 8085.46900442 0 1805.20301863 0 1014.89789815 0 31165
0.06650000 0.06650860 16423.51484664 0 1416.98465693 0 9569.26923328 0 -267.92775577 0 6044.87950993 0 32439
0.06750000 0.06751120 15157.29794205 0 -746.42293198 0 10904.43034749 0 -137.49924407 0 9014.90962481 0 33133
0.06850000 0.06851140 16025.41659586 0 380.65847270 0 10610.43108030 0 -1153.13033965 0 6295.31695935 0 34233
0.06950000 0.06950560 15460.68256633 0 -122.70198692 0 8995.77338699 0 342.07637704 0 985.82801778 0 34735
0.07050000 0.07050800 15655.05513922 0 -505.46114550 0 6131.50861349 0 1579.09439291 0 -1027.38483086 0 36841
0.07150000 0.07150580 16922.56212726 0 369.83467257 0 4402.00124120 0 -336.46021376 0 -4321.51078471 0 36405
0.07250000 0.07249570 15244.27106786 0 479.35630692 0 6024.43168728 0 -1087.63710325 0 -2166.45863627 0 38353
0.07350000 0.07350340 15143.42954498 0 -555.85288006 0 6303.41223299 0 2595.33612799 0 599.17065705 0 39879
0.07450000 0.07450960 16308.48240583 0 361.39215147 0 4907.96121896 0 433.54114339 0 2408.58579814 0 40321
0.07550000 0.07550590 15581.09035485 0 -17.00512747 0 5113.43926020 0 -750.52217214 0 3583.36803833 0 41389
0.07650000 0.07650360 15638.60657525 0 -163.34499089 0 4747.82961093 0 66.68118824 0 97.55224012 0 42513
0.07750000 0.07750310 14417.43508440 0 703.32231904 0 5261.78810607 0 -672.30548774 0 -357.19830519 0 43843
0.07850000 0.07850730 14946.79932606 0 -172.32612183 0 5931.27691161 0 73.07086405 0 -1208.16314941 0 45093
0.07950000 0.07950610 14871.54445823 0 108.47451662 0 4384.18733891 0 323.23900855 0 -2219.42731252 0 45784
0.08050000 0.08050200 14108.56760547 0 -76.58537389 0 2823.67014766 0 -414.53391391 0 -4082.01754321 0 46969
0.08150000 0.08150080 14061.26454569 0 382.16249499 0 3471.28128805 0 203.73857873 0 -3716.94542871 0 48591
0.08250000 0.08250630 13185.83541901 0 298.29632014 0 4399.99086115 0 973.59695162 0 -980.02479240 0 49813
0.08350000 0.08350450 12233.96884801 0 281.68649575 0 4390.90652354 0 535.67812507 0 2967.00916947 0 50421
0.08450000 0.08450050 12455.86320113 0 224.70996025 0 3638.32559323 0 -1140.19725308 0 863.49908000 0 51901
0.08550000 0.08549650 12187.09581605 0 -512.47059890 0 3784.12652429 0 -208.13883835 0 -1362.77965070 0 52963
0.08650000 0.08649770 12297.82797870 0 557.84175871 0 4505.26167054 0 192.59870815 0 -1701.54481355 0 54801
0.08750000 0.08749610 11246.08744740 0 432.82837228 0 3241.33466407 0 1174.79299088 0 883.63298235 0 55345
0.08850000 0.08849580 10925.71672439 0 -207.35296252 0 3197.09555249 0 116.61924346 0 1157.19410251 0 57333
0.08950000 0.08949980 10843.25889065 0 292.70273333 0 4063.96712563 0 -1235.60967478 0 -190.51629845 0 58567
0.09050000 0.09050240 10716.92746896 0 263.31463237 0 5527.45929087 0 -1249.14480029 0 -1809.64305583 0 59641
0.09150000 0.09150470 11700.94936992 0 -784.43524079 0 5432.29413516 0 990.41856472 0 -3609.99751084 0 61317
0.09250000 0.09250460 11561.62035749 0 353.77850898 0 3874.59362610 0 560.82722682 0 -2866.87719248 0 61885
0.09350000 0.09350410 11734.49153957 0 149.99262720 0 4010.49316670 0 181.70717864 0 -2007.35909499 0 64135
0.09450000 0.09450830 10993.66111934 0 499.73747526 0 5302.83426112 0 -1273.31236356 0 -1449.94628903 0 65037
0.09550000 0.09550240 10290.78065387 0 83.09567250 0 6062.09137327 0 500.03741966 0 -543.75297238 0 65701
0.09650000 0.09649900 9906.67980851 0 118.33935472 0 4473.63312467 0 819.86953284 0 -1155.11921829 0 68037
0.09750000 0.09750010 9623.21622281 0 68.11973879 0 3404.18619804 0 -167.01742844 0 -2283.28644321 0 69151
0.09850000 0.09850150 9141.54206597 0 373.53076165 0 3588.14134708 0 -250.07515098 0 -2888.98062223 0 70945
0.09950000 0.09950130 7771.89272090 0 259.80238018 0 3882.72115183 0 785.24261802 0 -1896.97095459 0 71784
0.10050000 0.10049800 7787.82525149 0 147.84893853 0 2762.88571585 0 -45.02541745 0 -1008.85815747 0 73393
0.10150000 0.10149900 8118.48439000 0 -178.77653907 0 3386.74857010 0 282.43689429 0 -236.90232391 0 75375
0.10250000 0.10249800 8560.86475515 0 -303.31904504 0 2735.92297178 0 632.33117702 0 863.46252763 0 75961
0.10350000 0.10350500 9045.15133098 0 62.21448931 0 2127.54111891 0 547.50066480 0 1536.89791345 0 79633
0.10450000 0.10450600 7678.99596192 0 725.96865891 0 3233.04587792 0 -647.99709036 0 2225.81322559 0 78171
0.10550000 0.10550000 7070.00131941 0 -0.29933699 0 3756.73375240 0 -522.98800421 0 1729.91589872 0 81397
0.10650000 0.10650200 6962.13959243 0 138.35392435 0 3933.64719595 0 -363.97876878 0 93.22874045 0 82473
0.10750000 0.10750400 6998.15442203 0 204.60400971 0 3831.74135423 0 -40.33112630 0 -508.28965346 0 84709
0.10850000 0.10850800 6983.65173393 0 -311.49279875 0 3440.72781172 0 895.66946092 0 191.16349031 0 85795
0.10950000 0.10950800 7685.86565628 0 -128.08701024 0 2138.56058170 0 702.96754610 0 121.86558281 0 87237
0.11050000 0.11050400 7595.15128847 0 187.88882849 0 1601.50959283 0 -328.22195587 0 -657.84472735 0 88561
0.11150000 0.11149800 7569.80114871 0 -207.74428783 0 898.02171307 0 464.53647330 0 -1095.45285881 0 89649
0.11250000 0.11249500 7401.71402608 0 196.68934775 0 587.23953529 0 -259.98621708 0 -1452.26843924 0 92635
0.11350000 0.11350000 7809.41264786 0 172.37880023 0 1815.93221264 0 -1175.90031251 0 -2022.02304352 0 94117
0.11450000 0.11449800 7153.34071018 0 129.24055986 0 4522.74230127 0 -659.59924084 0 -1835.74574427 0 94821
0.11550000 0.11549900 7610.61078846 0 26.74859022 0 4609.46816109 0 611.81562498 0 -1277.39762781 0 97921
0.11650000 0.11649900 6785.18314610 0 677.48194757 0 4375.27501242 0 -108.56374739 0 -171.61550086 0 98199
0.11750000 0.11749600 6034.15031592 0 -185.72686365 0 3403.92818135 0 783.94930936 0 -8.23581748 0 100501
0.11850000 0.11849800 6054.36162328 0 -105.37466111 0 2118.44603060 0 910.39253827 0 -328.84012085 0 102628
0.11950000 0.11949800 6346.82354103 0 5.95171398 0 1230.15907221 0 91.31952446 0 664.37254960 0 103569
0.12050000 0.12050000 6345.95273470 0 29.04483125 0 1480.19874590 0 -721.22760224 0 159.11781745 0 106639
0.12150000 0.12150400 6585.66099011 0 -7.70875389 0 1888.18763645 0 174.75792913 0 -910.46671807 0 107433
0.12250000 0.12250300 6964.81651559 0 -272.46562430 0 1512.31107307 0 172.84108014 0 -393.79044713 0 109345
0.12350000 0.12350200 7487.48307401 0 78.92106997 0 890.02319569 0 377.69020570 0 -792.31442545 0 110617
0.12450000 0.12450200 7252.54812736 0 -207.78621554 0 -224.51107238 0 80.27501255 0 -1134.63914355 0 113415
0.12550000 0.12550400 7110.75720569 0 643.77206707 0 773.95331277 0 -500.34488955 0 -526.63786530 0 114685
0.12650000 0.12650300 6596.51919246 0 -75.94129972 0 2491.47365970 0 10.83605592 0 597.85907221 0 116269
0.12750000 0.12750100 6995.25173427 0 -29.38165054 0 2300.78857533 0 -250.22351058 0 1009.55157733 0 118233
0.12850000 0.12850100 6778.79723303 0 270.26710709 0 2605.18376498 0 -134.46647289 0 335.17120538 0 120343
0.12950000 0.12950200 6465.10269186 0 31.14637719 0 3024.14911554 0 -407.84160603 0 434.08727871 0 122145
0.13050000 0.13050000 6452.81464701 0 105.10127092 0 2750.98469604 0 670.86274441 0 537.61540038 0 123805
0.13150000 0.13150000 5863.77329517 0 489.87263716 0 2519.84474487 0 307.56556972 0 786.83157080 0 125905
0.13250000 0.13250100 5624.86059123 0 -431.26092089 0 1880.23212185 0 286.58988792 0 533.71827329 0 128127
0.13350000 0.13350200 5828.73677885 0 171.39188640 0 362.01676687 0 404.27130008 0 67.64961088 0 129901
0.13450000 0.13450300 6037.66579332 0 -168.83752117 0 -612.01666298 0 -69.22007246 0 -712.87108670 0 131769
0.13550000 0.13550100 6431.67877985 0 -75.39107913 0 40.71847385 0 -74.75657309 0 -588.60702374 0 133153
0.13650000 0.13650300 6634.54440211 0 161.81946721 0 571.19734761 0 -562.31082279 0 -80.14245647 0 136867
0.13750000 0.13750200 6507.61094148 0 176.19744724 0 1755.67456491 0 -276.34555027 0 -783.96651047 0 136233
0.13850000 0.13849900 5893.92899578 0 165.82195111 0 1765.98448180 0 419.57168978 0 116.47733428 0 140392
0.13950000 0.13950100 5987.79331734 0 60.68724552 0 1570.05305808 0 6.41842317 0 -448.23841907 0 141507
0.14050000 0.14050000 5866.90174753 0 -35.70316694 0 1265.93738651 0 -281.23926682 0 -1083.05730701 0 143773
0.14150000 0.14149900 5910.54957087 0 160.65301676 0 1115.95443494 0 -310.55963839 0 -2299.17597102 0 145369
0.14250000 0.14249800 5768.78015059 0 30.94770434 0 1628.23582160 0 469.27322970 0 -1410.28697369 0 148053
0.14350000 0.14349800 6082.48544245 0 -158.53620483 0 1404.86862321 0 396.84471970 0 -677.77114128 0 149839
0.14450000 0.14449800 5538.69376757 0 557.98581803 0 1119.66342486 0 -157.31815104 0 397.14251396 0 152145
0.14550000 0.14549600 5264.36827296 0 -258.65420591 0 438.90359025 0 279.87392850 0 -173.92475023 0 153589
0.14650000 0.14650000 5171.57902094 0 222.17709641 0 503.88079327 0 -483.72646460 0 -1179.36203643 0 157897
0.14750000 0.14750200 5708.12472712 0 -218.51325942 0 884.54679146 0 356.75537654 0 -544.97210124 0 157635
0.14850000 0.14850100 5512.60182983 0 421.89706520 0 1901.72276196 0 -340.97443076 0 1878.22174181 0 160741
0.14950000 0.14950200 5062.07243756 0 385.48230973 0 3412.09870986 0 -204.99856023 0 2454.42676334 0 163293
0.15050000 0.15050500 4454.79790632 0 -35.83776565 0 3059.98118332 0 194.76282313 0 2043.28791903 0 165205
0.15150000 0.15150100 4386.36973008 0 16.05078824 0 1888.32739549 0 -392.46058611 0 -514.72286959 0 165679
0.15250000 0.15250200 4342.85091509 0 200.97349987 0 1680.68846447 0 136.59296045 0 -1035.68544278 0 170937
0.15350000 0.15350400 4351.36546585 0 -285.00631049 0 1684.67697247 0 504.69999626 0 -329.98614498 0 170989
0.15450000 0.15450200 4753.20495863 0 174.20749352 0 645.93403191 0 140.79970756 0 355.39541357 0 173617
0.15550000 0.15550300 4424.57770154 0 366.42025171 0 965.71239161 0 -236.42069275 0 -115.24207937 0 176619
0.15650000 0.15650200 3229.97117903 0 116.03440563 0 721.95757446 0 368.15756408 0 321.88119572 0 177409
0.15750000 0.15749800 3547.80473793 0 -187.20293413 0 105.99196604 0 442.74481372 0 161.85171930 0 180441
0.15850000 0.15850100 3752.68074023 0 16.54134247 0 -495.59523232 0 -277.99255681 0 -534.59015469 0 183868
0.15950000 0.15950100 4095.27315065 0 -64.22454683 0 -334.65624707 0 -63.73592773 0 -991.96989006 0 184867
0.16050000 0.16050000 4308.07241546 0 195.72393530 0 355.76093721 0 204.23741099 0 -76.42293088 0 187161
0.16150000 0.16150000 4545.17900258 0 -27.28537244 0 521.26144253 0 -38.58779353 0 1481.95110925 0 190681
0.16250000 0.16250100 4361.57862648 0 174.01290594 0 996.12610891 0 -419.46740803 0 964.92866592 0 191961
0.16350000 0.16350200 3713.90298191 0 106.40963055 0 640.73392055 0 140.33635259 0 156.11514823 0 195235
0.16450000 0.16450300 3861.10150337 0 57.04942521 0 637.42808171 0 176.78766042 0 -377.09569224 0 196837
0.16550000 0.16550000 3661.37508417 0 314.33098234 0 770.60769636 0 -136.20163513 0 726.12776920 0 198789
0.16650000 0.16650000 3307.58044915 0 -49.45470395 0 1120.62023675 0 483.39856839 0 1781.05695676 0 202477
0.16750000 0.16750400 3681.72615057 0 -33.50110200 0 563.54607769 0 -457.73988367 0 1314.71329156 0 205143
0.16850000 0.16850100 3654.94616832 0 53.47363641 0 1223.49364106 0 -50.31594216 0 1035.02857529 0 205021
0.16950000 0.16949900 3827.35507050 0 -62.86598145 0 457.47326642 0 405.45602672 0 -74.72399848 0 210061
0.17050000 0.17049900 3769.36581950 0 107.19873160 0 -443.37480447 0 -84.42736114 0 -141.47592630 0 210801
0.17150000 0.17149800 3668.86831887 0 78.28484382 0 -346.40353193 0 -91.26802863 0 -241.09509511 0 214771
0.17250000 0.17249900 3617.50149623 0 177.00374940 0 611.04587519 0 -54.65266518 0 187.84475064 0 216429
0.17350000 0.17350000 3592.24811273 0 56.08519534 0 1653.86547944 0 -140.05360930 0 1961.05584989 0 219865
0.17450000 0.17450000 4058.94655088 0 -134.99863232 0 1761.08216470 0 481.06459242 0 2378.94613091 0 220963
0.17550000 0.17549900 3720.27814429 0 326.43519029 0 982.76084438 0 -275.33390983 0 1379.72274666 0 224901
0.17650000 0.17649900 2953.91482247 0 174.77082996 0 693.25214266 0 25.91272365 0 641.74986126 0 226189
0.17750000 0.17749700 3031.44883772 0 -97.51751537 0 268.41798748 0 115.34313591 0 466.27378568 0 229017
0.17850000 0.17849800 3071.09740236 0 133.79670457 0 457.20987439 0 -216.58888494 0 57.45655405 0 232870
0.17950000 0.17950100 3022.19248897 0 -34.23386940 0 -76.10707545 0 -28.32765236 0 -421.14236638 0 235261
0.18050000 0.18050200 3258.28851072 0 -62.34844298 0 -635.63701585 0 256.29335320 0 -1475.32868088 0 237021
0.18150000 0.18150100 3364.92465843 0 205.18347219 0 -789.45581554 0 342.34621949 0 -385.92631345 0 239761
0.18250000 0.18250100 3465.35765488 0 -61.18489521 0 -485.16168243 0 342.54188215 0 1003.67954750 0 243015
0.18350000 0.18350300 3166.44531989 0 163.18373046 0 15.47487348 0 -188.81768858 0 1907.91516251 0 245125
0.18450000 0.18450100 3446.39342819 0 151.42784503 0 325.94710872 0 -520.01651200 0 986.18494087 0 247357
0.18550000 0.18550000 3216.44680421 0 29.58182849 0 639.82226158 0 -376.50977934 0 -88.69549472 0 250593
0.18650000 0.18650000 2948.02344139 0 243.53120269 0 -162.43010671 0 319.89339214 0 -1668.98095718 0 253147
0.18750000 0.18750100 2741.22306461 0 -28.93538917 0 -667.96220679 0 470.70629740 0 -876.42356601 0 256969
0.18850000 0.18850300 2977.78136626 0 -36.64406780 0 -768.05440621 0 -224.06169332 0 -626.57632977 0 259065
0.18950000 0.18950300 3118.59397465 0 30.06238457 0 -398.87552606 0 -82.05866042 0 -819.51045961 0 260641
0.19050000 0.19050200 2858.97543136 0 335.76571883 0 -318.64631147 0 -12.31244892 0 -758.69162558 0 264807
0.19150000 0.19150200 2858.60990772 0 -48.64904684 0 -138.66891973 0 91.61291093 0 231.70758789 0 266629
0.19250000 0.19250200 2628.06124480 0 102.04431068 0 -48.78192543 0 37.85889638 0 667.60420864 0 270133
0.19350000 0.19350200 3066.95838463 0 -153.17483304 0 -718.13677731 0 552.46426087 0 467.64342428 0 272589
0.19450000 0.19450200 3006.50722438 0 150.62154288 0 -1300.19985276 0 -366.33424614 0 371.69239273 0 275575
0.19550000 0.19550100 3123.31352994 0 36.17082219 0 -66.27438192 0 -158.98773404 0 1114.64285010 0 277569
0.19650000 0.19650000 3200.65403267 0 87.69148728 0 63.59143838 0 270.85409506 0 1171.04099819 0 281581
0.19750000 0.19750100 2822.27255725 0 201.61531638 0 -275.19630093 0 195.06706781 0 1994.85603624 0 283933
0.19850000 0.19850000 2331.24529541 0 90.94400267 0 -639.20194645 0 -115.54847419 0 1262.37890633 0 286998
0.19950000 0.19950000 2431.21601196 0 21.07351313 0 -1010.75780535 0 -306.86892466 0 590.51097190 0 289429
0.20050000 0.20049900 2637.23158797 0 156.48604722 0 -818.43969035 0 -38.91267955 0 5.81518015 0 292449
0.20150000 0.20149900 2331.36355306 0 68.02706780 0 -1204.16389072 0 -88.31782279 0 -880.17448364 0 296029
0.20250000 0.20250000 2209.02063937 0 125.56489710 0 -680.91679475 0 -111.85776046 0 -1028.86412655 0 298819
0.20350000 0.20350000 2542.95873998 0 -51.19900428 0 -166.79273890 0 -70.16968139 0 -605.91349320 0 301857
0.20450000 0.20449900 2756.56430695 0 180.15370315 0 640.44365177 0 -706.07234693 0 -84.63839729 0 303601
0.20550000 0.20549800 2495.88144481 0 174.00753059 0 1067.80744558 0 -37.60163224 0 -1619.38799928 0 307341
0.20650000 0.20650000 2375.67791951 0 -9.48283364 0 639.84053776 0 552.18904307 0 -1149.23858791 0 312259
0.20750000 0.20750100 2266.79487647 0 -51.45863358 0 -67.43126426 0 699.96165166 0 -253.34013718 0 312529
0.20850000 0.20850200 2493.53779321 0 140.80938318 0 -97.04588236 0 14.66943138 0 1323.24934371 0 318093
0.20950000 0.20950300 2602.51759252 0 -19.94049734 0 -46.96237024 0 106.08399199 0 1207.84062855 0 318847
0.21050000 0.21050000 2656.65809457 0 -10.26037769 0 -709.56309773 0 -133.79777964 0 819.29437064 0 321633
0.21150000 0.21150100 2247.60488517 0 304.49517111 0 -227.65242558 0 -199.34046924 0 684.54085417 0 327253
0.21250000 0.21250300 2158.19135150 0 146.21268269 0 -162.22584350 0 158.49212698 0 827.67668784 0 328741
0.21350000 0.21350200 1963.62526609 0 6.32924615 0 -227.08371379 0 217.82736505 0 1390.57019832 0 331443
0.21450000 0.21450000 1977.71942777 0 54.08954375 0 -758.76903059 0 208.60326840 0 2202.89274299 0 334045
0.21550000 0.21549800 2449.84696710 0 -295.30010134 0 -905.12577260 0 -283.21416956 0 831.18248961 0 338409
0.21650000 0.21650100 2867.68349464 0 136.46717731 0 -1130.13460218 0 -13.30463060 0 911.57403970 0 342685
0.21750000 0.21750200 2863.28646022 0 225.79685555 0 -1001.76914892 0 157.80300741 0 623.90478196 0 344011
0.21850000 0.21850000 2509.44882241 0 64.10155888 0 -822.35294348 0 -164.89309103 0 1481.05880153 0 346752
0.21950000 0.21949900 2289.90887158 0 182.60808691 0 -442.44164411 0 -85.86612671 0 1172.99762475 0 351409
0.22050000 0.22050000 2255.29163238 0 21.34013038 0 -851.21103515 0 366.75137312 0 966.10801720 0 353569
0.22150000 0.22150100 1963.79727722 0 198.11919024 0 -1020.98171668 0 -407.65991927 0 422.25936363 0 358707
0.22250000 0.22250300 1805.21376933 0 106.36006985 0 -430.19982726 0 -430.22777906 0 -609.49669998 0 360805
0.22350000 0.22350200 2134.09904310 0 -95.01045320 0 -164.07603817 0 93.56351711 0 -905.46549457 0 362601
0.22450000 0.22450200 2355.35910520 0 155.83240494 0 -430.44924339 0 305.82610721 0 -608.00772867 0 368197
0.22550000 0.22550300 2039.63268260 0 38.76991031 0 -887.38820025 0 371.68486725 0 24.26980238 0 370111
0.22650000 0.22650100 2042.53537035 0 209.40957055 0 -1427.11181200 0 -232.04730986 0 -303.46847970 0 372237
0.22750000 0.22750200 1576.04119542 0 188.20274880 0 -661.14949112 0 -231.94410319 0 76.17179463 0 379093
0.22850000 0.22850300 1692.95500793 0 26.81201932 0 -75.35936458 0 -368.41665584 0 -310.07155682 0 378933
0.22950000 0.22950000 1764.53313792 0 85.93847889 0 396.53402460 0 -80.86286057 0 -92.33148741 0 382243
0.23050000 0.23050000 1936.13573795 0 40.36767866 0 72.06889924 0 431.28887270 0 -299.54340081 0 388249
0.23150000 0.23150000 1746.54722451 0 109.06365473 0 -454.51575012 0 92.97136881 0 311.22295630 0 389349
0.23250000 0.23249900 1727.55074573 0 -43.59299479 0 -132.90869713 0 4.73532655 0 289.02814564 0 393697
0.23350000 0.23350100 2312.17356176 0 -27.63068478 0 -281.11778396 0 -387.64749978 0 -536.41454770 0 398043
0.23450000 0.23450100 1993.65195836 0 229.49616984 0 21.35625642 0 -271.40990601 0 -761.62656542 0 400129
0.23550000 0.23550300 1679.33387685 0 229.13387141 0 -274.92538341 0 408.50707407 0 -942.01140853 0 405157
0.23650000 0.23650400 1613.29235499 0 -167.05505587 0 -957.17418932 0 541.67271282 0 -329.12501428 0 406857
0.23750000 0.23750000 1967.31275462 0 43.04696697 0 -940.76970321 0 -435.68590712 0 211.68226756 0 408214
0.23850000 0.23849900 2330.05196822 0 144.21950376 0 -283.83018441 0 -213.64104426 0 -128.64067106 0 415833
0.23950000 0.23950200 1853.06511457 0 244.28160123 0 605.30930412 0 -267.85035076 0 177.55633514 0 418813
0.24050000 0.24050100 1728.15278468 0 51.39369938 0 617.02433690 0 333.53279940 0 84.09527216 0 418885
0.24150000 0.24149900 1596.14499582 0 313.19785904 0 742.89240361 0 -471.07719639 0 -65.46184437 0 426183
0.24250000 0.24250000 1518.38521597 0 -110.05379377 0 955.67016704 0 161.72271095 0 -81.71711083 0 427693
0.24350000 0.24350000 1666.56205071 0 -45.49275018 0 530.10173936 0 459.01384108 0 204.36104399 0 432309
0.24450000 0.24450100 1944.60728593 0 58.95713611 0 23.35104795 0 160.68419377 0 356.58014020 0 435703
0.24550000 0.24550100 1640.06158654 0 236.53142491 0 -31.54157275 0 -418.56757483 0 237.50973820 0 438541
0.24650000 0.24650100 1658.04749995 0 -97.05577300 0 -56.15453733 0 83.80242322 0 -351.99711875 0 442353
0.24750000 0.24750200 1962.79746255 0 188.72523259 0 -57.75090809 0 12.32534976 0 -325.26766477 0 446857
0.24850000 0.24850300 1560.68920238 0 229.05216612 0 153.38339653 0 60.13154208 0 481.91174721 0 450343
0.24950000 0.24950200 1302.53275366 0 107.59295960 0 53.83217211 0 268.51044346 0 644.59019499 0 451653
0.25050000 0.25050000 1233.25527249 0 -24.85625281 0 -686.24913967 0 -23.94437883 0 49.78679293 0 457237
0.25150000 0.25150200 1353.23303319 0 104.07436450 0 -989.97563607 0 -162.00330410 0 -699.72298622 0 461505
0.25250000 0.25250300 1285.62190979 0 162.01728000 0 -318.28293797 0 -318.72694169 0 -932.37125996 0 464455
0.25350000 0.25350200 1458.70810579 0 -101.70458871 0 -141.64793742 0 -8.19717948 0 -702.32572958 0 467581
0.25450000 0.25450000 1696.42748254 0 151.79336868 0 30.56003426 0 185.43874501 0 -157.14936513 0 469953
0.25550000 0.25550000 1598.57465298 0 190.14647453 0 241.65090607 0 -124.76289522 0 268.94799676 0 477265
0.25650000 0.25650100 1404.93312738 0 35.43343199 0 407.98674041 0 -0.43128457 0 -50.39237961 0 478299
0.25750000 0.25749800 1533.79096248 0 -52.16774944 0 -482.62129311 0 337.32241953 0 -685.45573835 0 480436
0.25850000 0.25849700 1655.14481219 0 -105.07901698 0 -1616.36705387 0 418.71378429 0 -845.98082184 0 487609
0.25950000 0.25949900 1957.88439475 0 278.49246414 0 -1447.03285058 0 53.67574949 0 25.54590992 0 491901
0.26050000 0.26050100 1488.92831056 0 143.72712192 0 -886.02716221 0 15.40929424 0 1230.78261254 0 494107
0.26150000 0.26150000 1558.72182512 0 47.61601252 0 -943.31224267 0 154.82183957 0 1550.68030496 0 497529
0.26250000 0.26249900 1482.33813428 0 187.40504720 0 -805.39157134 0 -372.24390341 0 1729.58262717 0 501397
0.26350000 0.26350000 1261.49734931 0 138.01527745 0 -294.09172317 0 -399.75923322 0 681.53173453 0 506533
0.26450000 0.26450100 1150.95869917 0 111.37827945 0 -172.14981042 0 -117.64485980 0 -271.83455848 0 509619
0.26550000 0.26550100 1151.71124785 0 126.74209825 0 45.92697076 0 -2.59403529 0 -337.15040840 0 512941
0.26650000 0.26650100 1319.54035379 0 -51.80695611 0 -68.15091581 0 126.31422057 0 -382.58392225 0 518205
0.26750000 0.26750100 1300.54387501 0 68.78380925 0 -510.38496399 0 297.47281688 0 100.05736716 0 519961
0.26850000 0.26850100 1235.22264974 0 197.60960728 0 -567.36794991 0 145.62784486 0 429.74614791 0 526243
0.26950000 0.26950100 1448.49494515 0 -116.79770500 0 -1063.45663915 0 -9.07759693 0 223.52953389 0 527805
0.27050000 0.27050000 1573.25676531 0 75.93183911 0 -1249.03729334 0 132.55284911 0 392.79385767 0 533113
0.27150000 0.27150100 1329.95777764 0 328.29291046 0 -706.49377419 0 -257.23618919 0 388.80212447 0 537129
0.27250000 0.27250100 1151.51773533 0 57.85078205 0 -582.11467879 0 -125.49071730 0 460.70492546 0 540535
0.27350000 0.27350000 1263.22821127 0 6.82334811 0 -385.38770361 0 -7.41314202 0 22.04537599 0 544093
0.27450000 0.27449900 1677.29124472 0 -142.01238600 0 -981.49763767 0 354.99333756 0 147.48556503 0 548493
0.27550000 0.27550000 1782.34704021 0 171.50799391 0 -1124.56574196 0 -50.42097646 0 215.55896832 0 552997
0.27650000 0.27650000 1612.57205840 0 246.65642984 0 -981.53634018 0 -104.88765460 0 623.60698770 0 557007
0.27750000 0.27750000 1348.13720356 0 68.04889171 0 -594.05547617 0 -58.36391274 0 436.01917868 0 560968
0.27850000 0.27849900 1327.82913995 0 109.68934520 0 -792.31442545 0 -163.23640886 0 -123.12771445 0 563689
0.27950000 0.27950000 1313.96074288 0 119.15425743 0 -870.01292634 0 131.26814101 0 -88.28750583 0 570603
0.28050000 0.28050000 1415.97409156 0 67.56392784 0 -611.19100958 0 -93.83185447 0 189.79170158 0 570769
0.28150000 0.28149800 1335.16111421 0 76.97121634 0 -1040.85652727 0 78.79980212 0 -258.35211137 0 577909
0.28250000 0.28249900 1052.59091130 0 187.82217418 0 -1289.70717405 0 189.47025579 0 48.47875582 0 581517
0.28350000 0.28349900 938.63354003 0 67.91837827 0 -1546.00375246 0 189.44337905 0 35.11327628 0 585139
0.28450000 0.28450100 1119.78168250 0 110.98372893 0 -1222.04229718 0 -312.81083401 0 19.54186156 0 591333
0.28550000 0.28550100 1088.16388732 0 195.04771656 0 -517.40731823 0 -426.58221825 0 184.16693774 0 592321
0.28650000 0.28650100 965.50382812 0 78.47502362 0 417.19686117 0 -209.35151680 0 385.18559053 0 597841
0.28750000 0.28750000 1207.06657848 0 127.32263580 0 1148.78705870 0 -311.03374406 0 18.99981149 0 600915
0.28850000 0.28850000 1235.77093521 0 -106.51552490 0 952.33852653 0 439.04979971 0 439.88512874 0 607285
0.28950000 0.28950000 1684.70922455 0 32.35819557 0 42.76067595 0 339.15648816 0 329.48623765 0 609945
0.29050000 0.29050200 1403.87955923 0 227.57179536 0 -131.62183889 0 126.43785357 0 645.51475479 0 616525
0.29150000 0.29150100 1128.59725274 0 218.47993226 0 -185.09257262 0 -157.08056068 0 901.01255654 0 615835
0.29250000 0.29250000 937.14349365 0 -53.05747700 0 -121.38502673 0 -115.16359930 0 461.95953162 0 624141
0.29350000 0.29350100 1145.94887512 0 152.76523154 0 -558.50185141 0 93.59157642 0 -264.11340904 0 628621
0.29450000 0.29450100 1135.56370336 0 94.06955234 0 -477.32765069 0 -2.24913148 0 175.83192360 0 630345
0.29550000 0.29550000 1083.28307161 0 169.09446279 0 -100.05285187 0 -53.42837599 0 511.33425039 0 635659
0.29650000 0.29650000 1216.95721825 0 -27.86720008 0 -158.58888324 0 218.67344478 0 1042.15843648 0 639541
0.29750000 0.29750000 1295.50179887 0 93.29593230 0 -563.44717129 0 230.68197155 0 933.32162143 0 645564
0.29850000 0.29849900 1232.97575440 0 99.68324296 0 -851.85930208 0 8.79087588 0 579.15286221 0 646825
0.29950000 0.29949700 1095.24859559 0 194.41557567 0 -622.63619990 0 -375.09821304 0 864.30215694 0 653439
0.30050000 0.30049800 994.76829608 0 3.08423475 0 -381.35404269 0 185.14847623 0 868.80562325 0 658273
0.30150000 0.30149900 1374.61616634 0 48.94920625 0 -592.38589318 0 -178.72708587 0 603.53866459 0 661921
0.30250000 0.30249900 1051.56959524 0 280.86729276 0 -522.83426927 0 -165.00704840 0 139.19247859 0 666681
0.30350000 0.30350000 998.96536756 0 -36.49119291 0 -562.51831121 0 323.36156648 0 262.64701419 0 672547
0.30450000 0.30450100 1164.25730939 0 157.80838275 0 -610.06218656 0 -379.25228174 0 -21.89733892 0 674181
0.30550000 0.30550000 1069.51143080 0 82.59576516 0 -379.62103059 0 56.08992565 0 -277.04004519 0 679861
0.30650000 0.30650000 1286.20244735 0 24.09026577 0 -692.49636877 0 364.26366221 0 -316.08764597 0 683689
0.30750000 0.30750200 917.07624561 0 327.00282701 0 -851.07665146 0 -256.79326054 0 -384.05891765 0 691407
0.30850000 0.30850100 695.96561818 0 88.63410825 0 -474.41851252 0 93.76573769 0 -316.01669138 0 689413
0.30950000 0.30950000 958.12777600 0 -22.15266793 0 -719.05918698 0 -13.59973719 0 -185.42691925 0 699889
0.31050000 0.31049900 1216.86046200 0 -22.32005626 0 -967.57656219 0 66.39274708 0 -489.35122843 0 698667
0.31150000 0.31149900 1289.51366153 0 156.01409169 0 -921.30449411 0 -32.20478315 0 -521.06470480 0 709477
0.31250000 0.31250000 1001.28214242 0 220.20864408 0 -579.92261200 0 109.89575855 0 456.77554629 0 708921
0.31350000 0.31350000 788.43987483 0 226.92030322 0 -514.86692890 0 25.51462540 0 742.59568442 0 718237
0.31450000 0.31450100 647.19401341 0 92.44221958 0 -575.56535515 0 6.40328619 0 691.43097486 0 719227
0.31550000 0.31550000 659.35735019 0 37.96715589 0 -755.68895635 0 -58.75480802 0 877.25459476 0 724881
0.31650000 0.31649900 889.68132358 0 111.74917844 0 -359.20223481 0 -102.35661839 0 639.73410587 0 728521
0.31750000 0.31749900 789.13006947 0 135.49746458 0 -39.76606975 0 -24.01565594 0 981.49978781 0 734484
0.31850000 0.31850000 814.68232231 0 103.80419952 0 -132.65068044 0 118.86613880 0 836.46215613 0 740047
0.31950000 0.31950100 1030.01122575 0 30.02411209 0 -480.36902242 0 -204.12882897 0 348.53001949 0 743449
0.32050000 0.32050100 862.22619766 0 135.52541639 0 -368.21561784 0 75.36366486 0 326.60397621 0 747561
0.32150000 0.32150100 685.21814798 0 94.06052176 0 -429.28494308 0 260.14532737 0 785.46515741 0 753193
0.32250000 0.32250100 942.53174218 0 -22.02570222 0 -585.53770021 0 -148.12738154 0 707.27319960 0 758223
0.32350000 0.32350300 1246.82265008 0 91.28512223 0 -481.15597333 0 -101.34841817 0 466.80487003 0 763405
0.32450000 0.32450100 1169.60040500 0 209.52460299 0 -259.39492883 0 -54.21930465 0 511.13643760 0 763321
0.32550000 0.32550000 1142.45489911 0 96.41986937 0 -158.48030122 0 -17.47138513 0 752.83787193 0 772353
0.32650000 0.32650100 1293.30865701 0 -16.19839528 0 -346.50888875 0 292.40278892 0 568.61395550 0 777367
0.32750000 0.32750100 1231.10513340 0 198.03103454 0 -851.27553932 0 -108.41538779 0 127.95370162 0 780621
0.32850000 0.32850100 1021.08277322 0 145.08600981 0 -816.45296184 0 -20.13228975 0 -48.08614043 0 785653
0.32950000 0.32950100 807.98786428 0 240.42855200 0 -648.61310521 0 -147.13186715 0 -95.86782116 0 791269
0.33050000 0.33050100 758.74215385 0 40.71277599 0 -358.88401423 0 -27.53070331 0 283.35070340 0 795447
0.33150000 0.33150000 941.53515272 0 4.58556937 0 -665.42289254 0 172.50243323 0 -226.08067391 0 798433
0.33250000 0.33249900 1148.31402810 0 121.45920653 0 -1089.70123677 0 -152.69965230 0 -362.26618300 0 805449
0.33350000 0.33350100 876.52354748 0 159.54677020 0 -1132.05897665 0 38.93332088 0 -808.01904130 0 812101
0.33450000 0.33450100 895.60710689 0 29.82156899 0 -912.82864585 0 227.21164707 0 -96.48469606 0 813763
0.33550000 0.33550100 942.12859111 0 181.56311932 0 -806.01941195 0 -203.13868992 0 182.59733622 0 819573
0.33650000 0.33650100 849.17807865 0 133.73650068 0 -398.28746302 0 -55.89404798 0 363.95619232 0 825289
0.33750000 0.33750000 856.75194356 0 203.81490866 0 -341.20879592 0 -113.52519332 0 -47.87510428 0 827700
0.33850000 0.33850000 782.81296086 0 47.17179378 0 -164.66302614 0 -72.87670649 0 -45.55338410 0 834943
0.33950000 0.33950100 943.69174222 0 39.58922081 0 -104.85077972 0 161.34966182 0 -4.43783331 0 840877
0.34050000 0.34050100 1122.22209036 0 94.47539109 0 -335.35396720 0 178.22180319 0 227.00953400 0 843237
0.34150000 0.34150000 1063.86516557 0 158.41902225 0 -236.64215708 0 -373.88015925 0 -175.57390691 0 848401
0.34250000 0.34250000 1219.50513306 0 17.47504036 0 -389.02036358 0 54.57859289 0 -635.86923088 0 855115
0.34350000 0.34350000 1232.07269599 0 117.64163459 0 -806.10219231 0 243.69138805 0 -735.84962306 0 857685
0.34450000 0.34450000 959.42323480 0 180.36011650 0 -923.78145433 0 204.03959820 0 196.05613179 0 865909
0.34550000 0.34550200 899.80202823 0 124.07807593 0 -661.18926869 0 -71.82485845 0 248.70013704 0 871059
0.34650000 0.34650200 851.01752263 0 149.18309983 0 -697.57069700 0 -92.20269408 0 775.77663071 0 872869
0.34750000 0.34750000 900.41159266 0 74.02993359 0 -627.92984232 0 -40.79039601 0 -157.29342444 0 878437
0.34850000 0.34850000 867.84988643 0 150.53123704 0 -497.66474119 0 -292.50599560 0 -309.22117681 0 884925
0.34950000 0.34950000 955.17025970 0 15.42724790 0 -534.41061808 0 278.89561522 0 -425.07174555 0 888739
0.35050000 0.35050000 946.29448557 0 274.56953539 0 -504.01195175 0 -129.07607422 0 -35.11155617 0 895065
0.35150000 0.35150100 614.35923951 0 130.03826146 0 -377.06989057 0 284.30213994 0 340.77446782 0 901381
0.35250000 0.35250200 568.16780164 0 152.17286822 0 -829.14523283 0 383.84175361 0 995.38861120 0 904717
0.35350000 0.35350000 466.28131117 0 62.80997033 0 -1101.48399893 0 -30.68355975 0 1452.95648375 0 907755
0.35450000 0.35450000 394.20327384 0 211.74247145 0 -1114.32032924 0 -243.68816284 0 1407.45954080 0 917257
0.35550000 0.35550000 311.84757170 0 122.17627791 0 -923.07620871 0 -71.64295669 0 626.54085247 0 918585
0.35650000 0.35650000 384.03204092 0 51.79674295 0 -947.64799813 0 -145.93208954 0 71.64198913 0 926236
0.35750000 0.35750000 428.01958623 0 159.29090365 0 -726.81043836 0 -390.43192989 0 -728.43701858 0 931111
0.35850000 0.35850000 607.27775645 0 43.52225521 0 -394.87626737 0 -66.53508629 0 -1140.15425029 0 935085
0.35950000 0.35949900 720.37614716 0 44.34704857 0 -347.03674789 0 216.20938539 0 -637.84843390 0 940537
0.36050000 0.36050000 872.69522484 0 194.52308263 0 -237.77420530 0 158.13412883 0 10.12471466 0 948729
0.36150000 0.36150100 900.18475299 0 65.03729940 0 -110.47737117 0 11.32349245 0 812.97833709 0 950959
0.36250000 0.36250000 884.33500276 0 81.82601537 0 -575.75241725 0 381.69914001 0 885.22086006 0 956041
0.36350000 0.36350000 664.81870346 0 182.16515826 0 -1033.53530370 0 -5.12292137 0 889.79098067 0 962901
0.36450000 0.36450000 637.47215956 0 181.28145110 0 -682.43264281 0 -434.98603685 0 527.85699416 0 966757
0.36550000 0.36550000 795.01607521 0 32.19596758 0 98.89360438 0 -132.00886393 0 701.06144780 0 974451
0.36650000 0.36650200 1114.59984732 0 42.41590115 0 94.49269971 0 93.98601944 0 299.83689480 0 978937
0.36750000 0.36750100 1094.07676980 0 192.31596486 0 -136.45427647 0 -8.37659784 0 366.49765671 0 981601
0.36850000 0.36850100 667.56658120 0 233.21483538 0 -177.13275774 0 129.54050426 0 382.62477489 0 990153
0.36950000 0.36950100 743.08914134 0 11.60483815 0 -700.67012249 0 443.27159780 0 564.92539191 0 993415
0.37050000 0.37050100 630.81640404 0 178.40564008 0 -797.75642747 0 -178.43466696 0 1040.11150408 0 999897
0.37150000 0.37150100 795.34289635 0 63.69066730 0 -406.68590627 0 -205.25442678 0 1233.42728361 0 1005277
0.37250000 0.37250100 1013.56481192 0 103.92912260 0 -66.74020956 0 -102.73923563 0 1052.42320046 0 1010557
0.37350000 0.37350100 845.41748540 0 212.69390800 0 -97.73962474 0 67.50436899 0 927.39153785 0 1015851
0.37450000 0.37450000 473.92505560 0 169.48148782 0 -339.09735934 0 23.98297383 0 689.49369955 0 1019689
0.37550000 0.37549900 546.98570649 0 118.37375695 0 -468.91630661 0 -72.71598360 0 353.58822167 0 1027069
0.37650000 0.37649900 564.84798690 0 162.26992135 0 -225.18944126 0 84.21610998 0 584.50670852 0 1030464
0.37750000 0.37749900 456.30251569 0 151.10424910 0 -80.72890691 0 80.38488466 0 836.52236002 0 1040803
0.37850000 0.37850100 431.09858539 0 76.88951106 0 -571.60372389 0 -28.21960787 0 737.18700956 0 1043097
0.37950000 0.37950100 562.14203687 0 82.09413772 0 -537.83256442 0 -52.72119524 0 314.20842441 0 1050865
0.38050000 0.38050000 709.60287530 0 107.81012364 0 -387.80661007 0 -108.05631457 0 243.27318600 0 1050019
0.38150000 0.38150000 738.91572138 0 126.48515663 0 -189.08645596 0 -33.11386195 0 366.87178091 0 1063257
0.38250000 0.38250100 713.30971507 0 120.17127322 0 -360.70733217 0 21.75489220 0 159.27155240 0 1065313
0.38350000 0.38350200 767.01481396 0 93.27292581 0 -482.46755817 0 29.87725760 0 -116.84285792 0 1072797
0.38450000 0.38450200 663.85006580 0 170.40174735 0 -605.10181570 0 -60.96665610 0 -450.63904936 0 1073695
0.38550000 0.38550000 747.04002190 0 81.84472158 0 -425.79849256 0 42.53222368 0 -226.51715215 0 1081261
0.38650000 0.38649900 877.58356604 0 78.25097912 0 -344.99949112 0 -7.47368993 0 -98.12804736 0 1087701
0.38750000 0.38750000 941.13952713 0 153.38769680 0 -401.89324626 0 50.05545281 0 77.35286603 0 1094809
0.38850000 0.38850100 886.13359410 0 81.88245652 0 -728.42519281 0 170.84252586 0 -227.33958034 0 1100187
0.38950000 0.38950100 764.47012436 0 257.22113822 0 -938.62923975 0 -180.09242419 0 -297.16212178 0 1103509
0.39050000 0.39050000 646.32965750 0 148.09190425 0 -516.92138680 0 -134.92875280 0 -298.71344713 0 1110517
0.39150000 0.39150200 651.57492179 0 144.89894771 0 -234.69843135 0 95.16881095 0 109.22814037 0 1119045
0.39250000 0.39250100 703.92328292 0 134.37294184 0 97.50418451 0 -153.18773387 0 664.44565433 0 1117951
0.39350000 0.39350000 729.96146718 0 189.92716034 0 594.62956331 0 -212.23807851 0 494.90933796 0 1129821
0.39450000 0.39450100 516.11723478 0 204.23956113 0 813.40191449 0 -22.89876619 0 279.57613424 0 1132129
0.39550000 0.39550000 421.50251467 0 22.45078472 0 274.83507757 0 209.57298112 0 -41.38082420 0 1139521
0.39650000 0.39650000 587.11912750 0 96.09057557 0 16.22838973 0 45.65272052 0 -154.04456429 0 1143486
0.39750000 0.39750000 791.52102413 0 41.39340251 0 -285.22132440 0 412.51063304 0 148.36819712 0 1151833
0.39850000 0.39850000 828.18304560 0 206.26714228 0 -597.98700548 0 -136.55963329 0 527.75378748 0 1155453
0.39950000 0.39950100 803.61233125 0 18.39218219 0 -171.82943970 0 -226.44619756 0 596.86463288 0 1164877
