### header ###
fiducial parameters:
Omega_m = 0.31
Omega_nu = 0 (not used)
Omega_de = 0.69
Omega_k = 0
H_0 = 100
w_de = -1
zeff = 0.382359
beta = 0
fgrowth = 0
b_1 = 2
gamma = 0.55
Lx = 3500 Ly = 3500 Lz = 3500
nx = 768 ny = 768 nz = 768
xoffset = 858.527602 yoffset = 14.427156 zoffset = 260.735099
kbins = 400 dk = 0.001
kx_ny = 0.689355188 ky_ny = 0.689355188 kz_ny = 0.689355188
############################
A(data) = 3.18423269 (not used)
A(ran) = 3.1841995 (used), new A= 2.54798876(not)
Ngal = 174771
weighted Ngal = 41218.9864
Nran = 8649610
weighted Nran = 1952219.54
NranS = 8649610
weighted NranS = -1
SN(data) = 3287.74004
SN(ran) = 62.9643735
SN(ranS) = 0
SN(data+ranS) = 3287.74004
############################
13 columns: k_central k_mean P_0(k) sigma^{lin}_{P_0(k)} P^img_1(k) sigma^{lin}_{P_1(k)} P_2(k) sigma^{lin}_{P_2(k)} P^img_3(k) sigma^{lin}_{P_3(k)} P_4(k) sigma^{lin}_{P_4(k)} N_modes
### header ###
0.00050000 0 0 0 0 0 0 0 0 0 0 0 0
0.00150000 0.00179520 23227.23104449 0 -50848.43245973 0 -63417.16607458 0 38723.36732922 0 96065.86093576 0 3
0.00250000 0.00253879 44394.38802951 0 -61101.59202400 0 -57246.16122978 0 -40292.78698428 0 -57581.24502807 0 6
0.00350000 0.00331552 85986.03220576 0 -68915.53037965 0 -100440.16016773 0 -3158.71278061 0 -38544.64098260 0 7
0.00450000 0.00420575 124457.60895861 0 -62656.62364612 0 -106199.53238277 0 -39682.19483657 0 -16929.20684642 0 24
0.00550000 0.00557378 140228.24193419 0 -3237.71207395 0 -117839.11380820 0 -80125.94376017 0 13487.65681212 0 45
0.00650000 0.00659388 129966.65188187 0 17404.01193330 0 -86476.34939065 0 -75642.38540310 0 -14615.20648694 0 40
0.00750000 0.00754703 97258.04435229 0 19440.03100021 0 -103763.00893032 0 -51838.95860214 0 33293.34618060 0 57
0.00850000 0.00846663 79149.35602466 0 12353.81237288 0 -78142.19371917 0 -47884.27286196 0 -16353.34830948 0 75
0.00950000 0.00948925 75064.39114251 0 4345.66929455 0 -74515.95979335 0 -41146.17718778 0 -5629.17175762 0 112
0.01050000 0.01054430 63798.44894738 0 2753.27374940 0 -50676.56291005 0 -45310.61347060 0 -22582.57972507 0 105
0.01150000 0.01145670 64289.21575829 0 3167.00838085 0 -43589.22021765 0 -37650.22240393 0 -7857.39471137 0 144
0.01250000 0.01249090 62886.60736008 0 -2442.61588515 0 -31915.91684003 0 -13060.06245831 0 -14162.65788851 0 169
0.01350000 0.01339930 63389.28926077 0 -6111.21582357 0 -17428.62895840 0 -13112.55629722 0 -11671.61728002 0 180
0.01450000 0.01448870 70535.08333697 0 -3816.14471992 0 -26863.58155597 0 7054.29517925 0 -3047.22800666 0 267
0.01550000 0.01550050 62040.29876654 0 2171.12044804 0 -11172.25137129 0 4288.46562298 0 -11662.17513340 0 238
0.01650000 0.01653350 69016.47142321 0 2640.53002257 0 -27216.42558241 0 -1889.99177326 0 18203.22220027 0 315
0.01750000 0.01747870 62316.70636802 0 -184.67939525 0 -344.13139806 0 7570.28601040 0 9153.07079918 0 297
0.01850000 0.01844180 63671.42959412 0 582.78839812 0 -18138.02642603 0 -1717.77376341 0 16717.99501919 0 388
0.01950000 0.01947590 64375.99358194 0 859.88167929 0 -3590.19639957 0 -5099.10763175 0 8922.64869985 0 399
0.02050000 0.02045430 61225.80121458 0 6284.13075376 0 4077.53481202 0 -10915.09900452 0 14387.13368361 0 462
0.02150000 0.02154770 55415.05922570 0 7402.89023972 0 11720.96373673 0 -6155.93113218 0 19251.86250697 0 571
0.02250000 0.02255340 47959.69762837 0 6666.07682495 0 21908.47790073 0 -3224.07716462 0 14924.99882109 0 510
0.02350000 0.02348930 46120.38994926 0 3529.93527101 0 18950.38825436 0 4459.97547184 0 21070.93701476 0 555
0.02450000 0.02439640 42894.66040898 0 -119.58591093 0 24599.60209224 0 6877.18748633 0 692.63765739 0 592
0.02550000 0.02547300 46843.16379126 0 -4157.55700457 0 20747.20627371 0 1893.70118800 0 9279.10097518 0 837
0.02650000 0.02652900 49323.86300108 0 -4148.82301895 0 20361.20232761 0 -7538.58737534 0 -2870.14279505 0 723
0.02750000 0.02749970 54055.61492629 0 -4509.18704074 0 16061.20379698 0 -3113.71645574 0 1279.24225644 0 826
0.02850000 0.02848090 57312.70588210 0 -2484.43110587 0 16160.00911690 0 -8099.60825333 0 -13242.72303269 0 831
0.02950000 0.02946900 59563.98341051 0 1958.20004189 0 16269.26824201 0 -4429.67067747 0 -11426.45868757 0 996
0.03050000 0.03053250 56353.65356174 0 4965.98460514 0 12815.91552443 0 -2144.14288629 0 -18734.11813430 0 1041
0.03150000 0.03150510 51623.70014064 0 5502.64699299 0 12793.43422297 0 4648.77344151 0 -19759.37788747 0 1036
0.03250000 0.03246190 46769.31271596 0 5244.26939529 0 7964.52935349 0 -409.40585686 0 -12125.40235003 0 1059
0.03350000 0.03345080 44789.27208969 0 2332.19897302 0 9302.32415959 0 6941.67509957 0 -16353.46071598 0 1302
0.03450000 0.03451200 40325.49727791 0 992.39658670 0 4867.97737142 0 6078.25823563 0 -9576.37122441 0 1339
0.03550000 0.03553350 39766.38731055 0 863.95866331 0 1204.00858110 0 3101.91377247 0 -9004.98646645 0 1365
0.03650000 0.03647120 40122.71593872 0 326.86800667 0 -290.44042985 0 5657.53191942 0 -3026.70257843 0 1308
0.03750000 0.03744890 37027.60275994 0 738.64901303 0 -695.42871097 0 1824.42505754 0 -4103.87165668 0 1579
0.03850000 0.03847530 37466.43776448 0 1023.71303963 0 -1723.25920097 0 2277.08606248 0 -1489.34125925 0 1662
0.03950000 0.03950240 34389.64684639 0 -131.65274949 0 -800.75360832 0 131.04238216 0 -354.63803430 0 1683
0.04050000 0.04050350 35710.64812030 0 485.51293076 0 -3197.51550694 0 599.29641779 0 1410.20707811 0 1822
0.04150000 0.04152450 35003.61118932 0 -424.73473226 0 -3121.21396978 0 1341.25692652 0 1498.54735220 0 1887
0.04250000 0.04250150 35066.78364643 0 -133.75362711 0 -2698.90272181 0 1141.22954677 0 1475.26796454 0 1920
0.04350000 0.04349210 35696.70971339 0 -1083.50093681 0 -5609.39945299 0 2899.55957801 0 2468.23332816 0 2005
0.04450000 0.04448520 35639.60720768 0 -195.38386694 0 -6976.73468920 0 973.03456581 0 2196.16461787 0 2151
0.04550000 0.04548030 34992.25813208 0 -87.07952271 0 -8121.37015314 0 2482.32910418 0 3774.19461139 0 2274
0.04650000 0.04648670 35322.05882453 0 659.20346586 0 -9719.68952123 0 -1998.41909021 0 3544.28958199 0 2311
0.04750000 0.04749250 34772.16619077 0 -416.96519448 0 -8889.18528262 0 -394.15566601 0 1262.49368685 0 2568
0.04850000 0.04851840 34397.06567588 0 1276.84799783 0 -9420.81185895 0 -2942.58878901 0 3411.48129360 0 2493
0.04950000 0.04949480 34006.22824996 0 948.31075453 0 -8748.10387530 0 -2371.87847010 0 1995.80001859 0 2644
0.05050000 0.05050630 32844.73180993 0 1007.19377932 0 -6331.19535837 0 -1611.07750667 0 912.53625951 0 2829
0.05150000 0.05149060 32269.09808599 0 1313.85222004 0 -4832.77165333 0 -3490.37942108 0 1956.96357031 0 2784
0.05250000 0.05249300 30291.98002892 0 1037.17259482 0 -4015.76743625 0 -184.17244190 0 -1258.40208999 0 3055
0.05350000 0.05348950 30011.41338667 0 640.99810793 0 -4349.09769303 0 775.28679002 0 2050.47454374 0 3009
0.05450000 0.05448610 28946.81135594 0 434.46239140 0 -5622.19131352 0 2359.64864210 0 2619.52124635 0 3336
0.05550000 0.05550870 29243.00250270 0 -94.61132073 0 -6308.34311544 0 3392.16985565 0 4482.45677330 0 3349
0.05650000 0.05647670 28497.74735924 0 -158.38863726 0 -8050.43040638 0 2827.52948813 0 4656.76554418 0 3324
0.05750000 0.05747970 28203.57952961 0 244.98885862 0 -8020.88997626 0 484.79690131 0 4062.49482134 0 3639
0.05850000 0.05849280 28231.11912390 0 469.14429517 0 -7196.34328254 0 -1625.83648108 0 5004.83229407 0 3846
0.05950000 0.05951020 27378.40335945 0 802.76231260 0 -4560.54557393 0 -3414.85348882 0 7710.72670064 0 3787
0.06050000 0.06049470 27578.37453595 0 779.11198347 0 -3864.94038474 0 -4198.90011796 0 5818.76781350 0 3930
0.06150000 0.06148310 25993.33037637 0 832.80744794 0 730.78505378 0 -3341.10357938 0 5990.43503146 0 4083
0.06250000 0.06249100 27162.24564589 0 391.89404709 0 2244.60058187 0 -1991.67469977 0 6363.20873166 0 4303
0.06350000 0.06350600 26002.09808394 0 301.09993894 0 3252.05514428 0 -1018.84134161 0 5578.76867974 0 4470
0.06450000 0.06451750 27144.59782424 0 184.50966142 0 4318.10721896 0 -451.24580701 0 6041.53502969 0 4479
0.06550000 0.06550280 25937.91396827 0 611.93540547 0 4916.35713217 0 -97.55805732 0 3985.94598986 0 4636
0.06650000 0.06648880 26126.75690055 0 947.23277612 0 6054.61914714 0 225.82692132 0 5432.95495846 0 4653
0.06750000 0.06749660 24561.72109927 0 952.16404960 0 5718.48996833 0 -175.21476733 0 4414.75433395 0 5220
0.06850000 0.06852730 24555.98836740 0 684.88160839 0 5994.63903484 0 70.95964272 0 5318.49141207 0 5029
0.06950000 0.06949320 23472.05241741 0 -77.19674259 0 5078.69461002 0 523.31861137 0 1967.29372834 0 5040
0.07050000 0.07048030 24281.04205052 0 -59.09682197 0 5241.78521148 0 -333.99570330 0 2156.90102487 0 5475
0.07150000 0.07148790 24293.29435982 0 -115.18069991 0 4766.03590994 0 -913.08929953 0 -325.63265916 0 5509
0.07250000 0.07249820 24047.57373484 0 35.12073877 0 4717.76855570 0 -657.93327233 0 -556.07836386 0 5916
0.07350000 0.07351270 24221.35419514 0 517.11377216 0 5036.42976327 0 -466.31277525 0 -1359.81524088 0 5721
0.07450000 0.07449140 23427.20222100 0 835.13988297 0 4844.48441139 0 30.41956141 0 -1906.60545504 0 6028
0.07550000 0.07549160 23330.53262471 0 633.92324236 0 5373.40199089 0 965.00874119 0 1682.28702905 0 6183
0.07650000 0.07648840 22183.53662412 0 501.16890910 0 5703.52866221 0 1522.74847323 0 789.58040149 0 6330
0.07750000 0.07749960 23113.02603306 0 -24.87263750 0 5899.86910852 0 1843.92758656 0 3192.53589866 0 6583
0.07850000 0.07848650 21623.63981121 0 157.69958537 0 4019.61173880 0 2113.20861547 0 2147.13289938 0 6549
0.07950000 0.07947320 21879.58942835 0 659.55192603 0 4044.70087123 0 783.85441401 0 3232.67626242 0 6828
0.08050000 0.08048110 20544.87456055 0 881.25690072 0 3375.11778849 0 86.80761137 0 280.39578435 0 7147
0.08150000 0.08149960 19593.91550871 0 1212.07936832 0 3420.97964347 0 -968.86653252 0 772.19673514 0 7386
0.08250000 0.08250610 18661.84075010 0 701.46156822 0 2937.06962950 0 -647.67393040 0 -1210.77545284 0 7227
0.08350000 0.08350160 17969.07944555 0 447.41162105 0 2795.43743029 0 -485.15660214 0 -725.61997477 0 7798
0.08450000 0.08449610 18112.28533586 0 274.27974629 0 3503.72207350 0 -463.34187126 0 -210.44296673 0 7371
0.08550000 0.08548940 18216.93579417 0 -4.94174976 0 2868.13071857 0 194.84319164 0 -2380.74734352 0 8256
0.08650000 0.08650700 18122.96395406 0 119.82533679 0 3803.40906264 0 -573.83297169 0 -290.35837310 0 8037
0.08750000 0.08749060 18205.02070439 0 92.63431508 0 3336.68600364 0 510.12096334 0 -765.13873054 0 8155
0.08850000 0.08849210 18149.60429629 0 -70.93052943 0 2872.97543903 0 1078.31562462 0 682.74363662 0 8718
0.08950000 0.08949900 18086.31943267 0 76.23769027 0 2231.39281726 0 1568.85762252 0 -217.36383538 0 8571
0.09050000 0.09049190 17441.66811325 0 -12.22454489 0 1410.03846835 0 1177.25583236 0 388.11156811 0 8932
0.09150000 0.09150830 17428.51655189 0 309.29886958 0 708.62860712 0 893.26641197 0 98.24182610 0 9285
0.09250000 0.09250820 16837.37072995 0 432.92354632 0 766.57640977 0 141.90309889 0 15.83391784 0 9204
0.09350000 0.09350330 16222.05750894 0 644.79295162 0 -312.90936659 0 -344.19434571 0 316.52211174 0 9349
0.09450000 0.09448040 15829.30917240 0 400.40659188 0 974.80384424 0 -295.38181991 0 -25.33440343 0 9564
0.09550000 0.09549270 15476.46514595 0 415.07676515 0 778.98833631 0 -552.32061432 0 368.16952965 0 10155
0.09650000 0.09649430 15299.76211646 0 452.33615013 0 1496.70388548 0 -136.20746117 0 -167.08440466 0 9913
0.09750000 0.09749140 14858.34176225 0 43.70792149 0 1384.02760255 0 -3.26983785 0 147.25702084 0 10476
0.09850000 0.09850240 14991.54347342 0 -137.10109290 0 932.31643260 0 310.20599009 0 -59.34029446 0 10575
0.09950000 0.09950330 15242.65961075 0 -223.99132305 0 1175.73834451 0 441.22139469 0 65.52478809 0 10882
0.10050000 0.10051200 15476.12792643 0 -139.85280420 0 654.47564816 0 339.58567891 0 476.30571375 0 10875
0.10150000 0.10150300 15370.12859004 0 65.86998847 0 882.68783556 0 487.88470807 0 29.86067626 0 11118
0.10250000 0.10250800 15414.07953439 0 368.75516756 0 509.75339406 0 -599.75278821 0 1698.60845391 0 11575
0.10350000 0.10349800 15010.65257966 0 431.72978921 0 187.66491208 0 -53.90262967 0 141.12974212 0 11364
0.10450000 0.10450100 14753.57889744 0 429.96388298 0 1125.66124550 0 -436.00573275 0 761.08984815 0 12093
0.10550000 0.10551000 14111.51292769 0 429.52212541 0 864.87028009 0 -551.17069575 0 -686.82961316 0 12067
0.10650000 0.10649700 13779.57651160 0 379.61476023 0 1360.24238561 0 123.09074583 0 -89.29336887 0 12054
0.10750000 0.10749900 13439.77164000 0 556.55047119 0 1155.17919432 0 -289.97619097 0 -1324.71068865 0 12807
0.10850000 0.10850100 13001.27385499 0 514.29686509 0 1392.30072149 0 -435.47067777 0 -1209.93240403 0 12736
0.10950000 0.10950300 12535.91091472 0 582.14655697 0 2222.54642513 0 -452.57782412 0 -1331.48880104 0 12933
0.11050000 0.11050200 12259.72812626 0 336.77888842 0 1867.25193683 0 -502.40425662 0 -1085.76705199 0 13428
0.11150000 0.11150900 12078.86605600 0 111.44700536 0 2644.13827145 0 -204.47755338 0 -80.21238436 0 13453
0.11250000 0.11250000 12200.71470993 0 -11.25863577 0 2616.10408853 0 145.81034909 0 -371.32927657 0 13668
0.11350000 0.11349100 12176.09768482 0 -209.11094961 0 2713.31323605 0 700.42068396 0 137.20338282 0 13791
0.11450000 0.11448600 12432.04730197 0 40.79771702 0 2544.32129296 0 488.73112907 0 264.77690016 0 14205
0.11550000 0.11549300 12009.28642798 0 90.32132638 0 2062.50204003 0 782.10424469 0 429.89981127 0 14776
0.11650000 0.11649800 12215.88958841 0 140.60030747 0 1736.23091191 0 531.12074704 0 957.67309252 0 14553
0.11750000 0.11747300 12115.62298389 0 -24.18583374 0 1583.93133515 0 259.01269447 0 1233.63893642 0 14568
0.11850000 0.11849100 12033.79104657 0 69.23723780 0 2016.05567121 0 201.47292744 0 1732.92616059 0 16015
0.11950000 0.11950300 12152.15509877 0 48.75834586 0 2426.06964727 0 -286.84679381 0 2062.23226441 0 15270
0.12050000 0.12050700 12141.81370009 0 92.04642905 0 2770.69675803 0 -330.05023489 0 2627.11992624 0 15999
0.12150000 0.12150000 12218.25012507 0 128.18613281 0 3331.14436283 0 -408.85843717 0 2615.29476168 0 15670
0.12250000 0.12250700 12060.43138880 0 136.78635468 0 3693.04835376 0 -182.45037421 0 2893.71443963 0 16887
0.12350000 0.12352200 11891.25959530 0 142.04360703 0 3429.16283720 0 242.71262684 0 2331.10862989 0 16407
0.12450000 0.12449800 11843.26201668 0 120.36151583 0 3245.49060426 0 462.75173710 0 2295.76802400 0 16306
0.12550000 0.12549900 11691.73804483 0 -5.58381573 0 2902.72944152 0 707.37864676 0 1887.53007075 0 17523
0.12650000 0.12650100 11679.59814204 0 -16.41168729 0 2210.74374187 0 429.38836166 0 1512.26094609 0 17154
0.12750000 0.12750600 11648.79875903 0 -154.22285209 0 1720.50524154 0 465.52143344 0 1058.63549332 0 18007
0.12850000 0.12850300 11667.90786528 0 -14.71862047 0 1737.71467781 0 -145.38095623 0 899.38807035 0 17496
0.12950000 0.12949900 11863.15796847 0 131.89217535 0 1703.13843616 0 -157.24658714 0 659.54293351 0 18405
0.13050000 0.13049000 11606.08428626 0 235.12518760 0 1933.79658916 0 -642.09856764 0 460.19786125 0 18100
0.13150000 0.13148800 11524.47716195 0 362.15802964 0 2217.78038922 0 -407.42862640 0 1314.32432737 0 19059
0.13250000 0.13249300 11263.24443896 0 341.38755522 0 2461.29784666 0 192.65800914 0 1223.98321745 0 18957
0.13350000 0.13349100 10999.71862322 0 200.55456628 0 2343.84428717 0 469.12293793 0 1269.48537161 0 19468
0.13450000 0.13450700 10850.76876039 0 149.34553374 0 2399.27193593 0 761.53722605 0 1465.36495124 0 19953
0.13550000 0.13551000 10589.04144877 0 272.50035128 0 2162.55507218 0 230.26248209 0 1586.51668482 0 19956
0.13650000 0.13649900 10425.25392697 0 252.47962826 0 2082.45419507 0 -64.26965703 0 1569.11615749 0 19723
0.13750000 0.13749600 10089.58561484 0 205.84778871 0 2281.44743496 0 -355.39003384 0 1781.29468069 0 20946
0.13850000 0.13851100 10012.35110366 0 227.55348527 0 2414.19952010 0 -444.08776062 0 1705.53269476 0 20955
0.13950000 0.13949800 9822.87869494 0 149.60856497 0 2861.95960132 0 -173.06667898 0 1484.85623961 0 20506
0.14050000 0.14048300 9657.09033731 0 188.65071715 0 2850.38173106 0 12.21420349 0 1438.10637322 0 21447
0.14150000 0.14148400 9680.98796076 0 119.46563597 0 2683.30069860 0 232.28917142 0 1106.02270461 0 21771
0.14250000 0.14249400 9332.14560598 0 79.44217498 0 2111.41011136 0 662.30251327 0 739.06828930 0 22470
0.14350000 0.14350900 9409.73981798 0 118.26063821 0 2001.49902851 0 515.04886462 0 726.33150796 0 22519
0.14450000 0.14449900 9230.41771686 0 133.58951361 0 1618.29400444 0 349.46621090 0 475.84934333 0 22218
0.14550000 0.14550500 8943.76988257 0 260.71902525 0 1627.47761609 0 128.98983933 0 721.34515529 0 23559
0.14650000 0.14650700 8725.98227466 0 219.58948423 0 1534.82093211 0 -233.39300332 0 458.97600252 0 23044
0.14750000 0.14750500 8658.04378164 0 197.49373708 0 1713.18757791 0 -275.60839121 0 771.11875673 0 23649
0.14850000 0.14849900 8529.61934704 0 24.95503147 0 1718.62805286 0 -39.12758113 0 541.09120424 0 23640
0.14950000 0.14949500 8521.30126550 0 65.80546714 0 1709.11846235 0 -36.04640636 0 758.16952709 0 24457
0.15050000 0.15050000 8411.42390460 0 147.93483208 0 1709.70297618 0 93.27536939 0 372.96254312 0 24591
0.15150000 0.15149900 8325.61277692 0 98.55364176 0 1444.81704171 0 124.06643431 0 273.32204285 0 25020
0.15250000 0.15250500 8211.78994762 0 140.03490274 0 1387.56840754 0 35.76786303 0 -2.43960339 0 25297
0.15350000 0.15350100 8246.01772910 0 32.28337371 0 1218.35165143 0 48.84883310 0 203.52209807 0 25452
0.15450000 0.15450400 8142.01922853 0 16.91167143 0 1290.60655433 0 85.80550736 0 24.12625829 0 26061
0.15550000 0.15549900 8124.86599552 0 15.50479159 0 1187.57474973 0 101.23824637 0 130.53318068 0 26128
0.15650000 0.15649500 8185.08216148 0 -12.96833875 0 1359.14080184 0 247.18640583 0 299.86009516 0 26331
0.15750000 0.15749700 8065.23434339 0 130.40840946 0 1202.64846236 0 -19.29671270 0 131.92252511 0 27345
0.15850000 0.15849900 8088.04162372 0 178.52851117 0 1525.52491396 0 9.42254292 0 726.53383967 0 26980
0.15950000 0.15949700 7776.31589765 0 199.93745455 0 1401.92271852 0 -253.63853935 0 380.62304660 0 27777
0.16050000 0.16050000 7694.66381074 0 210.65766315 0 1643.63043119 0 36.87304381 0 856.86693677 0 28224
0.16150000 0.16150500 7544.76973324 0 150.33583507 0 1368.87520537 0 151.87018390 0 758.81586451 0 28075
0.16250000 0.16249700 7333.49046210 0 -16.53342353 0 1336.04126458 0 505.12337003 0 550.95937151 0 28590
0.16350000 0.16349900 7491.70262114 0 -33.92147374 0 1077.58273420 0 428.86679547 0 696.73262645 0 29163
0.16450000 0.16449100 7342.03335666 0 -31.05623187 0 743.53532390 0 425.48335960 0 164.25063661 0 28996
0.16550000 0.16550500 7391.71703289 0 70.51552460 0 754.03746388 0 -16.02804388 0 513.91131077 0 30777
0.16650000 0.16650700 7335.09787516 0 121.98466580 0 621.87438885 0 -316.50075450 0 173.73886989 0 29211
0.16750000 0.16749900 7234.48281047 0 217.78423572 0 1029.88865314 0 -556.45492566 0 578.04147132 0 30922
0.16850000 0.16850800 7142.44436228 0 185.76524211 0 1096.45016645 0 -632.30121646 0 212.34825702 0 30867
0.16950000 0.16949900 7029.09364031 0 148.74191080 0 1424.04431916 0 -482.00584774 0 -42.69120463 0 30852
0.17050000 0.17049200 6960.14348873 0 156.94870990 0 1392.46933125 0 -190.54589087 0 -296.48227962 0 31257
0.17150000 0.17149500 6814.08247313 0 76.27321072 0 1495.25384154 0 218.81050713 0 -386.66264824 0 32608
0.17250000 0.17250900 6840.71157471 0 9.32120845 0 1243.78924403 0 374.93752546 0 -463.15078020 0 32361
0.17350000 0.17350400 6724.25843314 0 -57.01853805 0 1060.74536347 0 707.82490060 0 -562.26072176 0 32508
0.17450000 0.17449800 6833.09041351 0 -48.21564725 0 877.05402142 0 550.78626549 0 -104.39765607 0 32791
0.17550000 0.17549800 6788.13905124 0 -17.40895782 0 790.17503192 0 453.01058917 0 255.71131535 0 33633
0.17650000 0.17650100 6836.30523962 0 127.46448303 0 793.33927510 0 173.71751266 0 737.06070908 0 33984
0.17750000 0.17750300 6743.35629873 0 111.31245477 0 1038.70019925 0 -19.09010954 0 1335.70404506 0 34069
0.17850000 0.17849800 6609.08672575 0 165.08918916 0 1030.87783041 0 86.62517561 0 1509.16976714 0 34536
0.17950000 0.17950400 6541.96880023 0 82.10587198 0 1200.36661026 0 24.84217534 0 1651.38648019 0 35343
0.18050000 0.18050100 6491.08237437 0 4.76755340 0 915.05753747 0 91.21304720 0 1320.76522024 0 34990
0.18150000 0.18150500 6454.15683672 0 -41.24779267 0 863.96765583 0 200.71867978 0 1242.86751067 0 36243
0.18250000 0.18250200 6492.37504921 0 -19.03907699 0 445.47598099 0 82.40183831 0 766.84730945 0 35694
0.18350000 0.18350400 6489.73349628 0 -27.70989015 0 475.51886820 0 -40.30571373 0 832.01723020 0 37087
0.18450000 0.18450600 6530.62698364 0 29.92418594 0 440.53121873 0 -174.46614000 0 353.95235461 0 36651
0.18550000 0.18550700 6511.42795219 0 14.87486552 0 587.95684933 0 20.25003229 0 692.34989673 0 37818
0.18650000 0.18651000 6537.36013343 0 58.26029274 0 634.68423442 0 -70.48135303 0 551.25050437 0 37267
0.18750000 0.18750100 6459.43994256 0 115.45721992 0 898.49331455 0 72.37540267 0 486.30989290 0 38334
0.18850000 0.18850000 6404.75417676 0 171.39294609 0 646.09911524 0 -22.02695436 0 635.26762419 0 38223
0.18950000 0.18949500 6210.11106870 0 184.40737150 0 843.71312728 0 32.55213767 0 588.12658316 0 39064
0.19050000 0.19050000 6045.14327857 0 188.91487245 0 664.28311592 0 -85.21559800 0 754.78047089 0 39609
0.19150000 0.19149800 5969.57238371 0 57.19726440 0 733.01070262 0 111.43565231 0 578.03697506 0 39576
0.19250000 0.19250400 5879.26499573 0 52.76057956 0 557.37328682 0 134.55396145 0 763.24805309 0 40909
0.19350000 0.19350500 5874.72377284 0 -3.83497281 0 582.24659876 0 244.30542705 0 889.95266813 0 40191
0.19450000 0.19450100 5916.37038380 0 19.36213329 0 438.38088225 0 229.60715216 0 1060.69590460 0 41232
0.19550000 0.19549800 5817.73367363 0 46.90476256 0 546.97680896 0 189.09921912 0 917.14380225 0 40873
0.19650000 0.19649700 5838.76493115 0 158.31220083 0 243.44102101 0 41.54465826 0 1128.14542931 0 42816
0.19750000 0.19750200 5650.13557123 0 147.62234199 0 316.69634183 0 18.68117467 0 1114.09124371 0 41727
0.19850000 0.19849000 5517.27107959 0 164.39676507 0 324.03086643 0 -150.93383769 0 1032.53020607 0 42610
0.19950000 0.19949900 5426.28925258 0 157.47477235 0 290.14480073 0 -99.81473036 0 837.53301751 0 43863
0.20050000 0.20050100 5340.01725822 0 102.51574633 0 267.90067700 0 -165.25892298 0 556.73032160 0 43302
0.20150000 0.20150100 5224.59825651 0 133.96157915 0 405.90776635 0 -198.09960816 0 561.35022905 0 44487
0.20250000 0.20249700 5240.70610901 0 72.22129335 0 461.66139398 0 -217.66396075 0 445.23093480 0 43759
0.20350000 0.20349100 5129.53607328 0 40.84998604 0 598.63434346 0 -115.27736951 0 495.57218910 0 45282
0.20450000 0.20449700 5181.76013658 0 29.50985555 0 607.23681346 0 -56.74752596 0 342.41832289 0 45483
0.20550000 0.20549900 5141.04649963 0 -12.61054884 0 740.38794170 0 -49.91152422 0 396.97257309 0 46138
0.20650000 0.20650200 5218.75311813 0 16.13910151 0 655.17032038 0 -5.31769333 0 275.98944927 0 46227
0.20750000 0.20749300 5195.88963454 0 -16.19811492 0 666.36713257 0 107.27537506 0 292.02985786 0 46236
0.20850000 0.20850300 5211.98624639 0 38.08838297 0 595.10477913 0 67.71446685 0 311.62905648 0 48361
0.20950000 0.20950400 5139.81002805 0 52.31477535 0 590.37246517 0 251.80069296 0 205.36219259 0 46812
0.21050000 0.21050300 5093.01519905 0 57.38161107 0 370.52557005 0 259.10374374 0 513.30431563 0 48813
0.21150000 0.21149700 5006.85561120 0 48.65425744 0 307.04062285 0 141.59510506 0 392.26498856 0 47215
0.21250000 0.21249000 5044.91645458 0 95.76371224 0 275.76688438 0 204.86647990 0 715.97662051 0 50004
0.21350000 0.21350300 4859.73797443 0 92.11184963 0 240.44875979 0 88.93614099 0 651.80486955 0 49509
0.21450000 0.21449800 4843.14677395 0 124.50481969 0 231.36069367 0 -113.11354424 0 712.93602448 0 49660
0.21550000 0.21550100 4764.29360908 0 108.83085631 0 273.32653911 0 -142.52358281 0 676.80969710 0 50841
0.21650000 0.21649800 4643.40041047 0 127.53305100 0 449.44055850 0 -142.09643809 0 566.55689847 0 50424
0.21750000 0.21750300 4598.12306932 0 94.52712826 0 424.87748853 0 -130.41515385 0 454.95746988 0 52231
0.21850000 0.21850300 4568.95358067 0 33.03222586 0 451.39193547 0 -35.64916176 0 413.67955227 0 51078
0.21950000 0.21950100 4557.15089741 0 -11.03419370 0 467.91906424 0 80.02118090 0 446.86869762 0 52791
0.22050000 0.22050700 4577.03560855 0 -26.18543310 0 421.86162193 0 130.71640329 0 412.31606133 0 52969
0.22150000 0.22150000 4588.41114709 0 -7.72069716 0 313.70295654 0 209.53921841 0 628.95375068 0 52704
0.22250000 0.22250100 4585.69090961 0 -17.92051983 0 276.19515318 0 134.73156373 0 455.02828598 0 54051
0.22350000 0.22349900 4610.25173146 0 40.06325290 0 239.41349585 0 123.94953155 0 718.19552496 0 53938
0.22450000 0.22449800 4563.94025045 0 91.91019236 0 302.25098157 0 -83.77319770 0 601.22868565 0 54735
0.22550000 0.22549100 4469.92344773 0 119.37908296 0 333.76639403 0 -142.21334085 0 448.85829279 0 54774
0.22650000 0.22649900 4363.82294548 0 149.82213733 0 384.78096330 0 -295.67520089 0 344.54730214 0 56911
0.22750000 0.22749800 4283.87943749 0 117.32204387 0 369.05304480 0 -185.26166096 0 124.14174667 0 54879
0.22850000 0.22849100 4159.41171194 0 89.91239151 0 491.81556363 0 -113.37207921 0 201.71235330 0 57210
0.22950000 0.22949800 4137.61609017 0 54.96532079 0 424.51778770 0 69.68978640 0 -13.70392693 0 57375
0.23050000 0.23049600 4077.90575349 0 26.87740756 0 376.78661250 0 197.98045726 0 60.51752781 0 57604
0.23150000 0.23150100 4066.39532714 0 29.95689623 0 324.30401424 0 236.33580568 0 64.24189262 0 58629
0.23250000 0.23250200 4079.29959418 0 -7.44133327 0 89.96657144 0 185.59101202 0 146.96926018 0 58560
0.23350000 0.23350400 4073.79167532 0 -5.96304157 0 189.63539816 0 137.84859617 0 244.22449437 0 59305
0.23450000 0.23449700 4141.10069190 0 -10.50571450 0 -24.05791513 0 17.31228822 0 204.09986752 0 59196
0.23550000 0.23549300 4115.05610416 0 -2.21323917 0 128.10520012 0 16.32861888 0 232.36898004 0 60063
0.23650000 0.23649900 4167.29140810 0 46.51954546 0 22.05955225 0 -118.54390261 0 18.49783966 0 61537
0.23750000 0.23750400 4083.23382194 0 81.54327741 0 10.32142404 0 -59.48361276 0 23.52904252 0 61224
0.23850000 0.23850100 4015.31781022 0 123.91805772 0 89.75322389 0 -130.37019124 0 -110.34519678 0 61221
0.23950000 0.23949400 3921.44713597 0 83.25343001 0 46.28585233 0 43.75108559 0 -0.82635194 0 62332
0.24050000 0.24050100 3889.15274642 0 52.29701512 0 120.92916869 0 86.22984192 0 52.62872672 0 63447
0.24150000 0.24150500 3878.28303716 0 -22.57257555 0 -7.12946141 0 211.59176123 0 116.04847815 0 63342
0.24250000 0.24250300 3916.61365615 0 -14.82742997 0 51.68417484 0 170.32845646 0 390.16411094 0 63379
0.24350000 0.24349600 3951.03252869 0 -0.89757383 0 -60.51134545 0 65.53602874 0 364.25665913 0 64266
0.24450000 0.24449500 4000.04176588 0 -6.80452792 0 4.94014235 0 30.86997429 0 638.57687177 0 64695
0.24550000 0.24549600 3936.22859168 0 61.62349544 0 -53.68411142 0 -51.23353715 0 511.65643623 0 65947
0.24650000 0.24650000 3941.47797557 0 40.94676804 0 36.30381726 0 -46.65679380 0 653.88776213 0 66018
0.24750000 0.24750000 3877.52991356 0 59.07512751 0 -131.47851941 0 -23.73114942 0 449.82498876 0 66303
0.24850000 0.24849600 3898.28015481 0 33.19645177 0 -76.90190032 0 76.98564317 0 436.40365178 0 66958
0.24950000 0.24949200 3842.31295482 0 48.78127679 0 -274.45959670 0 74.90634759 0 395.52365321 0 66975
0.25050000 0.25048900 3754.06260593 0 37.52264102 0 -314.04242419 0 141.83003466 0 240.64322304 0 68676
0.25150000 0.25150000 3768.13590065 0 33.91045791 0 -366.22602114 0 -2.86897377 0 162.17336436 0 69349
0.25250000 0.25249900 3750.33070989 0 15.47590311 0 -405.21084601 0 36.12149390 0 127.55553230 0 68592
0.25350000 0.25349900 3727.26489459 0 33.53164798 0 -399.61749820 0 -72.84874648 0 130.17010766 0 70437
0.25450000 0.25450100 3732.36815002 0 28.16502410 0 -341.17173473 0 -98.22001924 0 28.57193565 0 70099
0.25550000 0.25550100 3726.55673359 0 50.74603013 0 -297.70751055 0 -98.32545655 0 161.65067410 0 71064
0.25650000 0.25650300 3683.23526567 0 69.65898702 0 -155.26261229 0 -161.14484481 0 109.89961738 0 71409
0.25750000 0.25750600 3673.50086214 0 61.88529019 0 -143.09910413 0 -5.84014753 0 339.21586150 0 72612
0.25850000 0.25850600 3627.41419414 0 44.43620325 0 -89.58393969 0 97.42822780 0 341.10091863 0 71845
0.25950000 0.25949600 3610.29468308 0 37.44609219 0 -64.44433674 0 245.53515424 0 369.96915783 0 72816
0.26050000 0.26049800 3576.79754390 0 47.63506764 0 -249.13328654 0 172.37088270 0 606.72873605 0 73743
0.26150000 0.26149900 3528.92361244 0 48.67775040 0 -228.90685962 0 182.60099893 0 547.29379531 0 74662
0.26250000 0.26250300 3516.95231941 0 43.42600597 0 -337.47131251 0 60.50325219 0 704.57410440 0 74931
0.26350000 0.26350100 3449.22739876 0 28.41895040 0 -309.71252553 0 -54.01301286 0 571.74333472 0 75087
0.26450000 0.26450200 3480.38648258 0 53.86171370 0 -288.64867012 0 -152.25911041 0 678.19791746 0 76678
0.26550000 0.26550600 3434.49090565 0 54.03774229 0 -200.66247652 0 -149.36801504 0 531.46021469 0 76035
0.26650000 0.26650100 3390.19150112 0 97.28996780 0 -136.22319808 0 -176.20282053 0 569.32097448 0 77094
0.26750000 0.26750600 3327.41246679 0 100.12485991 0 108.14731234 0 -111.06707137 0 493.82426791 0 78463
0.26850000 0.26850100 3288.04770793 0 58.23252833 0 -13.88759917 0 -17.39906605 0 593.87617601 0 77076
0.26950000 0.26949700 3299.47944972 0 45.88163853 0 99.61644528 0 51.09347865 0 603.96466004 0 79149
0.27050000 0.27049900 3259.78871199 0 43.71781326 0 14.68276280 0 74.48886983 0 586.95305922 0 79648
0.27150000 0.27150200 3197.56046954 0 70.00126483 0 6.13443901 0 52.43999620 0 566.27251001 0 80241
0.27250000 0.27250500 3141.16612482 0 72.79715189 0 -60.65005508 0 10.51836024 0 574.82439708 0 80835
0.27350000 0.27350000 3103.59987008 0 54.05966156 0 -162.24980078 0 42.35893100 0 625.28143008 0 80680
0.27450000 0.27450400 3075.02613592 0 22.67868729 0 -194.15301569 0 40.19690423 0 550.63002045 0 82617
0.27550000 0.27550800 3076.64478963 0 -7.19290364 0 -200.71305945 0 105.18585050 0 625.85582734 0 82548
0.27650000 0.27649900 3106.51119862 0 -6.78574479 0 -174.98096180 0 71.12094605 0 610.92374690 0 81181
0.27750000 0.27748900 3105.98288804 0 10.72068071 0 -306.08067127 0 70.43121972 0 619.97471887 0 84096
0.27850000 0.27849800 3114.09863786 0 36.97938037 0 -183.02027520 0 0.84959199 0 729.54633407 0 85215
0.27950000 0.27950200 3104.81386036 0 32.52662139 0 -240.12727718 0 17.55261334 0 738.41520749 0 84514
0.28050000 0.28050300 3086.90750374 0 13.14369290 0 -209.66174150 0 57.39049119 0 787.18501882 0 85815
0.28150000 0.28150100 3065.50530475 0 38.64625647 0 -251.14985928 0 46.57215170 0 744.32891384 0 85485
0.28250000 0.28250000 3039.23590399 0 31.43582865 0 -230.91219171 0 -2.15108961 0 712.43806366 0 87220
0.28350000 0.28350400 3024.39824503 0 41.08446602 0 -350.11592051 0 -13.83488051 0 630.81295431 0 87147
0.28450000 0.28449700 2992.69960997 0 55.23577085 0 -206.34350140 0 -48.09503506 0 663.14218987 0 87102
0.28550000 0.28549800 2956.75200893 0 40.63517721 0 -356.23645484 0 -63.35601693 0 543.40115796 0 88971
0.28650000 0.28649900 2936.09169289 0 32.91509828 0 -212.86307883 0 3.78651436 0 583.28860708 0 89434
0.28750000 0.28750100 2945.11793542 0 36.23187709 0 -363.86885668 0 -64.26145135 0 478.18177836 0 89619
0.28850000 0.28849900 2939.38520355 0 25.48952441 0 -272.30139176 0 4.04581370 0 424.67628088 0 90240
0.28950000 0.28950100 2899.32352435 0 33.36686004 0 -291.81740956 0 -33.87887168 0 432.39523573 0 91333
0.29050000 0.29050500 2920.11872820 0 13.18449646 0 -341.25154335 0 41.68561602 0 383.89857222 0 92139
0.29150000 0.29150600 2915.74611506 0 -2.26907148 0 -314.45832826 0 40.45690048 0 456.27150195 0 92370
0.29250000 0.29250200 2916.22946305 0 2.60566152 0 -372.62532360 0 20.05882882 0 283.09016833 0 91819
0.29350000 0.29349600 2946.59046067 0 19.88381189 0 -433.44960877 0 36.25109861 0 335.48059326 0 93552
0.29450000 0.29450000 2925.06461452 0 -2.64178898 0 -423.51512166 0 26.64146630 0 305.26797223 0 94701
0.29550000 0.29550200 2941.83566541 0 27.69168030 0 -459.48970026 0 18.82629147 0 350.59140004 0 95020
0.29650000 0.29650300 2928.62790080 0 2.71048059 0 -452.56096315 0 82.66093531 0 431.08120366 0 95151
0.29750000 0.29749800 2950.98555511 0 20.03095201 0 -492.48775454 0 97.18610419 0 525.45770720 0 95802
0.29850000 0.29850000 2939.11542793 0 67.60779307 0 -521.95062417 0 95.76719685 0 710.47994230 0 97399
0.29950000 0.29950700 2885.72233696 0 51.29524833 0 -484.11909007 0 58.83839941 0 747.41110027 0 97881
0.30050000 0.30050300 2855.29389543 0 73.12965034 0 -489.29428567 0 -16.76531816 0 762.27573680 0 97188
0.30150000 0.30149700 2836.85922823 0 57.84933455 0 -418.76032640 0 -96.60507495 0 745.43049762 0 98263
0.30250000 0.30249700 2811.71389255 0 60.66725328 0 -379.34610867 0 -174.85619058 0 696.13912010 0 100050
0.30350000 0.30350600 2765.42489284 0 55.43574202 0 -260.63472037 0 -210.16644672 0 601.46811151 0 100779
0.30450000 0.30450500 2737.36822861 0 37.31300288 0 -188.76761992 0 -132.53176838 0 509.89053000 0 99982
0.30550000 0.30550300 2745.97856707 0 41.50587801 0 -166.54035717 0 -123.47967235 0 344.97107467 0 101559
0.30650000 0.30649700 2744.88822395 0 35.32250845 0 -207.82164697 0 20.46023246 0 319.16029247 0 100935
0.30750000 0.30749800 2688.34775078 0 42.79169605 0 -155.05690838 0 44.29434624 0 220.77874507 0 103762
0.30850000 0.30850200 2699.11629418 0 58.07133740 0 -225.26151658 0 52.00318451 0 277.32371451 0 102951
0.30950000 0.30950100 2619.66737481 0 75.07709308 0 -220.30888587 0 64.97163566 0 335.38841993 0 104394
0.31050000 0.31050000 2578.53783378 0 71.33361916 0 -250.92841846 0 69.99182269 0 414.82834677 0 103963
0.31150000 0.31149700 2530.10186979 0 32.02416431 0 -324.21970936 0 61.22321586 0 464.03204722 0 105936
0.31250000 0.31250000 2548.08691095 0 27.67684264 0 -275.80847479 0 56.63511946 0 573.14391980 0 105717
0.31350000 0.31349800 2536.81253827 0 10.78931612 0 -370.75150713 0 44.96204089 0 513.18516473 0 106776
0.31450000 0.31450400 2546.17600033 0 17.03565581 0 -337.92768293 0 29.00638680 0 727.43196767 0 108733
0.31550000 0.31549900 2516.71425476 0 24.42672088 0 -415.10823897 0 20.83881758 0 654.57231776 0 105891
0.31650000 0.31650000 2524.70635743 0 45.38783674 0 -391.41069910 0 21.81506809 0 666.56159583 0 111072
0.31750000 0.31750600 2485.56641159 0 38.44718454 0 -408.02550495 0 36.90249432 0 680.35387427 0 108121
0.31850000 0.31849900 2450.66419107 0 84.11671199 0 -353.38807394 0 -102.65333189 0 643.77005241 0 110484
0.31950000 0.31950100 2407.56753617 0 61.83785465 0 -336.60016207 0 -93.70633594 0 558.60863434 0 110817
0.32050000 0.32049800 2366.39303254 0 52.96976807 0 -312.50807536 0 -95.21303276 0 552.01374455 0 111088
0.32150000 0.32149900 2348.46419462 0 35.07453970 0 -278.08920282 0 -57.02517004 0 490.92530409 0 112635
0.32250000 0.32250100 2329.72602985 0 19.96969046 0 -250.12133974 0 -53.28293260 0 408.01426430 0 113202
0.32350000 0.32350400 2326.46624114 0 15.45825529 0 -283.87251763 0 17.16020222 0 379.72379454 0 113863
0.32450000 0.32450300 2331.85051284 0 10.66081300 0 -326.46109512 0 45.53520167 0 274.22579117 0 114045
0.32550000 0.32549900 2302.73722745 0 21.17255250 0 -386.24674416 0 135.45321350 0 370.38393785 0 114828
0.32650000 0.32650300 2327.95000704 0 -12.20240081 0 -508.90247680 0 142.36733777 0 290.82036384 0 116431
0.32750000 0.32750400 2307.45830076 0 21.03092030 0 -473.40225367 0 139.40992256 0 358.38791539 0 116442
0.32850000 0.32850400 2300.02823062 0 23.65403855 0 -596.25020144 0 98.93649832 0 395.71024801 0 116955
0.32950000 0.32949800 2265.42950767 0 58.69339501 0 -600.68576222 0 39.49560003 0 489.70681755 0 117028
0.33050000 0.33049700 2245.97194126 0 70.48832223 0 -591.65839562 0 -2.61215862 0 532.37857586 0 119061
0.33150000 0.33150100 2226.17715532 0 54.82526228 0 -581.53506557 0 -44.31064518 0 643.02479726 0 120060
0.33250000 0.33250400 2196.64796585 0 33.12563567 0 -566.51868026 0 -22.65148491 0 721.31368147 0 119737
0.33350000 0.33350100 2219.32035837 0 19.37528485 0 -513.47742165 0 -39.24032486 0 739.86974770 0 120531
0.33450000 0.33450000 2228.49272937 0 14.30249158 0 -562.49789949 0 -15.81750649 0 753.82051932 0 121704
0.33550000 0.33550300 2222.62510969 0 2.79061519 0 -489.30103006 0 21.72626695 0 754.25778064 0 122761
0.33650000 0.33650300 2229.96525462 0 17.86544065 0 -512.78162537 0 -5.21489757 0 758.38197539 0 122472
0.33750000 0.33749900 2253.62682441 0 24.29644174 0 -495.52160617 0 15.00525707 0 743.17562308 0 122985
0.33850000 0.33849800 2224.77207398 0 21.30451774 0 -486.24806932 0 -13.29218190 0 675.84862146 0 125380
0.33950000 0.33950300 2230.40364000 0 49.14772200 0 -488.94357737 0 -70.65367220 0 637.21338083 0 125223
0.34050000 0.34050000 2198.10925045 0 35.30384897 0 -459.98204076 0 -65.21330965 0 549.10578821 0 125178
0.34150000 0.34149900 2182.66459634 0 53.25314487 0 -469.84346364 0 -63.10861021 0 529.15138503 0 127059
0.34250000 0.34250300 2170.09754882 0 31.36523736 0 -458.41959031 0 6.40941905 0 524.26170196 0 127957
0.34350000 0.34349800 2168.07423169 0 25.46299647 0 -510.64927393 0 13.29038339 0 549.29463114 0 126732
0.34450000 0.34449700 2162.94849496 0 27.82240906 0 -461.15556469 0 26.89988886 0 475.39634511 0 129639
0.34550000 0.34550000 2162.52135023 0 14.58744208 0 -472.76378470 0 12.53310075 0 510.11309489 0 129826
0.34650000 0.34650400 2136.04961776 0 44.35819313 0 -446.68210281 0 -36.76322265 0 457.82046362 0 130875
0.34750000 0.34750200 2149.25738237 0 44.33930884 0 -399.14201868 0 -68.44926819 0 453.56475326 0 130686
0.34850000 0.34850200 2111.60120242 0 51.55007388 0 -330.85618955 0 -121.94757165 0 454.53482141 0 132211
0.34950000 0.34950400 2087.23147163 0 61.44746685 0 -357.70335976 0 -55.18260257 0 377.90618132 0 132768
0.35050000 0.35050300 2047.58569651 0 35.11298272 0 -335.44799537 0 19.35741222 0 495.57893349 0 132957
0.35150000 0.35150100 2036.67102465 0 28.66186086 0 -392.33580466 0 64.30618914 0 365.27168989 0 133987
0.35250000 0.35249800 2030.83712692 0 11.87968173 0 -415.67027151 0 124.65881661 0 425.62499180 0 134778
0.35350000 0.35349800 2004.18554403 0 26.00726878 0 -497.75287534 0 102.20606640 0 342.65887282 0 135699
0.35450000 0.35450100 2009.76090680 0 30.06413204 0 -501.60954261 0 67.11803792 0 450.57923642 0 137380
0.35550000 0.35550100 1968.99106660 0 31.49293115 0 -551.43597511 0 12.30873736 0 439.33296537 0 136161
0.35650000 0.35649900 1982.90699220 0 40.88797944 0 -501.86020912 0 -41.87187360 0 476.84638905 0 138792
0.35750000 0.35750000 1942.67670323 0 37.61672526 0 -534.93469983 0 -46.77909208 0 481.19090056 0 138097
0.35850000 0.35849800 1952.52351327 0 44.92438471 0 -494.11090451 0 -50.78368631 0 454.57416369 0 140028
0.35950000 0.35950300 1914.44018860 0 26.55570013 0 -498.64313488 0 -57.21783479 0 434.70181726 0 141099
0.36050000 0.36050500 1927.02971742 0 31.84532555 0 -519.13821336 0 -11.65070967 0 362.68296803 0 140821
0.36150000 0.36150200 1911.76491372 0 34.70505951 0 -510.14569278 0 -10.50763666 0 339.90940965 0 141756
0.36250000 0.36250400 1887.11416667 0 40.49320779 0 -546.66656700 0 -19.78511898 0 277.61035110 0 142971
0.36350000 0.36349900 1872.59124593 0 39.31361390 0 -533.50264093 0 -16.33401439 0 221.78365925 0 142270
0.36450000 0.36450000 1858.95633659 0 17.12119716 0 -544.75902857 0 0.31533510 0 240.68368939 0 145311
0.36550000 0.36550300 1864.88015953 0 16.09503816 0 -537.06480315 0 9.28882414 0 190.10300923 0 145434
0.36650000 0.36650100 1879.25695181 0 22.98162283 0 -537.09515290 0 -28.37556149 0 250.44844268 0 144547
0.36750000 0.36749600 1863.32894972 0 46.10903689 0 -501.48701952 0 -26.79906022 0 235.34887655 0 146892
0.36850000 0.36849900 1839.56621408 0 43.28178842 0 -464.52213959 0 -6.52968277 0 330.42005230 0 148113
0.36950000 0.36949900 1821.07534363 0 49.36646507 0 -441.23038721 0 7.83233930 0 339.09671060 0 147387
0.37050000 0.37049800 1814.02745562 0 27.73877862 0 -472.41982079 0 50.12430974 0 405.58853187 0 149758
0.37150000 0.37150100 1791.56863546 0 18.11756844 0 -525.03505873 0 96.41600721 0 417.00004049 0 150099
0.37250000 0.37250000 1800.47123084 0 13.58443881 0 -590.67933494 0 87.67898661 0 436.96343619 0 150468
0.37350000 0.37349800 1784.31841574 0 16.90537667 0 -613.86317707 0 67.52315097 0 409.79815557 0 150709
0.37450000 0.37449700 1801.65149916 0 23.42461687 0 -657.36786759 0 37.58390256 0 440.75715581 0 153108
0.37550000 0.37550100 1769.85169825 0 27.11042625 0 -681.01482454 0 3.28052771 0 430.62033698 0 153189
0.37650000 0.37649900 1776.32631307 0 27.75260462 0 -709.49413723 0 12.15755061 0 466.92539071 0 153547
0.37750000 0.37749900 1760.06109146 0 22.31111801 0 -634.10196871 0 -6.14383619 0 480.86492169 0 155424
0.37850000 0.37850200 1761.40996955 0 32.27055937 0 -645.64386888 0 18.62969249 0 559.00093305 0 155313
0.37950000 0.37949900 1757.88040522 0 17.41907441 0 -641.79619414 0 12.72486625 0 572.03221944 0 156100
0.38050000 0.38050000 1775.61815207 0 -7.51156485 0 -662.49360433 0 30.30041052 0 571.83438399 0 157557
0.38150000 0.38149800 1803.04533985 0 -0.23704284 0 -643.04952669 0 6.21788960 0 618.14698906 0 157692
0.38250000 0.38250100 1805.21478544 0 -3.69581355 0 -696.85739768 0 0.11372504 0 561.66159508 0 159703
0.38350000 0.38350500 1833.14780251 0 18.87990937 0 -671.56256134 0 -34.94830719 0 515.97959050 0 160338
0.38450000 0.38450600 1813.73519870 0 50.64621315 0 -717.97520821 0 -50.09249870 0 527.23035782 0 160167
0.38550000 0.38550000 1789.46663377 0 67.46514922 0 -665.00813790 0 -34.98551374 0 458.53649307 0 160033
0.38650000 0.38649600 1733.01608580 0 65.50972561 0 -679.32310660 0 -24.08107087 0 463.42055582 0 162444
0.38750000 0.38750200 1725.92323519 0 56.67198879 0 -684.59834399 0 -10.89578757 0 433.89923480 0 164307
0.38850000 0.38850400 1677.18377362 0 37.02928886 0 -654.32727157 0 -13.11435480 0 432.42558549 0 163882
0.38950000 0.38950500 1695.11261153 0 20.13616450 0 -685.63473199 0 6.81122735 0 457.98120493 0 164595
0.39050000 0.39050100 1674.02515076 0 13.18966716 0 -643.13158344 0 -12.01310825 0 388.08346649 0 165006
0.39150000 0.39150100 1692.66214968 0 37.65932733 0 -640.85535167 0 -81.71874397 0 404.30147736 0 166687
0.39250000 0.39250100 1684.45647464 0 46.38488246 0 -644.09041095 0 -54.09889143 0 409.24736368 0 167256
0.39350000 0.39350100 1639.21285545 0 61.63900754 0 -565.34515632 0 -53.05193722 0 440.72680606 0 167937
0.39450000 0.39449600 1645.38397270 0 32.94454879 0 -602.99234375 0 -20.12222609 0 472.57269364 0 167719
0.39550000 0.39549700 1620.89059476 0 21.24572913 0 -568.69599430 0 35.62431992 0 445.70753839 0 171636
0.39650000 0.39650400 1640.70786200 0 4.08694324 0 -623.02543148 0 54.68205639 0 409.87684012 0 171093
0.39750000 0.39750000 1632.38978046 0 0.94420567 0 -625.43767513 0 50.15657041 0 492.47314170 0 170464
0.39850000 0.39849800 1670.27077342 0 -0.34959435 0 -679.24104985 0 50.19950969 0 461.16343315 0 172113
0.39950000 0.39949500 1669.58509372 0 13.11682774 0 -662.22158058 0 27.62783340 0 530.87232866 0 173232
