### header ###
fiducial parameters:
Omega_m = 0.31
Omega_nu = 0 (not used)
Omega_de = 0.69
Omega_k = 0
H_0 = 100
w_de = -1
zeff = 0.383891
beta = 0
fgrowth = 0
b_1 = 2
gamma = 0.55
Lx = 3500 Ly = 3500 Lz = 3500
nx = 768 ny = 768 nz = 768
xoffset = -688.227851 yoffset = -30.2188835 zoffset = 571.834142
kbins = 400 dk = 0.001
kx_ny = 0.689355188 ky_ny = 0.689355188 kz_ny = 0.689355188
############################
A(data) = 8.16991182 (not used)
A(ran) = 8.17710676 (used), new A= 6.53457628(not)
Ngal = 429002
weighted Ngal = 108082.933
Nran = 21169507
weighted Nran = 5141615.63
NranS = 21169507
weighted NranS = -1
SN(data) = 3568.65793
SN(ran) = 69.9495641
SN(ranS) = 0
SN(data+ranS) = 3568.65793
############################
13 columns: k_central k_mean P_0(k) sigma^{lin}_{P_0(k)} P^img_1(k) sigma^{lin}_{P_1(k)} P_2(k) sigma^{lin}_{P_2(k)} P^img_3(k) sigma^{lin}_{P_3(k)} P_4(k) sigma^{lin}_{P_4(k)} N_modes
### header ###
0.00050000 0 0 0 0 0 0 0 0 0 0 0 0
0.00150000 0.00179520 171479.30893134 0 -116716.69761080 0 65370.89500604 0 105817.98684531 0 -377252.92952347 0 3
0.00250000 0.00253879 270206.80040928 0 -61371.57128154 0 66953.46239237 0 -57399.59619935 0 286332.53427516 0 6
0.00350000 0.00331552 226520.94283731 0 47197.22394171 0 21210.69903884 0 -110404.80812468 0 229634.48057632 0 7
0.00450000 0.00420575 155797.57529069 0 104875.84272649 0 10859.72510980 0 -81850.83254286 0 111983.27875083 0 24
0.00550000 0.00557378 70607.10813603 0 34234.29966028 0 37281.62489686 0 20674.68779437 0 1221.72032049 0 45
0.00650000 0.00659388 55575.98430172 0 2483.32315498 0 13686.61143158 0 55152.91077040 0 -12966.35670212 0 40
0.00750000 0.00754703 45625.17526395 0 -10228.44758259 0 9749.41452164 0 17627.58400428 0 -19926.19863663 0 57
0.00850000 0.00846663 54160.16612716 0 -12215.43163292 0 -9819.00408312 0 12654.89220498 0 -20757.61950726 0 75
0.00950000 0.00948925 65511.40280799 0 -16059.96425645 0 416.10018115 0 784.79752529 0 -10109.13221035 0 112
0.01050000 0.01054430 74773.73468853 0 -7031.97813070 0 -21308.46766699 0 3619.11116255 0 -2823.02208041 0 105
0.01150000 0.01145670 74527.81835431 0 -8.11925828 0 -6521.92041560 0 -7018.49203907 0 11496.72702895 0 144
0.01250000 0.01249090 68576.66521078 0 10016.68937044 0 -10939.60086105 0 -13988.44300613 0 9629.42373758 0 169
0.01350000 0.01339930 65892.62295149 0 7139.41289841 0 6309.27641746 0 -8576.10240526 0 23007.40518716 0 180
0.01450000 0.01448870 61778.25777213 0 5301.81665454 0 6817.80615173 0 5382.98786778 0 31829.83360266 0 267
0.01550000 0.01550050 58209.53675984 0 -4527.24109952 0 10558.77932123 0 5265.59908005 0 27414.30118823 0 238
0.01650000 0.01653350 66025.26940282 0 -4988.84632121 0 3878.64645630 0 21410.88667156 0 12548.37644022 0 315
0.01750000 0.01747870 71294.36733752 0 -7477.31810723 0 -2082.88145558 0 246.46884323 0 9525.72034333 0 297
0.01850000 0.01844180 67789.97653242 0 4230.77960250 0 -3733.76508604 0 8016.41853032 0 4571.95114714 0 388
0.01950000 0.01947590 67271.23811466 0 742.07606721 0 -6869.51390863 0 -2378.00320130 0 8572.37103179 0 399
0.02050000 0.02045430 59951.32417706 0 1834.72851175 0 -6951.05050860 0 -5838.90191451 0 3577.15812381 0 462
0.02150000 0.02154770 64656.73005524 0 -587.24953480 0 -12074.92383097 0 2595.44151609 0 -7477.31810723 0 571
0.02250000 0.02255340 59590.92000421 0 -1213.37178758 0 -6892.85436935 0 -14567.63631740 0 -9396.51738502 0 510
0.02350000 0.02348930 58219.94474517 0 7317.97628076 0 -9834.42783160 0 -14871.12874068 0 -10395.49574713 0 555
0.02450000 0.02439640 57501.79375743 0 3860.22210780 0 -3602.87913436 0 -3549.70983058 0 -2009.37229111 0 592
0.02550000 0.02547300 47637.34885325 0 6314.94544777 0 -9055.85516732 0 3647.52274803 0 -7778.61821019 0 837
0.02650000 0.02652900 46589.57475566 0 812.23696065 0 -13265.42019548 0 4356.94874381 0 -8058.36049674 0 723
0.02750000 0.02749970 46010.15999790 0 -4846.19048825 0 -14325.37385036 0 9970.32954642 0 -14621.77998576 0 826
0.02850000 0.02848090 47603.91043230 0 290.88768871 0 -15814.49081522 0 -5012.95077234 0 -7929.01359821 0 831
0.02950000 0.02946900 46126.08723875 0 1550.81195875 0 -16162.82615402 0 -5046.18989145 0 -5262.91957745 0 996
0.03050000 0.03053250 44909.68163417 0 3317.82213191 0 -12524.34949536 0 -5371.12940790 0 -2587.96769684 0 1041
0.03150000 0.03150510 42031.32007432 0 488.55968923 0 -8773.51088445 0 -3299.56386828 0 2384.19263087 0 1036
0.03250000 0.03246190 43109.65378841 0 514.64055034 0 -4435.14150168 0 -53.11925687 0 -3930.99640804 0 1059
0.03350000 0.03345080 43691.17228788 0 -83.95435281 0 -7693.84849138 0 -874.38038370 0 1649.70996403 0 1302
0.03450000 0.03451200 43205.65084458 0 1171.16408537 0 -4495.58532287 0 -4277.53803021 0 -72.72446881 0 1339
0.03550000 0.03553350 42817.34441319 0 1622.97029959 0 -1203.31811664 0 -3251.66499112 0 3704.24626808 0 1365
0.03650000 0.03647120 41806.33043400 0 -555.45646132 0 -2793.47004547 0 -1431.60730975 0 -2459.76124776 0 1308
0.03750000 0.03744890 41299.88229680 0 766.19823406 0 -1341.74432152 0 -2039.45579765 0 -5116.34414150 0 1579
0.03850000 0.03847530 39890.59679388 0 1779.46653858 0 632.51873482 0 -2747.16558308 0 -7529.51304642 0 1662
0.03950000 0.03950240 39403.08233212 0 2287.61981381 0 1168.35171486 0 -2569.77586716 0 -3228.22487947 0 1683
0.04050000 0.04050350 36234.62586201 0 1288.98469376 0 -1173.61106915 0 -889.49964324 0 -2946.91032281 0 1822
0.04150000 0.04152450 35869.68203599 0 201.59824690 0 -136.12648302 0 1600.91422855 0 -9339.82708195 0 1887
0.04250000 0.04250150 34442.01647387 0 1428.98316877 0 1493.13621877 0 -1171.45196581 0 -9256.88429673 0 1920
0.04350000 0.04349210 33121.64173925 0 2496.94211450 0 2446.48553030 0 -4472.15628355 0 -7950.90358437 0 2005
0.04450000 0.04448520 31065.62174368 0 2341.36487848 0 3772.69538011 0 -2921.26681853 0 -4474.63648431 0 2151
0.04550000 0.04548030 29431.23587720 0 2213.73419029 0 5553.36880209 0 -1778.52539097 0 -1605.46495405 0 2274
0.04650000 0.04648670 30085.83172047 0 -1628.67254687 0 5536.80460416 0 3034.92423279 0 -1003.13934178 0 2311
0.04750000 0.04749250 30672.55421261 0 -2126.28496887 0 6054.84546545 0 2710.06222261 0 -2024.74067796 0 2568
0.04850000 0.04851840 33082.55643264 0 -999.99369430 0 4385.79214997 0 2478.84993575 0 -1433.31244777 0 2493
0.04950000 0.04949480 32537.68732832 0 -611.10485862 0 5317.89367017 0 33.97553943 0 -400.84141032 0 2644
0.05050000 0.05050630 32903.95983332 0 753.19600302 0 3772.71752476 0 -1439.52402200 0 623.91110951 0 2829
0.05150000 0.05149060 31970.67357435 0 59.92762940 0 5636.72126333 0 994.61697337 0 415.83444535 0 2784
0.05250000 0.05249300 32051.83371527 0 1359.39360728 0 2604.21079735 0 1360.84408184 0 731.37355804 0 3055
0.05350000 0.05348950 30685.50883265 0 634.02789270 0 3638.18877821 0 1098.31483146 0 -794.70836323 0 3009
0.05450000 0.05448610 30111.63023730 0 1006.63598196 0 2657.01471441 0 837.71216559 0 -1191.73646488 0 3336
0.05550000 0.05550870 29872.68946772 0 1516.31059461 0 2745.99191665 0 -276.86126763 0 -9.19679479 0 3349
0.05650000 0.05647670 27289.29464103 0 1565.63780168 0 2876.20245652 0 -409.49221770 0 2630.08682045 0 3324
0.05750000 0.05747970 27397.58197775 0 968.84503012 0 2638.10318362 0 990.59771946 0 3497.08307072 0 3639
0.05850000 0.05849280 26400.62985108 0 190.28343817 0 2026.72262410 0 1609.34026774 0 3848.67367301 0 3846
0.05950000 0.05951020 25986.96779586 0 -73.58788870 0 2880.34350600 0 1334.25942995 0 1927.48137675 0 3787
0.06050000 0.06049470 25970.35930863 0 163.24371373 0 1381.23930415 0 -109.45170240 0 2012.55004834 0 3930
0.06150000 0.06148310 26653.63247319 0 -117.57701725 0 2364.81606244 0 -1546.40517347 0 446.20693956 0 4083
0.06250000 0.06249100 26282.37742202 0 -338.04139841 0 2540.35670012 0 -955.06995081 0 1113.44405609 0 4303
0.06350000 0.06350600 26209.96441771 0 770.32378228 0 2925.05355362 0 -1422.89339012 0 1144.34691466 0 4470
0.06450000 0.06451750 25337.79739174 0 725.28599385 0 3067.32185521 0 47.65738976 0 849.79207197 0 4479
0.06550000 0.06550280 25834.05899011 0 130.92359759 0 4506.61335839 0 930.89906573 0 -1374.06443767 0 4636
0.06650000 0.06648880 25096.86360369 0 -351.91612864 0 2731.65325601 0 1131.23728207 0 -292.90728075 0 4653
0.06750000 0.06749660 25879.56624512 0 -177.37200020 0 3657.69821454 0 74.46769563 0 -1305.30530055 0 5220
0.06850000 0.06852730 25427.37249952 0 -31.45603192 0 2190.93627349 0 -350.05597807 0 143.44528972 0 5029
0.06950000 0.06949320 25180.90254906 0 568.57605899 0 3936.75401694 0 93.53235667 0 690.51003606 0 5040
0.07050000 0.07048030 25195.73946432 0 623.94764818 0 1972.53466644 0 264.62191977 0 -49.59072840 0 5475
0.07150000 0.07148790 24004.91093007 0 877.50831546 0 3003.21309451 0 96.42876612 0 379.53050674 0 5509
0.07250000 0.07249820 23314.99437062 0 542.32136238 0 2850.54787991 0 616.97872694 0 -756.61402969 0 5916
0.07350000 0.07351270 22356.68465757 0 830.36014191 0 2962.97626612 0 -60.35114583 0 563.87917881 0 5721
0.07450000 0.07449140 22969.31638979 0 57.01317206 0 2220.67653795 0 -682.60439614 0 -1875.03177409 0 6028
0.07550000 0.07549160 21919.10638074 0 372.29474247 0 3120.71260549 0 -1414.12410886 0 -269.43838107 0 6183
0.07650000 0.07648840 21828.97765671 0 978.83669604 0 2717.35888467 0 -364.54411510 0 473.11711780 0 6330
0.07750000 0.07749960 21474.99543226 0 46.84047364 0 4276.95119700 0 279.72789252 0 -781.93754379 0 6583
0.07850000 0.07848650 20995.45304437 0 549.66009927 0 4008.23694597 0 -53.52140371 0 -672.10451051 0 6549
0.07950000 0.07947320 21573.64984640 0 440.75381959 0 3963.54904301 0 533.41921323 0 -1248.17210448 0 6828
0.08050000 0.08048110 20246.29954714 0 146.38831366 0 3220.73998790 0 13.69225832 0 992.76678789 0 7147
0.08150000 0.08149960 20408.50910573 0 177.86250419 0 3796.58945707 0 186.53213452 0 335.01090311 0 7386
0.08250000 0.08250610 21059.11891207 0 -412.32673285 0 3749.47671496 0 603.31547811 0 51.23696165 0 7227
0.08350000 0.08350160 20646.01047309 0 331.78885659 0 2917.63509599 0 572.27089379 0 -1735.80836182 0 7798
0.08450000 0.08449610 20197.35987144 0 318.89070540 0 2646.85032022 0 -1194.40489516 0 -1154.61095976 0 7371
0.08550000 0.08548940 20270.21576874 0 202.94021267 0 3272.65811897 0 -473.17026496 0 89.59437363 0 8256
0.08650000 0.08650700 20569.50070859 0 36.79654635 0 4505.53934288 0 -626.94935544 0 -1379.84419122 0 8037
0.08750000 0.08749060 20020.20267434 0 523.57591647 0 4796.19894169 0 -323.09043821 0 311.01606799 0 8155
0.08850000 0.08849210 19742.50876789 0 752.57816730 0 5046.42241027 0 -295.74622484 0 -917.64881462 0 8718
0.08950000 0.08949900 18598.84833737 0 1469.88433665 0 6013.18030716 0 559.33066777 0 252.05150940 0 8571
0.09050000 0.09049190 17825.33572554 0 848.59515366 0 5392.31076528 0 585.14025692 0 -118.55802523 0 8932
0.09150000 0.09150830 16552.01837139 0 669.71288835 0 5771.64861357 0 1320.76226599 0 1337.40397019 0 9285
0.09250000 0.09250820 16367.11054692 0 330.82113540 0 4498.86273101 0 1276.70548554 0 1239.93429482 0 9204
0.09350000 0.09350330 15999.62008619 0 -299.98803247 0 4130.06573595 0 1069.54339541 0 1444.35155562 0 9349
0.09450000 0.09448040 16240.99676724 0 -215.24931617 0 3793.87673749 0 546.67832220 0 1299.38160677 0 9564
0.09550000 0.09549270 16289.49354994 0 151.59784249 0 3260.05781333 0 337.74133841 0 1070.58973011 0 10155
0.09650000 0.09649430 16177.77379252 0 353.44632393 0 3495.42222200 0 -183.67215302 0 1503.73243362 0 9913
0.09750000 0.09749140 15756.80400292 0 619.41242393 0 3165.77696750 0 -999.55412300 0 1078.33703579 0 10476
0.09850000 0.09850240 15370.49059000 0 267.44868430 0 3812.74397898 0 252.82435768 0 2126.08566703 0 10575
0.09950000 0.09950330 15559.82734440 0 -146.91867802 0 3557.54903656 0 123.24161863 0 1022.03204962 0 10882
0.10050000 0.10051200 15330.74094390 0 -187.36366612 0 3689.79688419 0 939.40371843 0 1118.96914617 0 10875
0.10150000 0.10150300 15629.69371400 0 218.08272409 0 2928.59669756 0 557.99534540 0 -164.93002880 0 11118
0.10250000 0.10250800 15029.79515533 0 461.80563077 0 2687.69612648 0 -145.76494177 0 -32.75470489 0 11575
0.10350000 0.10349800 14560.10713652 0 543.38652003 0 2838.49011818 0 38.99838886 0 864.48172531 0 11364
0.10450000 0.10450100 14273.22320047 0 278.19326830 0 2672.47167985 0 22.89003854 0 840.18683019 0 12093
0.10550000 0.10551000 14043.36173723 0 232.10803794 0 2950.82992579 0 780.41620636 0 1231.60790655 0 12067
0.10650000 0.10649700 14029.74277771 0 138.41070363 0 2729.40557407 0 618.26533108 0 1205.25577348 0 12054
0.10750000 0.10749900 13769.65386772 0 89.75403655 0 2405.51792848 0 617.08502126 0 1224.35553380 0 12807
0.10850000 0.10850100 13963.86244504 0 202.43863636 0 2726.78143309 0 -2.66071287 0 1786.82963458 0 12736
0.10950000 0.10950300 13627.70666354 0 205.40380494 0 2877.18789342 0 -435.28519836 0 1665.27765272 0 12933
0.11050000 0.11050200 13505.24675105 0 305.56405525 0 3114.05813827 0 -562.74426551 0 1730.19469314 0 13428
0.11150000 0.11150900 13365.18184209 0 176.56814942 0 3307.45843588 0 -546.15570847 0 1103.64837032 0 13453
0.11250000 0.11250000 13016.73578005 0 177.49822470 0 3400.21130088 0 -151.69970788 0 969.90022267 0 13668
0.11350000 0.11349100 12700.51018323 0 314.91131186 0 3800.39833680 0 -317.52991668 0 485.28449555 0 13791
0.11450000 0.11448600 12738.04536436 0 304.18333635 0 3590.45598592 0 -69.83879952 0 237.44379127 0 14205
0.11550000 0.11549300 12551.80886091 0 197.91116274 0 3928.37226706 0 -133.99063156 0 90.42180846 0 14776
0.11650000 0.11649800 12312.64664483 0 58.54082072 0 3912.17345585 0 -199.74916866 0 338.68248602 0 14553
0.11750000 0.11747300 12440.42127324 0 -8.68858615 0 3973.28161652 0 240.12993727 0 98.75749748 0 14568
0.11850000 0.11849100 12528.00336255 0 77.28405217 0 3763.23961471 0 212.17896050 0 497.38986827 0 16015
0.11950000 0.11950300 12537.41483865 0 -173.86318046 0 3748.46913340 0 706.19952033 0 241.02347388 0 15270
0.12050000 0.12050700 12520.25273518 0 -36.40547183 0 3212.53539521 0 458.75077635 0 268.72532335 0 15999
0.12150000 0.12150000 12421.48759780 0 160.00505872 0 2707.31628606 0 460.29536566 0 -13.38179033 0 15670
0.12250000 0.12250700 12485.37491200 0 -77.48069666 0 2391.37856968 0 140.27196143 0 -284.96399493 0 16887
0.12350000 0.12352200 12406.09706630 0 -11.29963965 0 2230.38696682 0 -68.16898221 0 -338.59944358 0 16407
0.12450000 0.12449800 12381.40578195 0 246.02484301 0 2318.17943031 0 78.05634683 0 -1162.88198640 0 16306
0.12550000 0.12549900 12132.16775029 0 184.68527074 0 2278.95018347 0 -4.13738454 0 -121.72803182 0 17523
0.12650000 0.12650100 12059.64402273 0 149.42655959 0 2212.28371574 0 24.81307992 0 -1015.10631044 0 17154
0.12750000 0.12750600 11834.10076617 0 162.53508494 0 2035.84621975 0 283.20238805 0 -638.56090248 0 18007
0.12850000 0.12850300 11693.37151772 0 209.99771251 0 2189.14255687 0 29.82142460 0 -1259.98627506 0 17496
0.12950000 0.12949900 11566.03978231 0 244.97297215 0 2139.84856678 0 -176.05328631 0 -625.91077137 0 18405
0.13050000 0.13049000 11471.03923537 0 37.38636909 0 2133.14981026 0 -79.42687919 0 -713.44857139 0 18100
0.13150000 0.13148800 11528.94749417 0 40.42694021 0 2390.65886857 0 181.14877020 0 -470.99012421 0 19059
0.13250000 0.13249300 11406.48758167 0 112.74505470 0 2087.84185710 0 -9.13709281 0 -654.93687088 0 18957
0.13350000 0.13349100 11280.37380199 0 336.70718327 0 2560.06543829 0 -194.86184448 0 -454.68723314 0 19468
0.13450000 0.13450700 11091.47994058 0 393.43956118 0 2692.36864755 0 -255.68544641 0 152.01969806 0 19953
0.13550000 0.13551000 10682.18038134 0 317.38819093 0 3024.21729469 0 -108.17295961 0 -12.98529038 0 19956
0.13650000 0.13649900 10690.47355263 0 156.44641353 0 3280.37552937 0 -104.81727013 0 152.28432663 0 19723
0.13750000 0.13749600 10453.84689893 0 168.48092337 0 3183.94665253 0 -98.28105534 0 581.13318257 0 20946
0.13850000 0.13851100 10392.37335153 0 168.04578101 0 3144.67311639 0 193.72693119 0 255.96779069 0 20955
0.13950000 0.13949800 10330.16903070 0 -46.17834861 0 2971.62375180 0 624.57212730 0 462.77113749 0 20506
0.14050000 0.14048300 10140.27866006 0 43.08308021 0 2556.37835413 0 441.33733111 0 -90.45867930 0 21447
0.14150000 0.14148400 10139.96863497 0 3.40761869 0 2277.02359895 0 604.36402727 0 221.51625202 0 21771
0.14250000 0.14249400 10130.80075002 0 -78.17282768 0 1964.35221840 0 303.04177966 0 210.50814668 0 22470
0.14350000 0.14350900 10119.24124291 0 120.61637041 0 1961.46234162 0 199.81781707 0 269.88570299 0 22519
0.14450000 0.14449900 10181.27947887 0 122.58945869 0 2186.60699449 0 -6.60145292 0 382.16239835 0 22218
0.14550000 0.14550500 9882.73638478 0 223.72628805 0 1975.57955577 0 -51.10962992 0 663.00527398 0 23559
0.14650000 0.14650700 9700.28661642 0 172.95524983 0 2268.68613837 0 -182.71439692 0 451.70434884 0 23044
0.14750000 0.14750500 9619.80188731 0 171.99638650 0 2322.64157721 0 54.56242369 0 357.70252559 0 23649
0.14850000 0.14849900 9479.59303813 0 123.55607265 0 2444.88004321 0 294.70653354 0 702.88003735 0 23640
0.14950000 0.14949500 9261.90005987 0 206.64501256 0 1689.75856290 0 265.14010457 0 518.33095620 0 24457
0.15050000 0.15050000 9217.40038643 0 59.87215705 0 1689.61462268 0 173.75245722 0 589.22040862 0 24591
0.15150000 0.15149900 8974.22998876 0 183.45624269 0 1436.68950684 0 227.36354676 0 440.10387412 0 25020
0.15250000 0.15250500 8869.48579598 0 218.88325318 0 1438.38357254 0 -50.76384121 0 267.16966171 0 25297
0.15350000 0.15350100 8569.58080594 0 189.45190658 0 1381.51611227 0 137.80394023 0 386.48946289 0 25452
0.15450000 0.15450400 8465.94384564 0 187.73569623 0 1276.61690694 0 -111.38980214 0 -109.35780909 0 26061
0.15550000 0.15549900 8383.51038736 0 136.65906184 0 1358.07600063 0 77.66505087 0 90.72220063 0 26128
0.15650000 0.15649500 8108.20810307 0 175.45095184 0 1421.49827719 0 98.11508119 0 101.47918564 0 26331
0.15750000 0.15749700 8050.01196382 0 216.02548614 0 1327.90391550 0 164.08742488 0 437.38118945 0 27345
0.15850000 0.15849900 7911.63004824 0 63.73097298 0 1128.97852781 0 134.95613828 0 83.33009514 0 26980
0.15950000 0.15949700 7859.10293930 0 -17.23340924 0 1167.26662703 0 204.39622338 0 248.68773712 0 27777
0.16050000 0.16050000 7900.93418247 0 109.55500719 0 1341.12427133 0 74.22410448 0 229.89800191 0 28224
0.16150000 0.16150500 7721.26356763 0 210.01653546 0 1284.61112546 0 95.81524860 0 737.08023425 0 28075
0.16250000 0.16249700 7667.80638341 0 94.89890300 0 1111.27388042 0 -23.64251374 0 582.67445019 0 28590
0.16350000 0.16349900 7497.03791773 0 104.06734157 0 1083.13245966 0 10.52056873 0 427.57553859 0 29163
0.16450000 0.16449100 7409.01293542 0 226.47443907 0 1374.14194394 0 -37.58046694 0 468.83877149 0 28996
0.16550000 0.16550500 7337.76252521 0 55.63699281 0 1244.20821220 0 -184.29331044 0 725.59048278 0 30777
0.16650000 0.16650700 7292.89746505 0 8.66217866 0 1394.58145556 0 6.21196175 0 730.91405656 0 29211
0.16750000 0.16749900 7273.49875197 0 -9.66972700 0 1360.33475489 0 19.61794511 0 380.08080128 0 30922
0.16850000 0.16850800 7368.95326423 0 112.18811676 0 1565.81495888 0 -83.97970844 0 585.93746431 0 30867
0.16950000 0.16949900 7139.82257443 0 263.79592434 0 1695.02898951 0 -8.04470832 0 421.35067758 0 30852
0.17050000 0.17049200 6993.19177686 0 187.29833940 0 1625.79374242 0 74.69434612 0 751.71563319 0 31257
0.17150000 0.17149500 6853.35938672 0 44.17359348 0 1442.45818807 0 203.38089120 0 542.87276416 0 32608
0.17250000 0.17250900 6927.46645673 0 -96.45345741 0 1364.53116600 0 205.39605432 0 289.00760795 0 32361
0.17350000 0.17350400 6900.28389931 0 2.53352508 0 1227.26755522 0 124.36767406 0 472.37195034 0 32508
0.17450000 0.17449800 6919.76011866 0 96.73259072 0 965.82782161 0 149.29812062 0 416.05146292 0 32791
0.17550000 0.17549800 6759.26677041 0 76.53135553 0 767.77382588 0 216.68207500 0 633.34030132 0 33633
0.17650000 0.17650100 6819.45592813 0 -41.25825036 0 618.13024872 0 405.72209110 0 386.45624591 0 33984
0.17750000 0.17750300 6741.98287137 0 13.48564874 0 667.67779505 0 149.10989110 0 560.15998490 0 34069
0.17850000 0.17849800 6780.79136986 0 165.53789943 0 464.21275418 0 10.60870443 0 569.62460816 0 34536
0.17950000 0.17950400 6642.97414284 0 73.92969137 0 651.20106849 0 -117.88261341 0 880.95513017 0 35343
0.18050000 0.18050100 6568.42417984 0 135.94378966 0 757.96928225 0 -235.15292727 0 830.11655077 0 34990
0.18150000 0.18150500 6506.90634315 0 79.91295425 0 898.42725874 0 -143.45193312 0 822.45118030 0 36243
0.18250000 0.18250200 6459.36178038 0 58.35236975 0 773.68755456 0 181.40232643 0 809.38915871 0 35694
0.18350000 0.18350400 6469.14971552 0 -93.89076783 0 769.31841519 0 203.40192862 0 654.33785811 0 37087
0.18450000 0.18450600 6570.91545292 0 -61.23017769 0 671.46120844 0 76.82133972 0 592.33837529 0 36651
0.18550000 0.18550700 6610.48794183 0 45.30839605 0 792.33777849 0 42.49868290 0 331.41239754 0 37818
0.18650000 0.18651000 6453.77025634 0 206.87310245 0 745.07888170 0 -101.64493834 0 635.05318997 0 37267
0.18750000 0.18750100 6325.26485450 0 195.40771010 0 679.98357686 0 -30.94039375 0 931.14487134 0 38334
0.18850000 0.18850000 6249.54122506 0 23.78700758 0 705.36798873 0 34.64176121 0 602.15288401 0 38223
0.18950000 0.18949500 6227.10869498 0 6.92815294 0 696.79136593 0 199.98722364 0 567.84750002 0 39064
0.19050000 0.19050000 6275.01864447 0 -4.45620106 0 682.05299436 0 -2.44515685 0 443.87953689 0 39609
0.19150000 0.19149800 6168.71325389 0 37.29934062 0 486.92098515 0 115.84419842 0 573.15114361 0 39576
0.19250000 0.19250400 6292.40219444 0 -6.95406218 0 625.24089572 0 -0.33597309 0 292.31269691 0 40909
0.19350000 0.19350500 6143.22476216 0 115.98592417 0 475.68811163 0 16.66949574 0 346.00572165 0 40191
0.19450000 0.19450100 6016.38020903 0 161.06357297 0 422.24421419 0 28.96653040 0 467.26317967 0 41232
0.19550000 0.19549800 5976.36482714 0 79.84342005 0 430.43219839 0 86.16139932 0 633.61821668 0 40873
0.19650000 0.19649700 5989.09800068 0 -17.47832907 0 368.97858119 0 230.16816663 0 415.15128291 0 42816
0.19750000 0.19750200 5947.20032357 0 51.48553534 0 429.36593351 0 96.92569206 0 613.43779746 0 41727
0.19850000 0.19849000 5891.11899836 0 76.68725386 0 327.29017101 0 130.50063478 0 663.79473074 0 42610
0.19950000 0.19949900 5814.73102944 0 97.17648022 0 401.53675232 0 77.37672753 0 686.23833315 0 43863
0.20050000 0.20050100 5756.66775809 0 95.08226070 0 427.80805741 0 -35.03217139 0 828.87091423 0 43302
0.20150000 0.20150100 5734.21308335 0 63.18289290 0 282.15605335 0 63.21223456 0 699.30478366 0 44487
0.20250000 0.20249700 5702.59052367 0 -39.89701874 0 244.03736070 0 78.01604357 0 747.18705234 0 43759
0.20350000 0.20349100 5721.74564561 0 10.82412759 0 318.90509943 0 19.57930270 0 645.74130512 0 45282
0.20450000 0.20449700 5689.12657669 0 100.06801784 0 64.59561082 0 -3.14847092 0 442.35819946 0 45483
0.20550000 0.20549900 5593.76064303 0 202.69329983 0 205.90759572 0 -95.12865374 0 436.54080000 0 46138
0.20650000 0.20650200 5455.53373999 0 141.12453044 0 138.75505293 0 -242.26246703 0 464.31794127 0 46227
0.20750000 0.20749300 5284.97564849 0 108.26419557 0 294.57034394 0 11.20275681 0 609.82268341 0 46236
0.20850000 0.20850300 5288.97275775 0 69.63473657 0 282.18484140 0 47.82225668 0 394.47593078 0 48361
0.20950000 0.20950400 5183.34277898 0 39.01267216 0 302.00541006 0 136.30474745 0 511.87468360 0 46812
0.21050000 0.21050300 5179.99893688 0 107.96103531 0 376.98055033 0 -27.88819669 0 371.24840777 0 48813
0.21150000 0.21149700 5099.61385870 0 77.60359947 0 409.42578375 0 -273.40116612 0 411.13313624 0 47215
0.21250000 0.21249000 5011.48922547 0 152.99295541 0 531.08738162 0 -110.32708040 0 519.23002898 0 50004
0.21350000 0.21350300 4934.99053329 0 121.56194695 0 515.53851588 0 -201.74440159 0 519.12262742 0 49509
0.21450000 0.21449800 4927.89317309 0 17.42363178 0 510.25701694 0 12.12308844 0 468.06370876 0 49660
0.21550000 0.21550100 4911.21825191 0 -71.89072275 0 530.16616420 0 151.77499968 0 347.78172255 0 50841
0.21650000 0.21649800 5000.71585342 0 -41.78174987 0 454.26648480 0 158.64537723 0 317.76132827 0 50424
0.21750000 0.21750300 4978.61549308 0 -7.48810255 0 290.28424700 0 149.86502365 0 394.67080370 0 52231
0.21850000 0.21850300 5021.59825803 0 39.62585751 0 211.58991282 0 183.70426276 0 366.96452530 0 51078
0.21950000 0.21950100 4934.66943588 0 102.08639193 0 199.37935301 0 22.14586759 0 250.26332895 0 52791
0.22050000 0.22050700 4869.29843015 0 169.22055467 0 183.56032254 0 -74.66799399 0 276.54017021 0 52969
0.22150000 0.22150000 4699.37146115 0 182.26486054 0 272.36590375 0 -156.76418925 0 326.32134259 0 52704
0.22250000 0.22250100 4614.66817629 0 119.43938228 0 422.47673301 0 -114.29960910 0 408.04949377 0 54051
0.22350000 0.22349900 4538.33556899 0 83.70101802 0 351.25289638 0 0.23881455 0 354.03204991 0 53938
0.22450000 0.22449800 4518.18393782 0 44.23526633 0 361.44718584 0 50.24211327 0 279.97037643 0 54735
0.22550000 0.22549100 4435.90549209 0 28.37980791 0 294.04108681 0 43.00579538 0 473.94311323 0 54774
0.22650000 0.22649900 4452.99008929 0 51.71130005 0 356.62297392 0 160.33612123 0 346.32903354 0 56911
0.22750000 0.22749800 4389.68960830 0 40.64584007 0 316.13923269 0 61.81601440 0 603.69525885 0 54879
0.22850000 0.22849100 4404.29400474 0 53.76344473 0 268.82054534 0 97.34942993 0 573.62946804 0 57210
0.22950000 0.22949800 4311.48577811 0 87.04784964 0 320.20388313 0 89.47102793 0 594.80418203 0 57375
0.23050000 0.23049600 4257.06530162 0 -12.06816971 0 238.69939291 0 31.36999995 0 539.53335100 0 57604
0.23150000 0.23150100 4314.77425858 0 15.60555605 0 322.54457259 0 -51.59360123 0 529.21062257 0 58629
0.23250000 0.23250200 4265.41383454 0 45.09004981 0 370.50434755 0 -16.88684547 0 544.17819126 0 58560
0.23350000 0.23350400 4280.17324352 0 41.41193422 0 262.33659193 0 28.72360360 0 434.10156684 0 59305
0.23450000 0.23449700 4226.45032350 0 62.01133021 0 234.74657295 0 22.72229282 0 529.10764995 0 59196
0.23550000 0.23549300 4223.99226739 0 25.27844973 0 217.43056416 0 14.98650237 0 390.63826300 0 60063
0.23650000 0.23649900 4157.84619892 0 34.95233992 0 140.66724343 0 222.53712037 0 444.70110339 0 61537
0.23750000 0.23750400 4167.61198941 0 1.16831850 0 36.53258212 0 104.40482603 0 454.95961233 0 61224
0.23850000 0.23850100 4189.09229956 0 -38.44244743 0 -46.93923877 0 111.85373255 0 431.59147080 0 61221
0.23950000 0.23949400 4159.71742182 0 84.03307704 0 -25.82675126 0 20.51502487 0 398.80299532 0 62332
0.24050000 0.24050100 4119.55809970 0 175.91045332 0 -94.61534076 0 -106.57843411 0 447.49575817 0 63447
0.24150000 0.24150500 3953.49537207 0 101.72698427 0 -110.38764602 0 -27.53576459 0 521.51314235 0 63342
0.24250000 0.24250300 3919.87979392 0 10.37665065 0 -145.64314620 0 46.09309171 0 489.75882201 0 63379
0.24350000 0.24349600 3986.51304468 0 -62.44182220 0 -111.12295911 0 152.11602729 0 496.27267070 0 64266
0.24450000 0.24449500 3950.58335064 0 -11.77431021 0 -153.60082605 0 130.43530806 0 215.64902710 0 64695
0.24550000 0.24549600 3936.10074978 0 102.30662048 0 -258.67497411 0 29.26847270 0 526.08490527 0 65947
0.24650000 0.24650000 3893.22870808 0 50.34563950 0 -247.09553682 0 -29.50508828 0 436.54190723 0 66018
0.24750000 0.24750000 3891.08067707 0 21.40081086 0 -179.57982177 0 -40.62878869 0 546.75804294 0 66303
0.24850000 0.24849600 3934.69456453 0 23.05080870 0 -86.32449466 0 -197.30772104 0 452.23360596 0 66958
0.24950000 0.24949200 3873.27637876 0 104.70643616 0 -42.42449833 0 6.54409828 0 569.10088719 0 66975
0.25050000 0.25048900 3840.77910542 0 72.45153600 0 85.84251636 0 -24.23776192 0 671.90963760 0 68676
0.25150000 0.25150000 3742.93297099 0 84.93879321 0 23.33149213 0 151.25570765 0 707.54037886 0 69349
0.25250000 0.25249900 3738.91371709 0 94.51801503 0 72.03809540 0 113.76038688 0 753.31447690 0 68592
0.25350000 0.25349900 3607.78417426 0 50.09507279 0 -117.38657326 0 150.72423606 0 765.46303169 0 70437
0.25450000 0.25450100 3636.39506159 0 -8.08738106 0 -93.32873662 0 144.51044737 0 916.30795609 0 70099
0.25550000 0.25550100 3642.92773323 0 -37.24707924 0 -231.58099528 0 56.83701138 0 812.45619268 0 71064
0.25650000 0.25650300 3648.12065357 0 14.09750541 0 -209.10860483 0 -47.47082109 0 713.19833685 0 71409
0.25750000 0.25750600 3656.93422413 0 42.31477159 0 -281.10196803 0 -113.32303005 0 641.65340280 0 72612
0.25850000 0.25850600 3663.42260647 0 5.73080281 0 -227.31372129 0 -41.04621534 0 619.38695759 0 71845
0.25950000 0.25949600 3623.45151388 0 39.29346632 0 -263.90221866 0 -107.14112966 0 509.91598934 0 72816
0.26050000 0.26049800 3654.26579385 0 86.45625533 0 -167.02380542 0 -139.61537257 0 350.39811291 0 73743
0.26150000 0.26149900 3530.10074333 0 109.45568844 0 -148.12556142 0 -48.27422898 0 342.88775498 0 74662
0.26250000 0.26250300 3477.21932000 0 90.82384458 0 -108.65261272 0 -49.40914227 0 480.93750082 0 74931
0.26350000 0.26350100 3519.72597498 0 27.01813341 0 -161.23408678 0 58.72927169 0 468.46009798 0 75087
0.26450000 0.26450200 3398.21828242 0 46.33402550 0 -61.07350430 0 68.18404057 0 483.49299339 0 76678
0.26550000 0.26550600 3445.34209684 0 48.44983605 0 -99.28642243 0 24.79004948 0 605.54433710 0 76035
0.26650000 0.26650100 3415.62397703 0 32.65162155 0 -68.66114705 0 87.32797946 0 662.73289479 0 77094
0.26750000 0.26750600 3358.43541934 0 26.04244014 0 -135.15101120 0 55.87903383 0 654.22602763 0 78463
0.26850000 0.26850100 3326.19280947 0 66.93408582 0 -113.37949891 0 21.34389911 0 736.94293742 0 77076
0.26950000 0.26949700 3341.60548562 0 47.19877407 0 -120.23991137 0 19.26152698 0 671.80555774 0 79149
0.27050000 0.27049900 3288.55797741 0 27.74647093 0 -170.56916383 0 -99.78589501 0 807.42492829 0 79648
0.27150000 0.27150200 3296.79578708 0 30.35433560 0 -157.19158099 0 17.01605950 0 660.25490849 0 80241
0.27250000 0.27250500 3285.28056927 0 -10.87282367 0 -152.40612220 0 -36.13707868 0 621.18510314 0 80835
0.27350000 0.27350000 3270.79796840 0 70.90373572 0 -164.67868703 0 2.55566973 0 516.05670068 0 80680
0.27450000 0.27450400 3216.23355170 0 48.21942097 0 -116.40002912 0 -33.85008999 0 562.94356736 0 82617
0.27550000 0.27550800 3223.82916652 0 52.79594499 0 -173.98719050 0 -52.15363942 0 501.12124173 0 82548
0.27650000 0.27649900 3234.94578064 0 26.86832485 0 -43.31504541 0 -62.47116386 0 407.80147370 0 81181
0.27750000 0.27748900 3201.10875599 0 51.96087025 0 -47.49407297 0 -53.47656079 0 553.37154255 0 84096
0.27850000 0.27849800 3166.82883836 0 90.14810059 0 -26.90264906 0 -1.39697308 0 552.47689871 0 85215
0.27950000 0.27950200 3102.00037654 0 31.47828729 0 -117.70102729 0 94.28151017 0 608.14633343 0 84514
0.28050000 0.28050300 3103.27369390 0 8.64932369 0 -53.24891379 0 128.42457387 0 515.03029617 0 85815
0.28150000 0.28150100 3090.09762736 0 25.97910645 0 -177.14280308 0 52.94409269 0 415.50670454 0 85485
0.28250000 0.28250000 3079.39068926 0 55.92996653 0 -139.31641980 0 -11.71463038 0 477.45525467 0 87220
0.28350000 0.28350400 3069.09342718 0 15.75713617 0 -238.40154737 0 -59.93825883 0 552.89543259 0 87147
0.28450000 0.28449700 3056.47097689 0 12.42757738 0 -200.53641095 0 -74.37623823 0 447.92425714 0 87102
0.28550000 0.28549800 3105.66531606 0 16.20689401 0 -183.37762918 0 62.92557207 0 443.90278877 0 88971
0.28650000 0.28649900 3038.88812508 0 63.18311435 0 -167.38033428 0 -26.14995242 0 463.94591116 0 89434
0.28750000 0.28750100 3008.83783552 0 70.09689541 0 -268.92573243 0 46.73207558 0 453.56007048 0 89619
0.28850000 0.28849900 2992.53937339 0 -11.95656068 0 -271.87982869 0 144.15834744 0 560.31278298 0 90240
0.28950000 0.28950100 2986.91463238 0 -16.64480445 0 -355.00973620 0 175.61260779 0 465.30116371 0 91333
0.29050000 0.29050500 3015.29300089 0 14.55767123 0 -431.77416416 0 45.10920493 0 448.22763884 0 92139
0.29150000 0.29150600 3011.11873443 0 22.15538979 0 -434.19457437 0 -21.29595594 0 372.35564026 0 92370
0.29250000 0.29250200 2987.14715120 0 80.35263627 0 -457.97349915 0 -123.96907037 0 427.94978317 0 91819
0.29350000 0.29349600 2930.76687322 0 102.66348150 0 -353.08425891 0 -124.63562432 0 450.60043805 0 93552
0.29450000 0.29450000 2895.76725447 0 53.66312947 0 -322.61543547 0 -55.30615175 0 445.35104886 0 94701
0.29550000 0.29550200 2868.05322545 0 24.62961150 0 -285.04039397 0 50.01634856 0 480.49460783 0 95020
0.29650000 0.29650300 2891.23867362 0 -9.66107951 0 -297.63848515 0 74.70663640 0 433.80815023 0 95151
0.29750000 0.29749800 2887.59587875 0 22.82637268 0 -303.71608424 0 81.87973131 0 516.63356881 0 95802
0.29850000 0.29850000 2894.72645594 0 51.59648004 0 -337.81884468 0 -1.61392421 0 569.99110211 0 97399
0.29950000 0.29950700 2842.14398537 0 65.75842637 0 -344.40798518 0 17.24891050 0 629.37751627 0 97881
0.30050000 0.30050300 2838.52333516 0 32.30195753 0 -334.30891771 0 -4.13264559 0 587.89062241 0 97188
0.30150000 0.30149700 2806.54646108 0 18.84620407 0 -344.60839426 0 -23.03508600 0 610.14488806 0 98263
0.30250000 0.30249700 2804.57558726 0 38.53611930 0 -327.74967249 0 -41.50881707 0 565.72825705 0 100050
0.30350000 0.30350600 2795.05338792 0 18.55577699 0 -283.91101684 0 -30.42187678 0 488.93061211 0 100779
0.30450000 0.30450500 2773.55093312 0 18.27221476 0 -319.86396276 0 12.13803608 0 454.68723314 0 99982
0.30550000 0.30550300 2761.22743560 0 49.12137255 0 -327.12187167 0 -1.06109521 0 411.07113122 0 101559
0.30650000 0.30649700 2731.04427814 0 67.29127902 0 -293.54283220 0 -1.12987539 0 351.79986923 0 100935
0.30750000 0.30749800 2686.31208588 0 60.68807667 0 -322.31426824 0 36.64374826 0 440.51908630 0 103762
0.30850000 0.30850200 2670.22399791 0 60.18461806 0 -331.15330514 0 19.27259930 0 420.99082702 0 102951
0.30950000 0.30950100 2646.40742723 0 30.82623808 0 -429.20317034 0 33.43930674 0 485.65652566 0 104394
0.31050000 0.31050000 2623.42128091 0 35.73980367 0 -349.29752382 0 24.57945386 0 543.36991155 0 103963
0.31150000 0.31149700 2629.61071048 0 18.41681932 0 -396.39919360 0 -23.26550108 0 598.46690708 0 105936
0.31250000 0.31250000 2604.60940104 0 37.96899482 0 -381.22789413 0 93.38697705 0 609.94226452 0 105717
0.31350000 0.31349800 2597.51204083 0 40.33548281 0 -437.16195742 0 57.35198520 0 682.89116935 0 106776
0.31450000 0.31450400 2590.97936919 0 38.28223089 0 -422.01501707 0 39.80091096 0 568.24388925 0 108733
0.31550000 0.31549900 2549.30313857 0 15.04928245 0 -467.06719952 0 47.93685524 0 748.52348195 0 105891
0.31650000 0.31650000 2569.96409668 0 18.97641461 0 -466.52576284 0 -5.63190480 0 644.33733433 0 111072
0.31750000 0.31750600 2591.28939428 0 35.85971694 0 -432.25581029 0 22.04732390 0 643.97526931 0 108121
0.31850000 0.31849900 2530.13694431 0 44.51694627 0 -408.77362382 0 -22.35834551 0 661.77403146 0 110484
0.31950000 0.31950100 2530.08158268 0 42.47310583 0 -445.50606140 0 -3.20223813 0 623.45271526 0 110817
0.32050000 0.32049800 2497.24106727 0 4.07450481 0 -427.84570332 0 -17.07274981 0 662.68528379 0 111088
0.32150000 0.32149900 2519.16427041 0 39.36610077 0 -402.34060310 0 -56.35912984 0 616.85914583 0 112635
0.32250000 0.32250100 2517.48127704 0 33.96180975 0 -349.55772345 0 -27.08069204 0 656.81362994 0 113202
0.32350000 0.32350400 2494.50620304 0 28.02649003 0 -367.64436605 0 -38.73066005 0 704.54642223 0 113863
0.32450000 0.32450300 2481.45193208 0 66.23043958 0 -444.75867948 0 7.43463430 0 674.48948928 0 114045
0.32550000 0.32549900 2454.13650675 0 39.52000608 0 -391.92154544 0 54.90367274 0 616.38635756 0 114828
0.32650000 0.32650300 2447.50418419 0 12.29692394 0 -467.01626683 0 52.72430704 0 588.57932101 0 116431
0.32750000 0.32750400 2425.13808805 0 47.10986330 0 -477.47961378 0 36.99673398 0 566.31619750 0 116442
0.32850000 0.32850400 2385.86455192 0 35.29524982 0 -469.07239755 0 0.42528025 0 541.58837448 0 116955
0.32950000 0.32949800 2385.25557406 0 50.79273998 0 -494.69264994 0 -40.48307689 0 542.64024534 0 117028
0.33050000 0.33049700 2363.67561299 0 57.31821461 0 -493.01851443 0 -10.88590009 0 596.92342500 0 119061
0.33150000 0.33150100 2330.61365108 0 46.25098306 0 -454.11811565 0 -62.85758800 0 552.23109310 0 120060
0.33250000 0.33250400 2320.00636390 0 27.29405574 0 -463.10220000 0 -11.31835188 0 607.99574981 0 119737
0.33350000 0.33350100 2315.88745907 0 11.27671993 0 -436.32267520 0 29.21211457 0 577.83141531 0 120531
0.33450000 0.33450000 2326.26222742 0 34.80363860 0 -437.73107492 0 23.87126797 0 594.46426165 0 121704
0.33550000 0.33550300 2300.82909731 0 64.63004575 0 -480.98068289 0 -4.94953957 0 604.19019177 0 122761
0.33650000 0.33650300 2257.34807775 0 62.50116986 0 -465.18268984 0 -16.54570715 0 585.42592290 0 122472
0.33750000 0.33749900 2237.96043699 0 21.95553433 0 -485.01322359 0 -20.95315676 0 538.94762501 0 122985
0.33850000 0.33849800 2237.52861633 0 15.95267343 0 -492.15930203 0 -10.52216314 0 520.40923157 0 125380
0.33950000 0.33950300 2225.39334833 0 3.91242812 0 -492.88121760 0 -77.54070866 0 461.23319158 0 125223
0.34050000 0.34050000 2241.89111231 0 31.56564793 0 -472.18039912 0 -72.15014732 0 458.31674122 0 125178
0.34150000 0.34149900 2230.46447309 0 69.09662158 0 -416.39913392 0 -46.64139324 0 438.62904046 0 127059
0.34250000 0.34250300 2170.78464232 0 68.39009654 0 -466.36299966 0 1.18377546 0 440.54455265 0 127957
0.34350000 0.34349800 2173.79631467 0 57.01483291 0 -424.26380624 0 39.24319796 0 521.66704767 0 126732
0.34450000 0.34449700 2126.36247515 0 17.81625642 0 -477.78188825 0 114.34943456 0 522.11879852 0 129639
0.34550000 0.34550000 2128.06761317 0 -12.27577580 0 -486.25553843 0 128.23412989 0 513.26868929 0 129826
0.34650000 0.34650400 2172.99910728 0 -13.58109218 0 -521.47217475 0 89.29852111 0 563.57358264 0 130875
0.34750000 0.34750200 2154.01007022 0 44.70805460 0 -521.31716220 0 16.63229273 0 542.21838976 0 130686
0.34850000 0.34850200 2152.83640379 0 57.04494964 0 -533.32177677 0 -72.11172636 0 655.91566440 0 132211
0.34950000 0.34950400 2112.30062263 0 30.25889216 0 -559.43253316 0 -7.29205597 0 724.57293613 0 132768
0.35050000 0.35050300 2114.51508759 0 1.13526761 0 -555.11764818 0 46.37421804 0 685.30936509 0 132957
0.35150000 0.35150100 2149.38183845 0 2.48358889 0 -586.08472623 0 68.85601997 0 688.91119236 0 133987
0.35250000 0.35249800 2135.63001102 0 45.81750155 0 -557.61888635 0 -36.52472077 0 615.67329984 0 134778
0.35350000 0.35349800 2120.67130019 0 64.53748112 0 -524.07749278 0 -54.02253713 0 735.53121601 0 135699
0.35450000 0.35450100 2060.22747901 0 73.30665165 0 -484.01228542 0 -35.08620433 0 662.30328858 0 137380
0.35550000 0.35550100 2036.87594596 0 52.88950613 0 -478.82933018 0 -65.95318857 0 739.32902342 0 136161
0.35650000 0.35649900 2033.46566992 0 1.97626604 0 -438.83387847 0 -14.73848229 0 671.55089427 0 138792
0.35750000 0.35750000 2043.36432831 0 18.82140207 0 -447.99069109 0 -9.65374964 0 639.38911237 0 138097
0.35850000 0.35849800 2024.22027870 0 35.72740266 0 -423.63268372 0 -28.73035772 0 625.99270657 0 140028
0.35950000 0.35950300 2053.20762507 0 17.67275909 0 -440.51355014 0 -31.60440107 0 552.36617546 0 141099
0.36050000 0.36050500 1997.32560171 0 58.85261739 0 -401.46256774 0 -47.17784737 0 544.69305436 0 140821
0.36150000 0.36150200 1998.57677442 0 67.80481345 0 -430.97142061 0 14.52589365 0 551.99082365 0 141756
0.36250000 0.36250400 1975.41347089 0 7.09992899 0 -464.37551736 0 22.52609123 0 589.43964065 0 142971
0.36350000 0.36349900 1987.38265402 0 5.33663912 0 -464.40762710 0 59.33005603 0 632.93283977 0 142270
0.36450000 0.36450000 1992.77487621 0 40.31820998 0 -474.31735781 0 66.29631991 0 614.74986795 0 145311
0.36550000 0.36550300 1958.11849953 0 40.79974538 0 -463.04019499 0 62.17785797 0 688.64324210 0 145434
0.36650000 0.36650100 1947.00188541 0 33.37121194 0 -545.61205732 0 24.75495021 0 707.48280277 0 144547
0.36750000 0.36749600 1937.71220489 0 20.83313276 0 -564.59666545 0 39.65143458 0 739.01235493 0 146892
0.36850000 0.36849900 1924.40327046 0 16.72795761 0 -544.98425650 0 37.83468752 0 660.80409580 0 148113
0.36950000 0.36949900 1899.67876914 0 49.97283433 0 -562.66343754 0 -12.27477929 0 690.57757724 0 147387
0.37050000 0.37049800 1886.63557050 0 68.91403895 0 -595.58810262 0 -56.90410966 0 694.42299565 0 149758
0.37150000 0.37150100 1852.37779751 0 32.57732625 0 -558.19686171 0 -30.05316836 0 648.62675297 0 150099
0.37250000 0.37250000 1843.89639670 0 18.20013392 0 -558.12599883 0 -17.86497465 0 667.09317630 0 150468
0.37350000 0.37349800 1872.69551355 0 21.42926673 0 -516.91591309 0 -41.62740166 0 619.88631944 0 150709
0.37450000 0.37449700 1857.36034368 0 21.16939927 0 -546.93298567 0 -31.96414090 0 627.94032851 0 153108
0.37550000 0.37550100 1851.68024105 0 28.25889813 0 -519.16138056 0 17.56535754 0 597.62651762 0 153189
0.37650000 0.37649900 1871.62149804 0 41.67611989 0 -559.92968054 0 -2.33368069 0 630.30648432 0 153547
0.37750000 0.37749900 1829.70167628 0 39.06404775 0 -608.20280229 0 62.96432521 0 623.90889504 0 155424
0.37850000 0.37850200 1835.40392356 0 22.69450129 0 -610.09616983 0 53.69379981 0 649.81370619 0 155313
0.37950000 0.37949900 1809.29538164 0 22.47947674 0 -637.65297184 0 3.44496564 0 640.16417511 0 156100
0.38050000 0.38050000 1795.62106049 0 60.79403882 0 -643.61541876 0 34.74639468 0 652.76226629 0 157557
0.38150000 0.38149800 1778.09357030 0 49.20662945 0 -637.30751531 0 -24.54014711 0 663.15696483 0 157692
0.38250000 0.38250100 1760.15640410 0 24.35922532 0 -629.58899768 0 17.67729874 0 686.48524599 0 159703
0.38350000 0.38350500 1768.16169494 0 10.86755324 0 -625.44019757 0 -3.53222663 0 677.46351573 0 160338
0.38450000 0.38450600 1761.75081887 0 13.50878989 0 -624.06058589 0 -13.75083092 0 627.12097647 0 160167
0.38550000 0.38550000 1767.39770453 0 40.25653713 0 -614.21507466 0 -50.99447774 0 578.91428868 0 160033
0.38650000 0.38649600 1756.58004318 0 39.54879413 0 -576.12406282 0 -115.82094653 0 537.48497090 0 162444
0.38750000 0.38750200 1729.76287247 0 62.47027807 0 -534.33932342 0 -77.02263458 0 538.18031290 0 164307
0.38850000 0.38850400 1712.32396088 0 32.07121028 0 -531.78715255 0 -93.83330246 0 464.60914341 0 163882
0.38950000 0.38950500 1707.78430770 0 33.85629049 0 -478.16609792 0 -1.70348825 0 468.43906057 0 164595
0.39050000 0.39050100 1711.08386050 0 10.04050594 0 -501.19210461 0 6.77452443 0 424.38892351 0 165006
0.39150000 0.39150100 1701.48415488 0 44.26981198 0 -495.71905446 0 51.26586042 0 447.44925441 0 166687
0.39250000 0.39250100 1691.54120719 0 19.89143154 0 -524.55581721 0 46.92495547 0 518.35863701 0 167256
0.39350000 0.39350100 1689.34888688 0 9.66228640 0 -567.24516555 0 83.20686016 0 595.46852151 0 167937
0.39450000 0.39449600 1717.57224284 0 -15.18170745 0 -614.80855128 0 105.66408153 0 586.94947480 0 167719
0.39550000 0.39549700 1715.41313950 0 -5.53362685 0 -650.53894346 0 60.53705016 0 547.89295623 0 171636
0.39650000 0.39650400 1748.28687189 0 24.16579181 0 -678.11678289 0 19.66001995 0 519.69395939 0 171093
0.39750000 0.39750000 1723.41843035 0 44.91377839 0 -695.04415307 0 -50.75642275 0 577.62436284 0 170464
0.39850000 0.39849800 1702.51388109 0 65.57761531 0 -701.73183726 0 -64.77177151 0 526.45472092 0 172113
0.39950000 0.39949500 1656.88483051 0 46.64825808 0 -701.18818612 0 -27.45349722 0 519.90986972 0 173232
