### header ###
fiducial parameters:
Omega_m = 0.31
Omega_nu = 0
Omega_de = 0.69
Omega_k = 0
H_0 = 100
w_de = -1
zeff = 0
beta = 0
fgrowth = 0
b_1 = 2
gamma = 0.55
Lx = 6600 Ly = 6600 Lz = 6600
nx = 1270 ny = 1270 nz = 1270
xoffset = -1746.13426 yoffset = 39.3623936 zoffset = 1907.39797
bins = 400 dk = 0.001
kx_ny = 0.604518586 ky_ny = 0.604518586 kz_ny = 0.604518586
############################
A(data) = 3.31973694 (not used)
A(ran) = 3.31963337 (used)
Ngal = 218209
weighted Ngal = 0
Nran = 11099858
weighted Nran = 0
SN(data) = 61855.1543
SN(ran) = 1219.86978
SN(data+ran) = 63075.0241
############################
13 columns: k_central k_mean P_0(k) sigma^{lin}_{P_0(k)} P^img_1(k) sigma^{lin}_{P_1(k)} P_2(k) sigma^{lin}_{P_2(k)} P^img_3(k) sigma^{lin}_{P_3(k)} P_4(k) sigma^{lin}_{P_4(k)} N_modes
### header ###
0.0005 0.000951998 21914.5 0 -96637.9 0 -54443.9 0 -52974.5 0 38140.4 0 3
0.0015 0.00156812 70566.5 0 -47469.3 0 -97226.7 0 -61142.5 0 -11904.2 0 13
0.0025 0.00250052 73712.7 0 8560.54 0 -109713 0 -59623.9 0 60521.9 0 45
0.0035 0.00351114 67908.2 0 -1929.13 0 -76485.4 0 -22085.9 0 6834.67 0 91
0.0045 0.00454229 56940.8 0 1171.7 0 -75488.1 0 -8354.97 0 31709.4 0 157
0.0055 0.00551292 44088.4 0 4622.69 0 -52581.2 0 -18929.4 0 38253.8 0 201
0.0065 0.00656055 36064.1 0 1106.12 0 -24901.6 0 -10879.3 0 14481.6 0 361
0.0075 0.00758749 33721.5 0 2947.92 0 -11429.6 0 -17126 0 4542.42 0 387
0.0085 0.00855771 46854.9 0 -6778.69 0 -4397.4 0 6053.15 0 -16945.9 0 529
0.0095 0.00955828 51865.9 0 -379.88 0 1760.35 0 -5051.26 0 -12819.6 0 685
0.0105 0.0105446 53955.3 0 6735.13 0 29728.2 0 -15576.9 0 4795.49 0 753
0.0115 0.0115067 45702.1 0 -414.854 0 44481.3 0 -568.014 0 -496.89 0 967
0.0125 0.0125379 44555.1 0 2363.17 0 42708.9 0 12886.5 0 -1622.28 0 1197
0.0135 0.0135285 37810.9 0 1431.58 0 20444 0 13966.3 0 5499.96 0 1261
0.0145 0.0145088 34469.7 0 362.527 0 4616.5 0 5062.1 0 9099.64 0 1537
0.0155 0.0155138 32645.2 0 -171.312 0 -5024.69 0 3936.6 0 13039.5 0 1779
0.0165 0.0165159 35835.7 0 -2477.28 0 -9747.74 0 4346.17 0 8892.98 0 1957
0.0175 0.0175126 37090.9 0 1389.58 0 5888.62 0 -13727.7 0 14809.1 0 2253
0.0185 0.0185215 39179.9 0 3668.7 0 30185.3 0 -11181.6 0 -4964.57 0 2509
0.0195 0.0195213 36179.9 0 -1369.74 0 37183.6 0 7438.07 0 2726.36 0 2770
0.0205 0.0205213 39533.6 0 -1148.03 0 27463.7 0 3207.8 0 -7146.37 0 3057
0.0215 0.0215233 38058.5 0 1127.55 0 21878.4 0 3243.86 0 -8181.99 0 3421
0.0225 0.0225092 36390.4 0 627.929 0 21692.7 0 205.51 0 -788.379 0 3513
0.0235 0.0235048 33484.7 0 1153.54 0 23371.8 0 -4127.21 0 -4633.16 0 4195
0.0245 0.0245222 37729 0 -981.43 0 25259.2 0 1337.34 0 -7661.97 0 4321
0.0255 0.0255004 37159.7 0 375.183 0 18662.1 0 5252.8 0 -12703.9 0 4617
0.0265 0.0264993 32530.5 0 1550.42 0 19572.4 0 30.4634 0 1624.62 0 5209
0.0275 0.0274992 31533.1 0 751.803 0 18469.4 0 1914.33 0 5574.3 0 5427
0.0285 0.028494 29579.4 0 51.9872 0 23237.4 0 -1129.73 0 7048.57 0 5917
0.0295 0.0295076 31240 0 201.301 0 27950.2 0 -3591.2 0 -171.293 0 6517
0.0305 0.0305086 29995.2 0 1815.31 0 33522.8 0 154.629 0 -2811.17 0 6597
0.0315 0.0314948 28464.1 0 -98.7062 0 28937.7 0 5385.75 0 -2299.68 0 7207
0.0325 0.0324886 27621.5 0 -414.792 0 17293.1 0 1393.07 0 -5778.2 0 7633
0.0335 0.0335032 25583.7 0 455.441 0 12908.3 0 1462.28 0 -10410.6 0 8445
0.0345 0.0345128 28147.1 0 -255.624 0 14195.1 0 -2159.17 0 -9456.35 0 8551
0.0355 0.0355082 27586.2 0 256.852 0 17155.6 0 1306.14 0 -7663.73 0 9237
0.0365 0.0365061 26797.9 0 419.98 0 16712.6 0 -144.871 0 -8937.99 0 9601
0.0375 0.0375028 24381 0 229.985 0 15071.6 0 1407.6 0 -6631.46 0 10273
0.0385 0.0385041 26302.8 0 397.993 0 14019.3 0 3071.71 0 191.531 0 10815
0.0395 0.0394993 24014.1 0 604.135 0 11986.9 0 -110.008 0 3026.78 0 11200
0.0405 0.0405033 21533.8 0 531.935 0 10891 0 767.037 0 2930.75 0 12225
0.0415 0.0415142 21482.6 0 -56.8773 0 8916.59 0 846.242 0 -60.1325 0 12517
0.0425 0.0425005 22112.4 0 -1287.82 0 8821.57 0 4039.42 0 7116.94 0 12871
0.0435 0.0434992 22732.8 0 1190.57 0 5840.25 0 -1124.11 0 7836.74 0 13989
0.0445 0.044506 23206 0 511.553 0 8772.66 0 -2038.86 0 5019.55 0 14461
0.0455 0.045511 21239.2 0 -662.623 0 9950.71 0 -199.31 0 1031.8 0 15129
0.0465 0.0465078 21592.8 0 1050.73 0 10777.3 0 -31.8395 0 -2954.15 0 15655
0.0475 0.0475113 21505.2 0 -243.937 0 8945.04 0 723.768 0 -2461.39 0 16621
0.0485 0.0485128 19622 0 136.038 0 7787.1 0 286.607 0 -1536.67 0 17013
0.0495 0.049514 19822.1 0 58.265 0 7285.26 0 1068.73 0 -243.359 0 18025
0.0505 0.0505106 18867.9 0 1302.52 0 9245.31 0 -1003.98 0 3296.28 0 18291
0.0515 0.0515036 18091.3 0 -358.314 0 14790.8 0 -420.413 0 6607.04 0 19309
0.0525 0.0525082 20754.4 0 -544.345 0 14196.7 0 2386.13 0 7913.07 0 20305
0.0535 0.0535031 20345 0 408.607 0 11454.3 0 1218 0 11117 0 20373
0.0545 0.054492 18006.9 0 506.157 0 10671 0 156.106 0 9770.36 0 21655
0.0555 0.0554928 18531.3 0 -234.433 0 10183 0 371.621 0 8730.56 0 22401
0.0565 0.0564911 19592.6 0 -424.133 0 9778.18 0 -673.928 0 4801.08 0 23233
0.0575 0.0574941 18824.5 0 597.26 0 7717.54 0 295.996 0 420.546 0 24145
0.0585 0.0584907 17794.3 0 39.8414 0 5617.71 0 -234.876 0 -4178.87 0 24747
0.0595 0.0594931 17317.4 0 -104.104 0 3910.6 0 1598.52 0 -3206.12 0 25984
0.0605 0.0604957 16701.4 0 961.231 0 4489.65 0 371.862 0 -912.346 0 26637
0.0615 0.0615013 15139.6 0 441.054 0 6811.76 0 122.484 0 4446.57 0 27841
0.0625 0.0625072 15968.7 0 -806.554 0 7875.03 0 222.217 0 6300.74 0 28507
0.0635 0.0635048 17275.3 0 -59.1153 0 8142.88 0 -1245.99 0 5197.73 0 29133
0.0645 0.064504 18292.6 0 -48.9681 0 8556.9 0 -60.4146 0 1272.22 0 30529
0.0655 0.0655067 16209.2 0 488.176 0 7520.88 0 1679.15 0 944.03 0 31165
0.0665 0.0665086 15276.7 0 1318.04 0 8901.07 0 -249.219 0 5622.78 0 32439
0.0675 0.0675112 14098.9 0 -694.302 0 10143 0 -127.898 0 8385.42 0 33133
0.0685 0.0685114 14906.4 0 354.078 0 9869.53 0 -1072.61 0 5855.73 0 34233
0.0695 0.0695056 14381.1 0 -114.134 0 8367.62 0 318.19 0 916.99 0 34735
0.0705 0.070508 14561.9 0 -470.166 0 5703.36 0 1468.83 0 -955.645 0 36841
0.0715 0.0715058 15740.9 0 344.01 0 4094.62 0 -312.966 0 -4019.75 0 36405
0.0725 0.0724957 14179.8 0 445.884 0 5603.76 0 -1011.69 0 -2015.18 0 38353
0.0735 0.0735034 14086 0 -517.039 0 5863.26 0 2414.11 0 557.332 0 39879
0.0745 0.0745096 15169.7 0 336.157 0 4565.25 0 403.268 0 2240.4 0 40321
0.0755 0.0755059 14493.1 0 -15.8177 0 4756.38 0 -698.115 0 3333.15 0 41389
0.0765 0.0765036 14546.6 0 -151.939 0 4416.3 0 62.025 0 90.7404 0 42513
0.0775 0.0775031 13410.7 0 654.211 0 4894.37 0 -625.36 0 -332.256 0 43843
0.0785 0.0785073 13903.1 0 -160.293 0 5517.11 0 67.9685 0 -1123.8 0 45093
0.0795 0.0795061 13833.1 0 100.9 0 4078.05 0 300.668 0 -2064.45 0 45784
0.0805 0.080502 13123.4 0 -71.2376 0 2626.5 0 -385.588 0 -3796.98 0 46969
0.0815 0.0815008 13079.4 0 355.477 0 3228.89 0 189.512 0 -3457.4 0 48591
0.0825 0.0825063 12265.1 0 277.467 0 4092.75 0 905.613 0 -911.592 0 49813
0.0835 0.0835045 11379.7 0 262.017 0 4084.3 0 498.273 0 2759.83 0 50421
0.0845 0.0845005 11586.1 0 209.019 0 3384.27 0 -1060.58 0 803.203 0 51901
0.0855 0.0854965 11336.1 0 -476.686 0 3519.89 0 -193.605 0 -1267.62 0 52963
0.0865 0.0864977 11439.1 0 518.889 0 4190.67 0 179.15 0 -1582.73 0 54801
0.0875 0.0874961 10460.8 0 402.605 0 3015 0 1092.76 0 821.931 0 55345
0.0885 0.0884958 10162.8 0 -192.874 0 2973.85 0 108.476 0 1076.39 0 57333
0.0895 0.0894998 10086.1 0 272.264 0 3780.19 0 -1149.33 0 -177.213 0 58567
0.0905 0.0905024 9968.59 0 244.928 0 5141.49 0 -1161.92 0 -1683.28 0 59641
0.0915 0.0915047 10883.9 0 -729.66 0 5052.97 0 921.26 0 -3357.92 0 61317
0.0925 0.0925046 10754.3 0 329.075 0 3604.04 0 521.666 0 -2666.69 0 61885
0.0935 0.0935041 10915.1 0 139.519 0 3730.45 0 169.019 0 -1867.19 0 64135
0.0945 0.0945083 10226 0 464.842 0 4932.55 0 -1184.4 0 -1348.7 0 65037
0.0955 0.0955024 9572.2 0 77.2933 0 5638.79 0 465.121 0 -505.784 0 65701
0.0965 0.096499 9214.92 0 110.076 0 4161.25 0 762.62 0 -1074.46 0 68037
0.0975 0.0975001 8951.25 0 63.3631 0 3166.48 0 -155.355 0 -2123.85 0 69151
0.0985 0.0985015 8503.21 0 347.448 0 3337.59 0 -232.613 0 -2687.25 0 70945
0.0995 0.0995013 7229.2 0 241.661 0 3611.6 0 730.411 0 -1764.51 0 71784
0.1005 0.100498 7244.02 0 137.525 0 2569.96 0 -41.8814 0 -938.412 0 73393
0.1015 0.101499 7551.59 0 -166.293 0 3150.26 0 262.715 0 -220.36 0 75375
0.1025 0.102498 7963.08 0 -282.139 0 2544.88 0 588.177 0 803.169 0 75961
0.1035 0.103505 8413.55 0 57.8702 0 1978.98 0 509.27 0 1429.58 0 79633
0.1045 0.104506 7142.79 0 675.276 0 3007.29 0 -602.749 0 2070.39 0 78171
0.1055 0.1055 6576.32 0 -0.278435 0 3494.41 0 -486.469 0 1609.12 0 81397
0.1065 0.106502 6475.99 0 128.693 0 3658.97 0 -338.563 0 86.7188 0 82473
0.1075 0.107504 6509.49 0 190.317 0 3564.18 0 -37.5149 0 -472.797 0 84709
0.1085 0.108508 6496 0 -289.742 0 3200.47 0 833.127 0 177.815 0 85795
0.1095 0.109508 7149.18 0 -119.143 0 1989.23 0 653.881 0 113.356 0 87237
0.1105 0.110504 7064.8 0 174.769 0 1489.68 0 -305.303 0 -611.909 0 88561
0.1115 0.111498 7041.22 0 -193.238 0 835.315 0 432.099 0 -1018.96 0 89649
0.1125 0.112495 6884.87 0 182.955 0 546.234 0 -241.832 0 -1350.86 0 92635
0.1135 0.1135 7264.1 0 160.342 0 1689.13 0 -1093.79 0 -1880.83 0 94117
0.1145 0.114498 6653.84 0 120.216 0 4206.93 0 -613.541 0 -1707.56 0 94821
0.1155 0.115499 7079.18 0 24.8808 0 4287.6 0 569.094 0 -1188.2 0 97921
0.1165 0.116499 6311.39 0 630.175 0 4069.76 0 -100.983 0 -159.632 0 98199
0.1175 0.117496 5612.8 0 -172.758 0 3166.24 0 729.208 0 -7.66073 0 100501
0.1185 0.118498 5631.6 0 -98.0166 0 1970.52 0 846.822 0 -305.878 0 102628
0.1195 0.119498 5903.64 0 5.53612 0 1144.26 0 84.9429 0 617.981 0 103569
0.1205 0.1205 5902.83 0 27.0167 0 1376.84 0 -670.866 0 148.007 0 106639
0.1215 0.121504 6125.8 0 -7.17047 0 1756.34 0 162.555 0 -846.891 0 107433
0.1225 0.122503 6478.48 0 -253.44 0 1406.71 0 160.772 0 -366.293 0 109345
0.1235 0.123502 6964.65 0 73.4102 0 827.875 0 351.317 0 -736.989 0 110617
0.1245 0.124502 6746.12 0 -193.277 0 -208.834 0 74.6696 0 -1055.41 0 113415
0.1255 0.125504 6614.23 0 598.819 0 719.91 0 -465.407 0 -489.864 0 114685
0.1265 0.126503 6135.9 0 -70.6385 0 2317.5 0 10.0794 0 556.112 0 116269
0.1275 0.127501 6506.79 0 -27.33 0 2140.13 0 -232.751 0 939.057 0 118233
0.1285 0.128501 6305.45 0 251.395 0 2423.27 0 -125.077 0 311.767 0 120343
0.1295 0.129502 6013.66 0 28.9715 0 2812.98 0 -379.363 0 403.776 0 122145
0.1305 0.1305 6002.23 0 97.7623 0 2558.89 0 624.018 0 500.075 0 123805
0.1315 0.1315 5454.32 0 455.666 0 2343.89 0 286.089 0 731.889 0 125905
0.1325 0.132501 5232.09 0 -401.147 0 1748.94 0 266.578 0 496.45 0 128127
0.1335 0.133502 5421.73 0 159.424 0 336.738 0 376.042 0 62.9258 0 129901
0.1345 0.134503 5616.07 0 -157.048 0 -569.281 0 -64.3866 0 -663.093 0 131769
0.1355 0.135501 5982.57 0 -70.1267 0 37.8752 0 -69.5365 0 -547.506 0 133153
0.1365 0.136503 6171.27 0 150.52 0 531.312 0 -523.046 0 -74.5463 0 136867
0.1375 0.137502 6053.2 0 163.894 0 1633.08 0 -257.049 0 -729.224 0 136233
0.1385 0.138499 5482.37 0 154.243 0 1642.67 0 390.274 0 108.344 0 140392
0.1395 0.139501 5569.68 0 56.4496 0 1460.42 0 5.97024 0 -416.939 0 141507
0.1405 0.1405 5457.23 0 -33.2101 0 1177.54 0 -261.601 0 -1007.43 0 143773
0.1415 0.141499 5497.83 0 149.435 0 1038.03 0 -288.874 0 -2138.63 0 145369
0.1425 0.142498 5365.96 0 28.7867 0 1514.54 0 436.505 0 -1311.81 0 148053
0.1435 0.143498 5657.76 0 -147.466 0 1306.77 0 369.134 0 -630.444 0 149839
0.1445 0.144498 5151.94 0 519.023 0 1041.48 0 -146.333 0 369.411 0 152145
0.1455 0.145496 4896.77 0 -240.593 0 408.256 0 260.331 0 -161.78 0 153589
0.1465 0.1465 4810.46 0 206.663 0 468.696 0 -449.949 0 -1097.01 0 157897
0.1475 0.147502 5309.54 0 -203.255 0 822.781 0 331.844 0 -506.918 0 157635
0.1485 0.148501 5127.67 0 392.437 0 1768.93 0 -317.165 0 1747.07 0 160741
0.1495 0.149502 4708.6 0 358.565 0 3173.84 0 -190.684 0 2283.04 0 163293
0.1505 0.150505 4143.73 0 -33.3353 0 2846.31 0 181.163 0 1900.61 0 165205
0.1515 0.151501 4080.08 0 14.93 0 1756.47 0 -365.056 0 -478.781 0 165679
0.1525 0.152502 4039.6 0 186.94 0 1563.33 0 127.055 0 -963.366 0 170937
0.1535 0.153504 4047.52 0 -265.105 0 1567.04 0 469.458 0 -306.944 0 170989
0.1545 0.154502 4421.3 0 162.043 0 600.83 0 130.968 0 330.579 0 173617
0.1555 0.155503 4115.62 0 340.834 0 898.279 0 -219.912 0 -107.195 0 176619
0.1565 0.156502 3004.43 0 107.932 0 671.545 0 342.45 0 299.405 0 177409
0.1575 0.157498 3300.07 0 -174.131 0 98.5908 0 411.829 0 150.55 0 180441
0.1585 0.158501 3490.64 0 15.3863 0 -460.989 0 -258.581 0 -497.261 0 183868
0.1595 0.159501 3809.31 0 -59.7399 0 -311.288 0 -59.2854 0 -922.703 0 184867
0.1605 0.1605 4007.25 0 182.057 0 330.919 0 189.976 0 -71.0865 0 187161
0.1615 0.1615 4227.8 0 -25.3801 0 484.863 0 -35.8933 0 1378.47 0 190681
0.1625 0.162501 4057.02 0 161.862 0 926.569 0 -390.177 0 897.55 0 191961
0.1635 0.163502 3454.57 0 98.9793 0 595.993 0 130.537 0 145.214 0 195235
0.1645 0.164503 3591.49 0 53.0658 0 592.918 0 164.443 0 -350.764 0 196837
0.1655 0.1655 3405.71 0 292.382 0 716.798 0 -126.691 0 675.424 0 198789
0.1665 0.1665 3076.62 0 -46.0014 0 1042.37 0 449.644 0 1656.69 0 202477
0.1675 0.167504 3424.64 0 -31.1618 0 524.195 0 -425.777 0 1222.91 0 205143
0.1685 0.168501 3399.73 0 49.7397 0 1138.06 0 -46.8025 0 962.755 0 205021
0.1695 0.169499 3560.1 0 -58.4762 0 425.529 0 377.144 0 -69.5062 0 210061
0.1705 0.170499 3506.16 0 99.7133 0 -412.415 0 -78.532 0 -131.597 0 210801
0.1715 0.171498 3412.68 0 72.8184 0 -322.215 0 -84.895 0 -224.26 0 214771
0.1725 0.172499 3364.9 0 164.644 0 568.378 0 -50.8364 0 174.728 0 216429
0.1735 0.1735 3341.41 0 52.1689 0 1538.38 0 -130.274 0 1824.12 0 219865
0.1745 0.1745 3775.52 0 -125.572 0 1638.11 0 447.473 0 2212.83 0 220963
0.1755 0.175499 3460.5 0 303.641 0 914.137 0 -256.108 0 1283.38 0 224901
0.1765 0.176499 2747.65 0 162.567 0 644.844 0 24.1033 0 596.938 0 226189
0.1775 0.177497 2819.77 0 -90.7081 0 249.675 0 107.289 0 433.715 0 229017
0.1785 0.178498 2856.65 0 124.454 0 425.284 0 -201.465 0 53.4445 0 232870
0.1795 0.179501 2811.16 0 -31.8434 0 -70.7927 0 -26.3496 0 -391.735 0 235261
0.1805 0.180502 3030.77 0 -57.9948 0 -591.252 0 238.397 0 -1372.31 0 237021
0.1815 0.181501 3129.96 0 190.856 0 -734.33 0 318.441 0 -358.978 0 239761
0.1825 0.182501 3223.38 0 -56.9125 0 -451.284 0 318.623 0 933.595 0 243015
0.1835 0.183503 2945.34 0 151.789 0 14.3943 0 -175.633 0 1774.69 0 245125
0.1845 0.184501 3205.74 0 140.854 0 303.187 0 -483.705 0 917.322 0 247357
0.1855 0.1855 2991.85 0 27.5162 0 595.145 0 -350.219 0 -82.5021 0 250593
0.1865 0.1865 2742.17 0 226.526 0 -151.088 0 297.556 0 -1552.44 0 253147
0.1875 0.187501 2549.81 0 -26.9149 0 -621.32 0 437.838 0 -815.225 0 256969
0.1885 0.188503 2769.85 0 -34.0853 0 -714.423 0 -208.416 0 -582.824 0 259065
0.1895 0.189503 2900.83 0 27.9632 0 -371.023 0 -76.3287 0 -762.286 0 260641
0.1905 0.190502 2659.34 0 312.32 0 -296.396 0 -11.4527 0 -705.714 0 264807
0.1915 0.191502 2659 0 -45.252 0 -128.986 0 85.2158 0 215.528 0 266629
0.1925 0.192502 2444.55 0 94.9188 0 -45.3756 0 35.2153 0 620.987 0 270133
0.1935 0.193502 2852.8 0 -142.479 0 -667.991 0 513.887 0 434.989 0 272589
0.1945 0.194502 2796.57 0 140.104 0 -1209.41 0 -340.754 0 345.738 0 275575
0.1955 0.195501 2905.22 0 33.6451 0 -61.6466 0 -147.886 0 1036.81 0 277569
0.1965 0.1965 2977.16 0 81.5682 0 59.151 0 251.941 0 1089.27 0 281581
0.1975 0.197501 2625.2 0 187.537 0 -255.98 0 181.446 0 1855.56 0 283933
0.1985 0.1985 2168.46 0 84.5936 0 -594.568 0 -107.48 0 1174.23 0 286998
0.1995 0.1995 2261.45 0 19.602 0 -940.179 0 -285.441 0 549.277 0 289429
0.2005 0.200499 2453.08 0 145.559 0 -761.29 0 -36.1955 0 5.40912 0 292449
0.2015 0.201499 2168.57 0 63.2769 0 -1120.08 0 -82.1508 0 -818.714 0 296029
0.2025 0.2025 2054.77 0 116.797 0 -633.37 0 -104.047 0 -957.021 0 298819
0.2035 0.2035 2365.39 0 -47.6239 0 -155.146 0 -65.2699 0 -563.604 0 301857
0.2045 0.204499 2564.08 0 167.574 0 595.723 0 -656.769 0 -78.7283 0 303601
0.2055 0.205498 2321.6 0 161.857 0 993.245 0 -34.976 0 -1506.31 0 307341
0.2065 0.2065 2209.79 0 -8.82067 0 595.162 0 513.631 0 -1068.99 0 312259
0.2075 0.207501 2108.51 0 -47.8654 0 -62.7227 0 651.085 0 -235.65 0 312529
0.2085 0.208502 2319.42 0 130.977 0 -90.2694 0 13.6451 0 1230.85 0 318093
0.2095 0.209503 2420.79 0 -18.5481 0 -43.6831 0 98.6764 0 1123.5 0 318847
0.2105 0.2105 2471.15 0 -9.54392 0 -660.016 0 -124.455 0 762.085 0 321633
0.2115 0.211501 2090.66 0 283.233 0 -211.756 0 -185.421 0 636.741 0 327253
0.2125 0.212503 2007.49 0 136.003 0 -150.898 0 147.425 0 769.882 0 328741
0.2135 0.213502 1826.51 0 5.88729 0 -211.227 0 202.617 0 1293.47 0 331443
0.2145 0.2145 1839.62 0 50.3126 0 -705.786 0 194.037 0 2049.07 0 334045
0.2155 0.215498 2278.78 0 -274.68 0 -841.923 0 -263.438 0 773.143 0 338409
0.2165 0.216501 2667.44 0 126.938 0 -1051.22 0 -12.3756 0 847.921 0 342685
0.2175 0.217502 2663.35 0 210.03 0 -931.818 0 146.784 0 580.339 0 344011
0.2185 0.2185 2334.22 0 59.6255 0 -764.93 0 -153.379 0 1377.64 0 346752
0.2195 0.219499 2130.01 0 169.857 0 -411.547 0 -79.8703 0 1091.09 0 351409
0.2205 0.2205 2097.81 0 19.85 0 -791.773 0 341.142 0 898.647 0 353569
0.2215 0.221501 1826.67 0 184.285 0 -949.689 0 -379.194 0 392.774 0 358707
0.2225 0.222503 1679.16 0 98.9332 0 -400.16 0 -400.186 0 -566.937 0 360805
0.2235 0.223502 1985.08 0 -88.3761 0 -152.619 0 87.0302 0 -842.239 0 362601
0.2245 0.224502 2190.89 0 144.951 0 -400.392 0 284.471 0 -565.552 0 368197
0.2255 0.225503 1897.21 0 36.0627 0 -825.424 0 345.731 0 22.5751 0 370111
0.2265 0.226501 1899.91 0 194.787 0 -1327.46 0 -215.844 0 -282.278 0 372237
0.2275 0.227502 1465.99 0 175.061 0 -614.983 0 -215.748 0 70.8529 0 379093
0.2285 0.228503 1574.74 0 24.9398 0 -70.0972 0 -342.691 0 -288.42 0 378933
0.2295 0.2295 1641.32 0 79.9376 0 368.845 0 -75.2164 0 -85.8842 0 382243
0.2305 0.2305 1800.94 0 37.5489 0 67.0365 0 401.173 0 -278.627 0 388249
0.2315 0.2315 1624.59 0 101.448 0 -422.778 0 86.4794 0 289.491 0 389349
0.2325 0.232499 1606.92 0 -40.549 0 -123.628 0 4.40467 0 268.846 0 393697
0.2335 0.233501 2150.72 0 -25.7013 0 -261.488 0 -360.579 0 -498.958 0 398043
0.2345 0.234501 1854.44 0 213.471 0 19.865 0 -252.458 0 -708.444 0 400129
0.2355 0.235503 1562.07 0 213.134 0 -255.728 0 379.982 0 -876.233 0 405157
0.2365 0.236504 1500.64 0 -155.39 0 -890.337 0 503.849 0 -306.143 0 406857
0.2375 0.2375 1829.94 0 40.0411 0 -875.078 0 -405.263 0 196.901 0 408214
0.2385 0.238499 2167.35 0 134.149 0 -264.011 0 -198.723 0 -119.658 0 415833
0.2395 0.239502 1723.67 0 227.224 0 563.042 0 -249.147 0 165.158 0 418813
0.2405 0.240501 1607.48 0 47.805 0 573.939 0 310.243 0 78.2231 0 418885
0.2415 0.241499 1484.69 0 291.328 0 691.018 0 -438.183 0 -60.8908 0 426183
0.2425 0.2425 1412.36 0 -102.369 0 888.938 0 150.43 0 -76.011 0 427693
0.2435 0.2435 1550.19 0 -42.3161 0 493.086 0 426.962 0 190.091 0 432309
0.2445 0.244501 1808.82 0 54.8403 0 21.7205 0 149.464 0 331.681 0 435703
0.2455 0.245501 1525.54 0 220.015 0 -29.3391 0 -389.34 0 220.925 0 438541
0.2465 0.246501 1542.27 0 -90.2786 0 -52.2334 0 77.9507 0 -327.418 0 442353
0.2475 0.247502 1825.74 0 175.547 0 -53.7183 0 11.4647 0 -302.555 0 446857
0.2485 0.248503 1451.71 0 213.058 0 142.673 0 55.9327 0 448.261 0 450343
0.2495 0.249502 1211.58 0 100.08 0 50.0732 0 249.761 0 599.58 0 451653
0.2505 0.2505 1147.14 0 -23.1206 0 -638.33 0 -22.2724 0 46.3103 0 457237
0.2515 0.251502 1258.74 0 96.8071 0 -920.848 0 -150.691 0 -650.863 0 461505
0.2525 0.252503 1195.85 0 150.704 0 -296.058 0 -296.471 0 -867.266 0 464455
0.2535 0.253502 1356.85 0 -94.6028 0 -131.757 0 -7.62479 0 -653.284 0 467581
0.2545 0.2545 1577.97 0 141.194 0 28.4261 0 172.49 0 -146.176 0 469953
0.2555 0.2555 1486.95 0 176.869 0 224.777 0 -116.051 0 250.168 0 477265
0.2565 0.256501 1306.83 0 32.9592 0 379.498 0 -0.401169 0 -46.8736 0 478299
0.2575 0.257498 1426.69 0 -48.525 0 -448.921 0 313.768 0 -637.592 0 480436
0.2585 0.258497 1539.57 0 -97.7416 0 -1503.5 0 389.476 0 -786.908 0 487609
0.2595 0.259499 1821.17 0 259.046 0 -1345.99 0 49.9277 0 23.7621 0 491901
0.2605 0.260501 1384.96 0 133.691 0 -824.158 0 14.3333 0 1144.84 0 494107
0.2615 0.2615 1449.88 0 44.2911 0 -877.443 0 144.011 0 1442.4 0 497529
0.2625 0.262499 1378.83 0 174.319 0 -749.153 0 -346.251 0 1608.81 0 501397
0.2635 0.2635 1173.41 0 128.378 0 -273.556 0 -371.845 0 633.942 0 506533
0.2645 0.264501 1070.59 0 103.601 0 -160.129 0 -109.43 0 -252.853 0 509619
0.2655 0.265501 1071.29 0 117.892 0 42.72 0 -2.4129 0 -313.608 0 512941
0.2665 0.266501 1227.4 0 -48.1894 0 -63.3921 0 117.494 0 -355.869 0 518205
0.2675 0.267501 1209.73 0 63.9808 0 -474.746 0 276.701 0 93.0706 0 519961
0.2685 0.268501 1148.97 0 183.811 0 -527.75 0 135.459 0 399.738 0 526243
0.2695 0.269501 1347.35 0 -108.642 0 -989.198 0 -8.44373 0 207.921 0 527805
0.2705 0.2705 1463.4 0 70.6297 0 -1161.82 0 123.297 0 365.366 0 533113
0.2715 0.271501 1237.09 0 305.369 0 -657.161 0 -239.274 0 361.653 0 537129
0.2725 0.272501 1071.11 0 53.8112 0 -541.467 0 -116.728 0 428.535 0 540535
0.2735 0.2735 1175.02 0 6.34689 0 -358.477 0 -6.8955 0 20.506 0 544093
0.2745 0.274499 1560.17 0 -132.096 0 -912.962 0 330.205 0 137.187 0 548493
0.2755 0.2755 1657.89 0 159.532 0 -1046.04 0 -46.9002 0 200.507 0 552997
0.2765 0.2765 1499.97 0 229.433 0 -912.998 0 -97.5636 0 580.062 0 557007
0.2775 0.2775 1254 0 63.2972 0 -552.574 0 -54.2885 0 405.573 0 560968
0.2785 0.278499 1235.11 0 102.03 0 -736.989 0 -151.838 0 -114.53 0 563689
0.2795 0.2795 1222.21 0 110.834 0 -809.262 0 122.102 0 -82.1226 0 570603
0.2805 0.2805 1317.1 0 62.8461 0 -568.513 0 -87.2798 0 176.539 0 570769
0.2815 0.281498 1241.93 0 71.5965 0 -968.176 0 73.2974 0 -240.312 0 577909
0.2825 0.282499 979.091 0 174.707 0 -1199.65 0 176.24 0 45.0936 0 581517
0.2835 0.283499 873.091 0 63.1758 0 -1438.05 0 176.215 0 32.6614 0 585139
0.2845 0.284501 1041.59 0 103.234 0 -1136.71 0 -290.968 0 18.1773 0 591333
0.2855 0.285501 1012.18 0 181.428 0 -481.278 0 -396.795 0 171.307 0 592321
0.2865 0.286501 898.085 0 72.9953 0 388.065 0 -194.733 0 358.289 0 597841
0.2875 0.2875 1122.78 0 118.432 0 1068.57 0 -289.315 0 17.6731 0 600915
0.2885 0.2885 1149.48 0 -99.0778 0 885.839 0 408.392 0 409.169 0 607285
0.2895 0.2895 1567.07 0 30.0987 0 39.7748 0 315.474 0 306.479 0 609945
0.2905 0.290502 1305.85 0 211.681 0 -122.431 0 117.609 0 600.44 0 616525
0.2915 0.291501 1049.79 0 203.224 0 -172.168 0 -146.112 0 838.097 0 615835
0.2925 0.2925 871.705 0 -49.3526 0 -112.909 0 -107.122 0 429.702 0 624141
0.2935 0.293501 1065.93 0 142.098 0 -519.503 0 87.0563 0 -245.671 0 628621
0.2945 0.294501 1056.27 0 87.5009 0 -443.997 0 -2.09208 0 163.554 0 630345
0.2955 0.2955 1007.64 0 157.287 0 -93.0664 0 -49.6976 0 475.629 0 635659
0.2965 0.2965 1131.98 0 -25.9213 0 -147.515 0 203.404 0 969.387 0 639541
0.2975 0.2975 1205.04 0 86.7813 0 -524.103 0 214.574 0 868.15 0 645564
0.2985 0.298499 1146.88 0 92.7226 0 -792.376 0 8.17703 0 538.712 0 646825
0.2995 0.299497 1018.77 0 180.84 0 -579.159 0 -348.906 0 803.95 0 653439
0.3005 0.300498 925.306 0 2.86887 0 -354.725 0 172.22 0 808.139 0 658273
0.3015 0.301499 1278.63 0 45.5312 0 -551.021 0 -166.247 0 561.395 0 661921
0.3025 0.302499 978.141 0 261.255 0 -486.326 0 -153.485 0 129.473 0 666681
0.3035 0.3035 929.21 0 -33.9431 0 -523.239 0 300.782 0 244.307 0 672547
0.3045 0.304501 1082.96 0 146.789 0 -567.463 0 -352.77 0 -20.3683 0 674181
0.3055 0.3055 994.83 0 76.8283 0 -353.113 0 52.1733 0 -257.695 0 679861
0.3065 0.3065 1196.39 0 22.4081 0 -644.141 0 338.828 0 -294.016 0 683689
0.3075 0.307502 853.039 0 304.169 0 -791.648 0 -238.862 0 -357.241 0 691407
0.3085 0.308501 647.368 0 82.445 0 -441.291 0 87.2183 0 -293.95 0 689413
0.3095 0.3095 891.224 0 -20.6058 0 -668.849 0 -12.6501 0 -172.479 0 699889
0.3105 0.310499 1131.89 0 -20.7615 0 -900.013 0 61.7567 0 -455.181 0 698667
0.3115 0.311499 1199.47 0 145.12 0 -856.972 0 -29.956 0 -484.68 0 709477
0.3125 0.3125 931.365 0 204.832 0 -539.428 0 102.222 0 424.88 0 708921
0.3135 0.3135 733.385 0 211.075 0 -478.915 0 23.733 0 690.742 0 718237
0.3145 0.314501 602.002 0 85.9872 0 -535.375 0 5.95616 0 643.15 0 719227
0.3155 0.3155 613.316 0 35.316 0 -702.921 0 -54.6521 0 815.998 0 724881
0.3165 0.316499 827.557 0 103.946 0 -334.12 0 -95.2093 0 595.063 0 728521
0.3175 0.317499 734.027 0 126.036 0 -36.9893 0 -22.3387 0 912.964 0 734484
0.3185 0.3185 757.795 0 96.5558 0 -123.388 0 110.566 0 778.054 0 740047
0.3195 0.319501 958.088 0 27.9276 0 -446.826 0 -189.875 0 324.193 0 743449
0.3205 0.320501 802.019 0 126.062 0 -342.504 0 70.1012 0 303.798 0 747561
0.3215 0.321501 637.371 0 87.4925 0 -399.309 0 241.98 0 730.618 0 753193
0.3225 0.322501 876.717 0 -20.4877 0 -544.651 0 -137.784 0 657.886 0 758223
0.3235 0.323503 1159.76 0 84.9109 0 -447.558 0 -94.2715 0 434.209 0 763405
0.3245 0.324501 1087.93 0 194.894 0 -241.282 0 -50.4333 0 475.445 0 763321
0.3255 0.3255 1062.68 0 89.6871 0 -147.414 0 -16.2514 0 700.269 0 772353
0.3265 0.326501 1203 0 -15.0673 0 -322.313 0 271.985 0 528.909 0 777367
0.3275 0.327501 1145.14 0 184.203 0 -791.833 0 -100.845 0 119.019 0 780621
0.3285 0.328501 949.783 0 134.955 0 -759.442 0 -18.7265 0 -44.7284 0 785653
0.3295 0.329501 751.568 0 223.64 0 -603.322 0 -136.858 0 -89.1736 0 791269
0.3305 0.330501 705.761 0 37.8699 0 -333.824 0 -25.6083 0 263.565 0 795447
0.3315 0.3315 875.79 0 4.26537 0 -618.958 0 160.457 0 -210.294 0 798433
0.3325 0.332499 1068.13 0 112.978 0 -1013.61 0 -142.037 0 -336.97 0 805449
0.3335 0.333501 815.318 0 148.406 0 -1053.01 0 36.2147 0 -751.597 0 812101
0.3345 0.334501 833.069 0 27.7392 0 -849.088 0 211.346 0 -89.7474 0 813763
0.3355 0.335501 876.342 0 168.885 0 -749.737 0 -188.954 0 169.847 0 819573
0.3365 0.336501 789.882 0 124.398 0 -370.476 0 -51.9911 0 338.542 0 825289
0.3375 0.3375 796.927 0 189.583 0 -317.383 0 -105.598 0 -44.5321 0 827700
0.3385 0.3385 728.151 0 43.8779 0 -153.165 0 -67.7879 0 -42.3725 0 834943
0.3395 0.339501 877.796 0 36.8248 0 -97.5293 0 150.083 0 -4.12795 0 840877
0.3405 0.340501 1043.86 0 87.8784 0 -311.937 0 165.777 0 211.158 0 843237
0.3415 0.3415 989.578 0 147.357 0 -220.118 0 -347.773 0 -163.314 0 848401
0.3425 0.3425 1134.35 0 16.2548 0 -361.856 0 50.7675 0 -591.468 0 855115
0.3435 0.3435 1146.04 0 109.427 0 -749.814 0 226.675 0 -684.467 0 857685
0.3445 0.3445 892.429 0 167.766 0 -859.276 0 189.792 0 182.366 0 865909
0.3455 0.345502 836.971 0 115.414 0 -615.02 0 -66.8095 0 231.334 0 871059
0.3465 0.346502 791.593 0 138.766 0 -648.861 0 -85.7644 0 721.606 0 872869
0.3475 0.3475 837.538 0 68.8606 0 -584.083 0 -37.9421 0 -146.31 0 878437
0.3485 0.3485 807.25 0 140.02 0 -462.914 0 -272.081 0 -287.629 0 884925
0.3495 0.3495 888.473 0 14.35 0 -497.094 0 259.421 0 -395.39 0 888739
0.3505 0.3505 880.217 0 255.397 0 -468.818 0 -120.063 0 -32.6598 0 895065
0.3515 0.351501 571.46 0 120.958 0 -350.74 0 264.45 0 316.979 0 901381
0.3525 0.352502 528.494 0 141.547 0 -771.248 0 357.039 0 925.883 0 904717
0.3535 0.3535 433.722 0 58.4241 0 -1024.57 0 -28.541 0 1351.5 0 907755
0.3545 0.3545 366.677 0 196.957 0 -1036.51 0 -226.672 0 1309.18 0 917257
0.3555 0.3555 290.072 0 113.645 0 -858.62 0 -66.6403 0 582.791 0 918585
0.3565 0.3565 357.216 0 48.1799 0 -881.476 0 -135.742 0 66.6394 0 926236
0.3575 0.3575 398.132 0 148.168 0 -676.059 0 -363.169 0 -677.572 0 931111
0.3585 0.3585 564.873 0 40.4832 0 -367.303 0 -61.8891 0 -1060.54 0 935085
0.3595 0.359499 670.074 0 41.2504 0 -322.804 0 201.112 0 -593.309 0 940537
0.3605 0.3605 811.757 0 180.94 0 -221.171 0 147.092 0 9.41773 0 948729
0.3615 0.361501 837.327 0 60.4959 0 -102.763 0 10.5328 0 756.21 0 950959
0.3625 0.3625 822.584 0 76.1123 0 -535.549 0 355.046 0 823.408 0 956041
0.3635 0.3635 618.396 0 169.445 0 -961.366 0 -4.7652 0 827.659 0 962901
0.3645 0.3645 592.959 0 168.623 0 -634.78 0 -404.612 0 490.998 0 966757
0.3655 0.3655 739.502 0 29.9478 0 91.9881 0 -122.791 0 652.108 0 974451
0.3665 0.366502 1036.77 0 39.4541 0 87.8945 0 87.4232 0 278.9 0 978937
0.3675 0.367501 1017.68 0 178.887 0 -126.926 0 -7.79168 0 340.906 0 981601
0.3685 0.368501 620.952 0 216.93 0 -164.764 0 120.495 0 355.907 0 990153
0.3695 0.369501 691.201 0 10.7945 0 -651.744 0 412.319 0 525.478 0 993415
0.3705 0.370501 586.768 0 165.948 0 -742.051 0 -165.975 0 967.483 0 999897
0.3715 0.371501 739.806 0 59.2433 0 -378.288 0 -190.922 0 1147.3 0 1005277
0.3725 0.372501 942.79 0 96.672 0 -62.0799 0 -95.5652 0 978.935 0 1010557
0.3735 0.373501 786.384 0 197.842 0 -90.9147 0 62.7907 0 862.634 0 1015851
0.3745 0.3745 440.832 0 157.647 0 -315.419 0 22.3083 0 641.348 0 1019689
0.3755 0.375499 508.791 0 110.108 0 -436.173 0 -67.6384 0 328.898 0 1027069
0.3765 0.376499 525.406 0 150.939 0 -209.465 0 78.3355 0 543.692 0 1030464
0.3775 0.377499 424.44 0 140.553 0 -75.0918 0 74.7718 0 778.11 0 1040803
0.3785 0.378501 400.996 0 71.5205 0 -531.69 0 -26.2491 0 685.711 0 1043097
0.3795 0.379501 522.889 0 76.3617 0 -500.277 0 -49.0398 0 292.268 0 1050865
0.3805 0.3805 660.053 0 100.282 0 -360.727 0 -100.511 0 226.286 0 1050019
0.3815 0.3815 687.319 0 117.653 0 -175.883 0 -30.8016 0 341.254 0 1063257
0.3825 0.382501 663.501 0 111.78 0 -335.52 0 20.2358 0 148.15 0 1065313
0.3835 0.383502 713.456 0 86.7599 0 -448.778 0 27.791 0 -108.684 0 1072797
0.3845 0.384502 617.495 0 158.503 0 -562.849 0 -56.7095 0 -419.172 0 1073695
0.3855 0.3855 694.876 0 76.1297 0 -396.066 0 39.5623 0 -210.7 0 1081261
0.3865 0.386499 816.304 0 72.7869 0 -320.909 0 -6.95182 0 -91.276 0 1087701
0.3875 0.3875 875.422 0 142.677 0 -373.83 0 46.5602 0 71.9515 0 1094809
0.3885 0.388501 824.257 0 76.1648 0 -677.561 0 158.913 0 -211.465 0 1100187
0.3895 0.389501 711.089 0 239.26 0 -873.087 0 -167.517 0 -276.412 0 1103509
0.3905 0.3905 601.198 0 137.751 0 -480.826 0 -125.507 0 -277.855 0 1110517
0.3915 0.391502 606.077 0 134.781 0 -218.31 0 88.5234 0 101.601 0 1119045
0.3925 0.392501 654.77 0 124.99 0 90.6957 0 -142.491 0 618.049 0 1117951
0.3935 0.3935 678.99 0 176.665 0 553.108 0 -197.418 0 460.351 0 1129821
0.3945 0.394501 480.078 0 189.978 0 756.604 0 -21.2998 0 260.054 0 1132129
0.3955 0.3955 392.07 0 20.8831 0 255.644 0 194.939 0 -38.4913 0 1139521
0.3965 0.3965 546.122 0 89.3808 0 15.0952 0 42.4649 0 -143.288 0 1143486
0.3975 0.3975 736.251 0 38.503 0 -265.305 0 383.706 0 138.008 0 1151833
0.3985 0.3985 770.353 0 191.864 0 -556.231 0 -127.024 0 490.902 0 1155453
0.3995 0.399501 747.498 0 17.1079 0 -159.831 0 -210.634 0 555.187 0 1164877
