### header ###
fiducial parameters:
Omega_m = 0.31
Omega_nu = 0
Omega_de = 0.69
Omega_k = 0
H_0 = 100
w_de = -1
zeff = 0
beta = 0
fgrowth = 0
b_1 = 2
gamma = 0.55
Lx = 2000 Ly = 2000 Lz = 2000
nx = 600 ny = 600 nz = 600
xoffset = 6.37964 yoffset = 280.636 zoffset = 1.04512
bins = 400 dk = 0.001
kx_ny = 0.942478 ky_ny = 0.942478 kz_ny = 0.942478
############################
A(data) = 0.412262 (not used)
A(ran) = 0.411329 (used)
Ngal = 73499
weighted Ngal = 0
Nran = 2208341
weighted Nran = 0
SN(data) = 6220.24
SN(ran) = 203.973
SN(data+ran) = 6424.21
############################
13 columns: k_central k_mean P_0(k) sigma^{lin}_{P_0(k)} P^img_1(k) sigma^{lin}_{P_1(k)} P_2(k) sigma^{lin}_{P_2(k)} P^img_3(k) sigma^{lin}_{P_3(k)} P_4(k) sigma^{lin}_{P_4(k)} N_modes
### header ###
0.00050000 0 0 0 0 0 0 0 0 0 0 0 0
0.00150000 0 0 0 0 0 0 0 0 0 0 0 0
0.00250000 0 0 0 0 0 0 0 0 0 0 0 0
0.00350000 0.00314159 19906.81460413 0 -63301.00921011 0 -38335.69202972 0 110479.44288272 0 -46409.96141329 0 3
0.00450000 0.00444288 31617.31297624 0 -52123.34711917 0 32727.43773479 0 -18769.74316027 0 22776.73493581 0 6
0.00550000 0.00544140 36125.47376043 0 -26930.35995153 0 92251.38710464 0 -90962.96183340 0 46797.44294666 0 4
0.00650000 0.00628319 79350.12060917 0 -119001.08624987 0 -96099.25575303 0 83917.68211573 0 -114260.82992793 0 3
0.00750000 0.00736006 65908.15018718 0 -47768.60541925 0 12083.42476159 0 5646.44187853 0 8143.23912960 0 24
0.00850000 0.00888577 67020.73358490 0 -23809.26504212 0 5008.25782616 0 11364.42032238 0 867.91339579 0 6
0.00950000 0.00965136 98411.45837513 0 -39538.06492997 0 -7328.43627373 0 -20079.80445621 0 212.80112100 0 27
0.01050000 0.01053530 89086.62676356 0 -21634.74621361 0 -2297.25409594 0 -20298.82003358 0 16008.00295212 0 16
0.01150000 0.01161220 80173.86307706 0 -19601.74665578 0 -20572.12236384 0 -19622.59591595 0 10956.58125667 0 36
0.01250000 0.01291010 109056.38253047 0 2968.35440954 0 -2264.53452585 0 -44316.38098628 0 28446.25851888 0 27
0.01350000 0.01347470 105927.02659345 0 -23000.47110039 0 -29448.49819060 0 -40383.05004030 0 42529.04865443 0 30
0.01450000 0.01439450 94874.75510024 0 -12314.83188037 0 -4682.99953293 0 -61584.78072309 0 28346.73280523 0 48
0.01550000 0.01556690 100920.25378535 0 -10795.78625488 0 -364.92696107 0 -51120.22233734 0 59026.41914717 0 27
0.01650000 0.01644230 98143.46670548 0 6513.77110165 0 12567.08825933 0 -44918.05916424 0 55560.13129814 0 88
0.01750000 0.01732010 110448.95575700 0 42477.81061411 0 20123.27319676 0 -50168.72897811 0 87583.51311989 0 30
0.01850000 0.01840890 92944.92004203 0 9140.92540157 0 42303.44392409 0 -12203.01297087 0 80429.85658756 0 87
0.01950000 0.01941540 75230.12977731 0 58308.69320034 0 22579.55207429 0 -28815.05439455 0 33249.25931247 0 60
0.02050000 0.02032790 80219.39707451 0 40612.29355662 0 34901.46483548 0 24394.51951042 0 68620.12753850 0 96
0.02150000 0.02143820 62224.51863542 0 51421.74984529 0 34068.47788430 0 28563.28974343 0 46160.65540133 0 91
0.02250000 0.02251460 54772.38330771 0 40914.11610127 0 -609.11211936 0 46180.81624254 0 18589.67242737 0 114
0.02350000 0.02341390 44102.28268726 0 33798.22426661 0 16384.56812757 0 30899.98041167 0 17293.08447409 0 108
0.02450000 0.02449510 39367.14033479 0 21791.70573829 0 -10524.05745369 0 48964.68420323 0 -2104.78198707 0 120
0.02550000 0.02553010 34610.46030318 0 6273.76858032 0 -1721.05725435 0 25184.92283116 0 -4097.70572640 0 135
0.02650000 0.02638130 31032.15685351 0 -8137.16137357 0 1104.93211262 0 23643.35607086 0 -9698.73162216 0 114
0.02750000 0.02733190 39048.40235264 0 -18674.54465156 0 1986.76730685 0 20903.35023298 0 -23947.04718127 0 172
0.02850000 0.02852910 36081.90667432 0 -27272.99590642 0 20397.75567383 0 11009.68786277 0 -21469.82069801 0 171
0.02950000 0.02957490 46575.96873012 0 -22446.88390462 0 19922.84493153 0 16532.47986010 0 -18255.88757350 0 228
0.03050000 0.03056570 49158.62166105 0 -17252.46775498 0 38859.97224657 0 11274.72916542 0 -22527.52726943 0 108
0.03150000 0.03140630 51564.15422608 0 -13033.83631958 0 19469.07848611 0 12861.23984977 0 -20864.99546191 0 213
0.03250000 0.03252990 49918.14447379 0 -1116.85159532 0 32881.93862031 0 12608.29505184 0 -18216.54934676 0 280
0.03350000 0.03369720 57296.32393523 0 6068.11816549 0 12574.46417685 0 8131.52617259 0 -14265.02447092 0 216
0.03450000 0.03453800 48647.02802232 0 12981.31978688 0 16357.52309669 0 13052.32528615 0 -9744.88519668 0 183
0.03550000 0.03551440 46684.73892705 0 16132.31174861 0 4947.24423648 0 5413.54974168 0 -5475.57629069 0 306
0.03650000 0.03653320 43978.17058190 0 17019.09372485 0 -975.92534840 0 8632.06576960 0 -295.70840076 0 252
0.03750000 0.03759480 43771.25150926 0 16165.45420464 0 -5207.82065040 0 820.75472958 0 3689.84699158 0 291
0.03850000 0.03858390 37153.38162510 0 10938.58401794 0 -13890.22951567 0 3230.72071277 0 1218.11802550 0 340
0.03950000 0.03963560 36813.69603722 0 1620.15470277 0 -10639.90853143 0 -1111.77696407 0 -2052.51131829 0 294
0.04050000 0.04058530 37949.39064315 0 595.51977856 0 -10072.55295630 0 -13684.19555313 0 2159.98335374 0 303
0.04150000 0.04143950 35830.24036876 0 -6265.05516310 0 -9865.92892036 0 -5031.87059676 0 -6477.21605445 0 312
0.04250000 0.04249450 38865.67628945 0 -10514.12455144 0 -1864.96632231 0 -17535.01456852 0 1792.03324994 0 444
0.04350000 0.04358970 41570.86779666 0 -17441.29124332 0 11074.69428245 0 -13275.66806845 0 -4384.10768617 0 343
0.04450000 0.04452000 41014.52692502 0 -8761.40002456 0 9918.24876192 0 -19011.27987244 0 1857.15768431 0 390
0.04550000 0.04547090 43245.79114560 0 -10308.97569900 0 18015.43266256 0 -11190.54536020 0 5293.74517215 0 456
0.04650000 0.04652160 46627.50180715 0 -5071.84806968 0 29497.37593733 0 -11413.88814250 0 10853.31841149 0 372
0.04750000 0.04748470 43984.26800705 0 -1857.19702253 0 21520.96039277 0 -7809.03138979 0 6400.95890192 0 495
0.04850000 0.04848460 45220.86516456 0 4444.03947461 0 27240.44352379 0 -4108.93679014 0 9529.94112579 0 478
0.04950000 0.04948290 41108.25025022 0 5168.90530960 0 20547.53597213 0 -1619.34826912 0 18384.72026607 0 492
0.05050000 0.05048630 41831.48354880 0 13039.34367132 0 18206.61644451 0 3171.30032128 0 4408.20235005 0 483
0.05150000 0.05143990 40482.96913622 0 10366.80289230 0 17631.29487847 0 -1480.58267430 0 14577.17330008 0 552
0.05250000 0.05241220 35667.57680120 0 11106.65659168 0 10277.40677204 0 1603.52446741 0 12778.72791918 0 528
0.05350000 0.05348390 35469.31213844 0 8616.37965169 0 8026.58161821 0 1590.15930488 0 9000.38958655 0 621
0.05450000 0.05451450 34140.46683923 0 8358.44873353 0 5528.00431238 0 -1647.64228870 0 9850.58701193 0 664
0.05550000 0.05552120 32276.32661967 0 6285.33401898 0 7241.47912352 0 653.84263353 0 12400.98259693 0 564
0.05650000 0.05656920 31641.70267682 0 4604.37225224 0 1944.42954033 0 1642.82335592 0 7901.70241743 0 735
0.05750000 0.05751910 31854.12910121 0 625.10409198 0 1208.89321133 0 -1319.50247036 0 4394.05042298 0 510
0.05850000 0.05836860 31527.03174588 0 4090.83137128 0 4099.62346496 0 1651.71379517 0 5424.97749655 0 720
0.05950000 0.05943450 32091.43695400 0 -3876.83141783 0 2427.47346100 0 756.63538690 0 2706.02744453 0 703
0.06050000 0.06051270 31752.73482179 0 313.49321307 0 -248.88804329 0 1169.02391853 0 -2107.07343877 0 900
0.06150000 0.06156300 33322.52675977 0 -4342.68453342 0 4307.72268440 0 888.79412654 0 -2371.10178208 0 696
0.06250000 0.06254450 31718.21552783 0 -1875.22376494 0 3301.87373038 0 -3279.32309190 0 -5308.13312858 0 801
0.06350000 0.06353530 34580.16986859 0 -4250.43639172 0 4815.29398945 0 -1934.05408302 0 -2451.43044108 0 840
0.06450000 0.06455790 33763.40993594 0 -2363.95205937 0 7986.42712326 0 -2852.86721039 0 132.48032964 0 840
0.06550000 0.06555030 35964.38372194 0 -2684.45042717 0 10085.23953442 0 -2754.24627596 0 1653.77905207 0 859
0.06650000 0.06653950 33729.57906095 0 294.88524836 0 10393.25784978 0 -476.61408751 0 -806.53691098 0 870
0.06750000 0.06749890 34882.68083221 0 47.81099236 0 11797.33750763 0 1707.10201841 0 5837.38963112 0 924
0.06850000 0.06849650 35071.70101169 0 4909.41069692 0 10664.88830541 0 1774.52773904 0 8148.46127920 0 900
0.06950000 0.06947130 34145.77749984 0 2088.24026272 0 11107.83673848 0 5272.38451503 0 2053.87832167 0 999
0.07050000 0.07051490 33878.27755802 0 6044.24969642 0 8557.87387397 0 5717.49655057 0 4619.35028207 0 1096
0.07150000 0.07157030 32163.52425450 0 3182.64939969 0 7076.53393881 0 4006.72624252 0 2452.98430104 0 1026
0.07250000 0.07252470 31166.30020669 0 4245.18473845 0 8104.83518575 0 5198.98921850 0 -2013.26160256 0 987
0.07350000 0.07350060 32146.21543474 0 2295.40519928 0 8313.42613302 0 2535.75193010 0 1027.17027292 0 1140
0.07450000 0.07452360 30714.50067260 0 4025.09719440 0 8099.96708019 0 141.95494155 0 1419.81494855 0 1128
0.07550000 0.07555840 30200.84177697 0 1418.62496719 0 10487.47290282 0 4847.65951550 0 661.72994799 0 1161
0.07650000 0.07646300 30358.78475732 0 5620.79335470 0 10456.49404926 0 -492.21956206 0 -1604.91113991 0 1096
0.07750000 0.07747280 30022.73795541 0 3855.84447386 0 12660.81158454 0 1940.94810726 0 3001.18215975 0 1260
0.07850000 0.07851740 28108.44149677 0 5784.89276753 0 10583.75321276 0 1276.67297600 0 5022.42942234 0 1275
0.07950000 0.07947120 28953.13157040 0 5304.42550071 0 11773.04615262 0 2398.59920257 0 3285.78439564 0 1182
0.08050000 0.08044450 26783.92340250 0 5736.29038840 0 12061.78873688 0 1097.65454067 0 4745.64565901 0 1356
0.08150000 0.08150110 26116.84542258 0 4363.64197371 0 11753.57373039 0 2088.77132878 0 5864.70019503 0 1399
0.08250000 0.08252940 25176.36676684 0 5471.45561144 0 11914.07369548 0 1306.34383352 0 5815.02584921 0 1428
0.08350000 0.08352020 25950.24803235 0 3786.38300000 0 13826.00986052 0 197.15729168 0 6039.32258352 0 1404
0.08450000 0.08454140 23700.29815406 0 4355.38094610 0 13168.56974616 0 392.52076022 0 4311.44014683 0 1389
0.08550000 0.08552690 23467.61254290 0 2641.30622699 0 13853.94000150 0 907.73449926 0 5312.69636288 0 1584
0.08650000 0.08651790 23009.42054697 0 3451.48684122 0 14073.34896114 0 -608.00081445 0 6572.21787203 0 1416
0.08750000 0.08748390 22582.50244130 0 3367.01783386 0 15354.20162373 0 -1428.90207892 0 6109.79701672 0 1507
0.08850000 0.08850220 22059.89409908 0 2390.65288077 0 12220.51848177 0 45.93003505 0 5836.77005404 0 1614
0.08950000 0.08946430 21210.09005597 0 1833.10235866 0 14996.61714268 0 -979.38219507 0 7707.60760670 0 1596
0.09050000 0.09045890 21281.98066533 0 1871.03424379 0 15797.64178463 0 903.11422453 0 7874.11648593 0 1644
0.09150000 0.09152490 20628.57271921 0 -109.94542645 0 13649.38122247 0 283.76334821 0 8134.06348821 0 1863
0.09250000 0.09253260 20702.82362218 0 1009.02551583 0 14913.31844756 0 2614.21202333 0 7555.90956984 0 1684
0.09350000 0.09351990 20079.70611065 0 -186.89099795 0 13993.88574312 0 3485.18003242 0 6808.46359270 0 1722
0.09450000 0.09452550 21046.83641501 0 938.67303113 0 14105.60630706 0 5361.80030441 0 5618.09868616 0 1863
0.09550000 0.09551450 19621.31742358 0 686.34387646 0 13151.75265423 0 6436.13711118 0 2162.31414367 0 1788
0.09650000 0.09650930 20073.41199437 0 894.06249856 0 11900.50200725 0 6537.70841262 0 1316.48326146 0 1968
0.09750000 0.09754280 19590.73195229 0 1990.58311485 0 9331.94199606 0 7767.27386211 0 318.93270637 0 1861
0.09850000 0.09851690 18823.24314863 0 776.17861795 0 9538.96924882 0 6232.70930616 0 -2845.34377453 0 2064
0.09950000 0.09952740 18930.04643423 0 768.49389535 0 7863.85904330 0 5629.23140433 0 -3804.44908063 0 1872
0.10050000 0.10047600 18383.24508257 0 1719.12968124 0 6886.59914556 0 4272.73133172 0 -3226.42301150 0 1971
0.10150000 0.10150400 18164.62288747 0 477.84045673 0 6626.70131606 0 3483.02626451 0 -4054.99424672 0 2340
0.10250000 0.10254800 17796.02370293 0 508.15449426 0 6260.12805020 0 2650.09832067 0 -3503.58048798 0 1998
0.10350000 0.10346900 17835.46027524 0 1549.87696070 0 6385.70550451 0 1927.56327561 0 -3929.18076306 0 1987
0.10450000 0.10446200 16487.24089935 0 1243.03879214 0 4538.91344294 0 1548.19525151 0 -2428.17171452 0 2364
0.10550000 0.10548200 17524.68828401 0 1987.39671848 0 6252.99799660 0 1657.60469462 0 -2268.38967207 0 2244
0.10650000 0.10650600 15594.16480683 0 2115.23612082 0 2540.20698428 0 1609.86775647 0 -2759.16355430 0 2265
0.10750000 0.10749600 15303.16027454 0 2452.87612092 0 2771.72228319 0 1587.07125408 0 -738.75517940 0 2484
0.10850000 0.10847700 15571.64367202 0 2176.70210010 0 2654.15999258 0 1551.82420292 0 -1779.98591800 0 2128
0.10950000 0.10944900 14604.51336767 0 1978.31942266 0 1110.22310412 0 1623.67547406 0 -1947.23238898 0 2487
0.11050000 0.11043800 13369.78477592 0 1208.60800919 0 -610.84103442 0 607.38615466 0 -477.88274533 0 2388
0.11150000 0.11146700 14358.45275942 0 800.23492705 0 -31.62213191 0 1201.47795559 0 -3027.28307319 0 2790
0.11250000 0.11250700 13625.97497756 0 226.24200962 0 48.86220812 0 563.68040130 0 -1225.73980693 0 2448
0.11350000 0.11351200 13714.97771555 0 -0.65133581 0 -1027.02275457 0 792.91014923 0 -2855.67989360 0 2703
0.11450000 0.11449000 13570.01635002 0 40.50539193 0 154.88640014 0 152.04716362 0 -1354.66101051 0 2608
0.11550000 0.11551800 14125.76714826 0 -178.01531055 0 382.75012815 0 278.84803678 0 -2125.08051206 0 2730
0.11650000 0.11653700 13075.82987662 0 496.59889015 0 371.21320970 0 -186.90083251 0 -1530.66023694 0 2883
0.11750000 0.11752500 13794.93266140 0 416.53871455 0 178.56899609 0 -18.00215601 0 -1042.01061895 0 2640
0.11850000 0.11850800 13511.99246558 0 458.75059875 0 697.15205425 0 195.01630869 0 -1041.87293516 0 2976
0.11950000 0.11955700 12942.47328798 0 772.55950109 0 -165.39265704 0 -327.60973573 0 -1070.51116422 0 2833
0.12050000 0.12052500 12889.16999075 0 709.33805344 0 145.58684334 0 -1006.28167452 0 -733.51139377 0 2988
0.12150000 0.12150000 13016.92088208 0 621.99833898 0 -233.20880957 0 -1350.70751872 0 461.14137948 0 2808
0.12250000 0.12250400 12905.98708268 0 399.19547384 0 723.68273782 0 -1762.35255787 0 -335.64850236 0 3135
0.12350000 0.12351700 12688.15165212 0 -171.85494424 0 1162.26757809 0 -1960.26317659 0 277.97177778 0 3180
0.12450000 0.12451200 12697.39613540 0 753.22476265 0 1564.54028472 0 -2702.62468792 0 688.59992376 0 2994
0.12550000 0.12548400 12679.89062450 0 442.38097915 0 2237.49932953 0 -1588.21206266 0 1192.83338027 0 3115
0.12650000 0.12650700 12573.77575788 0 854.91112840 0 2352.59314640 0 -1668.85542747 0 771.89075123 0 3444
0.12750000 0.12748900 12251.49733533 0 1044.81346761 0 3383.75624933 0 -1599.90535055 0 1279.45615554 0 3168
0.12850000 0.12852800 11981.14537207 0 1952.76924439 0 2297.56880175 0 -1220.50782278 0 307.00535602 0 3501
0.12950000 0.12951100 11721.61142116 0 1563.49782171 0 2705.41770202 0 927.27674685 0 107.04029841 0 3264
0.13050000 0.13047200 11792.32188372 0 1306.38317175 0 2322.32238093 0 -900.94078750 0 -26.08675168 0 3304
0.13150000 0.13146100 10991.00220507 0 907.58993128 0 1245.08437993 0 665.43462549 0 167.26515663 0 3519
0.13250000 0.13246800 11298.43044703 0 1333.45770630 0 1605.29468762 0 96.52017478 0 -719.61123135 0 3648
0.13350000 0.13351500 11142.35603244 0 429.79471351 0 1355.90999921 0 1145.82419932 0 -2517.75469136 0 3846
0.13450000 0.13452800 11082.56192780 0 -140.93313111 0 1791.57102578 0 -33.45647342 0 -1099.02154405 0 3504
0.13550000 0.13551800 10905.34321635 0 -60.64479380 0 1107.53827014 0 118.59983634 0 -1877.60372765 0 3735
0.13650000 0.13650400 11451.75118574 0 -389.81232330 0 1204.83153942 0 350.69045681 0 -2338.81493249 0 3856
0.13750000 0.13751600 11371.89458546 0 -379.43588255 0 2447.08356703 0 -401.89407619 0 -2319.84407264 0 3642
0.13850000 0.13849700 11112.95070796 0 -86.91073110 0 1890.59517703 0 180.57131183 0 -1538.35086026 0 4023
0.13950000 0.13948100 11357.73282384 0 -872.52383596 0 2518.35459932 0 -852.48887709 0 -1756.50099664 0 3684
0.14050000 0.14047900 11577.14178347 0 209.67078160 0 2930.68805743 0 -172.84430064 0 -74.36842592 0 4284
0.14150000 0.14153500 11088.16762511 0 133.73423562 0 2967.99053094 0 770.34082510 0 375.44698636 0 4063
0.14250000 0.14251700 11247.58578897 0 637.32647903 0 3039.07470665 0 332.52799753 0 562.66252468 0 4122
0.14350000 0.14350400 11496.69510979 0 430.18907923 0 3070.78131741 0 1263.24880613 0 1040.11254951 0 4056
0.14450000 0.14452200 10927.27427775 0 805.58394243 0 2975.88767996 0 1893.94876086 0 476.22857289 0 4311
0.14550000 0.14547800 10761.46365205 0 1329.62222919 0 2060.26094896 0 1710.39659490 0 1683.46957870 0 4140
0.14650000 0.14651000 10937.40387114 0 1053.65473407 0 1978.11289697 0 2192.63408193 0 714.78443093 0 4582
0.14750000 0.14754200 10410.76336068 0 1254.85992928 0 1388.57056196 0 1717.96920355 0 568.99204536 0 4431
0.14850000 0.14851900 10307.30382436 0 957.31738370 0 1180.40250062 0 1899.63313463 0 -149.98977436 0 4260
0.14950000 0.14947300 10136.47757475 0 683.43383113 0 639.99656117 0 1209.11940614 0 827.35568402 0 4536
0.15050000 0.15051900 10044.13108748 0 834.11694174 0 1525.71345493 0 688.96871964 0 270.63421503 0 4719
0.15150000 0.15151100 9762.29236202 0 303.95270963 0 892.69942900 0 808.79394174 0 532.45076655 0 4554
0.15250000 0.15248900 9832.02920347 0 332.81516658 0 895.18462148 0 562.17964795 0 441.61093336 0 4720
0.15350000 0.15349000 9583.05756644 0 552.53194784 0 1258.63639904 0 533.83055485 0 743.46396514 0 4599
0.15450000 0.15448600 9233.41940719 0 384.36397890 0 1405.27947377 0 764.81183733 0 443.38803776 0 5064
0.15550000 0.15548200 9537.58257633 0 447.01108844 0 879.05398160 0 416.93308027 0 424.36407130 0 4638
0.15650000 0.15644600 9251.28879669 0 593.43485255 0 1066.00693726 0 457.96973495 0 536.33443298 0 4896
0.15750000 0.15749700 9089.35298632 0 481.99654039 0 935.33026532 0 396.72896702 0 -369.59640858 0 5383
0.15850000 0.15850000 8967.85687304 0 516.58074242 0 335.73209610 0 -28.99119130 0 633.40150746 0 5076
0.15950000 0.15946900 8860.37500303 0 785.07495792 0 846.96283968 0 -79.55821983 0 11.03142223 0 4734
0.16050000 0.16048700 8687.59167664 0 526.15468336 0 199.17927653 0 -222.35145899 0 544.69478962 0 5715
0.16150000 0.16150900 8791.02170930 0 451.06390925 0 903.36795609 0 -514.98066005 0 753.21001081 0 5136
0.16250000 0.16249500 8436.94816498 0 907.98724737 0 -150.81095985 0 -306.61689103 0 626.48388029 0 5292
0.16350000 0.16349000 8496.76193874 0 312.28651296 0 743.04304611 0 -574.08929609 0 753.64764858 0 5419
0.16450000 0.16451700 8465.67490506 0 422.04213247 0 307.36726771 0 56.06012016 0 678.63653438 0 5838
0.16550000 0.16553700 8532.40237216 0 283.12508548 0 590.29467860 0 -178.40377554 0 1147.34855560 0 5436
0.16650000 0.16652200 8063.79558070 0 147.10824925 0 652.52381947 0 -456.11002028 0 810.20716753 0 5331
0.16750000 0.16748100 8407.45432948 0 -96.14764177 0 358.84428776 0 370.07240113 0 943.67488666 0 5820
0.16850000 0.16849400 8510.19594317 0 164.48394400 0 1404.38452911 0 -94.20610359 0 1692.69439287 0 5626
0.16950000 0.16948900 8152.34592909 0 -77.24985268 0 1145.53899717 0 424.11820739 0 1761.96901016 0 5883
0.17050000 0.17049900 8306.18789930 0 312.85495034 0 987.31081467 0 979.05765470 0 2036.70718570 0 5952
0.17150000 0.17150900 8354.79027844 0 387.95457555 0 1180.58935719 0 877.95251125 0 2218.62681525 0 6108
0.17250000 0.17250800 8049.29944415 0 458.53423851 0 1152.92474924 0 1415.35989437 0 2178.71818422 0 5727
0.17350000 0.17349800 7989.80037621 0 409.72336677 0 48.81736254 0 1871.26043859 0 2450.45681997 0 6342
0.17450000 0.17450900 7899.18477091 0 282.04623461 0 498.91197788 0 1743.89309497 0 2359.62485443 0 6208
0.17550000 0.17551600 7724.78857723 0 50.56673349 0 390.94624769 0 1214.15469916 0 2582.17103765 0 5991
0.17650000 0.17649700 7704.35236844 0 -322.01879026 0 -275.22006882 0 1286.00597030 0 2370.48220501 0 6540
0.17750000 0.17751700 7954.06159721 0 -528.91327651 0 300.60699344 0 1178.00286879 0 2620.18159923 0 6390
0.17850000 0.17851800 7871.39231372 0 -346.00822438 0 1093.98625103 0 857.69037412 0 3061.78269804 0 6456
0.17950000 0.17951400 7896.76546997 0 -553.43279323 0 750.82316390 0 1276.10257172 0 3071.50907460 0 6319
0.18050000 0.18048300 8079.91441911 0 -283.11623438 0 591.00375013 0 834.78372469 0 2777.22963493 0 6708
0.18150000 0.18148900 8020.16948725 0 352.73801152 0 1133.99322762 0 1395.82846479 0 2760.94360906 0 6528
0.18250000 0.18249500 7838.31869959 0 366.21922182 0 591.18667289 0 1211.63705265 0 2732.95446074 0 6777
0.18350000 0.18350600 7989.82987988 0 556.02419892 0 493.66819226 0 1154.00655048 0 2266.34408428 0 7224
0.18450000 0.18452600 7721.65135365 0 662.99467198 0 356.44957321 0 649.95011599 0 2343.20114477 0 6612
0.18550000 0.18548900 7774.02036799 0 652.51300146 0 77.62386087 0 -157.47780582 0 2104.25092101 0 6751
0.18650000 0.18648800 7450.74865521 0 842.57072667 0 -199.69854112 0 -98.55996018 0 2162.47149658 0 7302
0.18750000 0.18749700 7813.11273081 0 456.21426658 0 223.14314081 0 -458.90500129 0 3149.15289962 0 7152
0.18850000 0.18852600 7148.69991576 0 719.95249047 0 108.53810139 0 -992.59197161 0 2531.25753769 0 7203
0.18950000 0.18951400 7391.99701358 0 651.79507882 0 599.83911586 0 -837.64164686 0 3521.75474873 0 7392
0.19050000 0.19048400 7240.38748773 0 764.60432819 0 304.33134006 0 -520.49686290 0 3494.25732824 0 6880
0.19150000 0.19149800 7136.21986333 0 446.47608855 0 598.87434585 0 -772.83880250 0 3354.32142118 0 7857
0.19250000 0.19253800 6909.62184276 0 671.53795137 0 765.63892355 0 -642.10509012 0 3634.15389708 0 7824
0.19350000 0.19353500 7078.05829510 0 315.77483022 0 680.18449361 0 -346.73598157 0 3184.78349849 0 7188
0.19450000 0.19450300 6723.89623977 0 387.77263625 0 684.38778313 0 185.16700017 0 3376.75404497 0 7599
0.19550000 0.19550900 6788.46993896 0 245.94751085 0 992.67064807 0 -348.98612814 0 2920.84366619 0 7810
0.19650000 0.19650400 6687.72474029 0 171.48418145 0 534.52585801 0 544.74101203 0 2626.42654273 0 7944
0.19750000 0.19751100 6890.96568873 0 281.27717228 0 843.39092870 0 -62.08722822 0 2243.06568861 0 7563
0.19850000 0.19848400 6481.59243218 0 144.17165063 0 528.03308368 0 585.18660986 0 1759.66772389 0 8088
0.19950000 0.19949300 6776.72747828 0 248.35009304 0 308.92899531 0 181.18007089 0 1119.33973816 0 8130
0.20050000 0.20049100 6626.26859557 0 313.91019827 0 469.87446582 0 8.96681441 0 1441.70667173 0 8004
0.20150000 0.20150900 6670.59294254 0 313.04279037 0 357.68479353 0 241.88682239 0 257.35264623 0 8623
0.20250000 0.20251500 6393.09125658 0 357.09570358 0 86.93561253 0 -627.25982681 0 950.11062056 0 8088
0.20350000 0.20349200 6531.70933304 0 469.53615707 0 -282.17113348 0 -16.14765366 0 862.99415054 0 8232
0.20450000 0.20449500 6091.94729634 0 569.63620883 0 116.78634408 0 -344.54582580 0 969.46207775 0 8505
0.20550000 0.20549500 6414.87479963 0 224.48654125 0 29.04380618 0 -358.10669601 0 678.17726059 0 8820
0.20650000 0.20652200 6014.79519915 0 94.99631022 0 -4.14780296 0 -190.40881888 0 1401.27680920 0 8596
0.20750000 0.20750000 6089.33130426 0 515.64645954 0 -197.24088541 0 -145.21116327 0 931.50954005 0 8475
0.20850000 0.20848500 6139.21217576 0 -152.90473696 0 302.73617496 0 266.09556712 0 1105.05996186 0 8826
0.20950000 0.20948600 6213.60076253 0 134.85635854 0 130.27345512 0 41.66744314 0 718.84708630 0 8952
0.21050000 0.21050300 5920.66865712 0 81.36050069 0 230.63313918 0 476.21480451 0 1191.10249829 0 9003
0.21150000 0.21150400 6239.77051786 0 -164.20267568 0 218.32617494 0 264.42762631 0 626.27735459 0 9204
0.21250000 0.21249100 6043.76780314 0 277.75050025 0 211.17055150 0 223.78140353 0 379.68863065 0 8932
0.21350000 0.21349500 6235.32529824 0 107.44646560 0 366.49753977 0 636.70100122 0 765.92805952 0 9189
0.21450000 0.21448700 6030.82552654 0 175.82810514 0 341.64561503 0 348.80320539 0 1102.38496244 0 9504
0.21550000 0.21550800 6126.92881446 0 405.63612501 0 260.84391386 0 94.93297568 0 737.82483033 0 9492
0.21650000 0.21652100 5847.16518046 0 517.42553084 0 140.10702835 0 527.84032637 0 943.79388480 0 9639
0.21750000 0.21752200 5930.87692696 0 571.67687934 0 210.73193027 0 355.15731246 0 790.17909284 0 9442
0.21850000 0.21850900 5772.75692458 0 483.09014309 0 -13.87793632 0 232.52727479 0 1167.34220934 0 9888
0.21950000 0.21950600 5621.63912657 0 621.54693283 0 -242.34609619 0 164.09056174 0 991.35281747 0 9063
0.22050000 0.22047700 5445.57105825 0 511.35957628 0 -250.85495463 0 80.58071869 0 910.57078541 0 10104
0.22150000 0.22146700 5518.72049087 0 387.31729627 0 145.12953645 0 90.55207406 0 1323.38712025 0 9720
0.22250000 0.22248300 5181.93609720 0 408.04264103 0 -265.03933574 0 -106.71182422 0 1145.82419932 0 10410
0.22350000 0.22351600 5372.51997119 0 251.59943057 0 85.68347677 0 183.17058516 0 1580.73779958 0 10363
0.22450000 0.22452800 5183.23425869 0 286.42457925 0 -20.22732281 0 260.32759963 0 1164.14597842 0 10164
0.22550000 0.22550800 5097.13271491 0 234.89936987 0 -142.06705550 0 273.79307464 0 981.82116513 0 10212
0.22650000 0.22650900 5139.91303649 0 18.32040227 0 7.29164520 0 353.15893054 0 846.44259164 0 10101
0.22750000 0.22750000 4964.27768866 0 190.30063876 0 -188.52845164 0 651.25811203 0 931.83604733 0 11028
0.22850000 0.22851800 5038.13520936 0 -26.76041881 0 -259.46117519 0 -48.30763747 0 594.59434678 0 10192
0.22950000 0.22950300 5034.38824327 0 -13.00649625 0 -262.23353671 0 220.35799435 0 939.06247958 0 10731
0.23050000 0.23049700 4891.61998388 0 -70.23319153 0 -460.74307994 0 382.26233414 0 500.70383411 0 10632
0.23150000 0.23150200 5007.57924174 0 32.14051139 0 -370.65460688 0 -110.58958992 0 667.57560848 0 11166
0.23250000 0.23250400 5027.74991750 0 -177.22461219 0 -496.34614205 0 176.03364737 0 946.12270782 0 10587
0.23350000 0.23349800 4991.32271955 0 -101.76405875 0 -466.07439312 0 -166.80293247 0 368.59721763 0 11272
0.23450000 0.23450700 5059.65321939 0 -104.33284495 0 -497.13585695 0 -46.70076925 0 864.32279914 0 11316
0.23550000 0.23551600 5119.94888642 0 -82.56257855 0 -369.99962541 0 -177.86189146 0 500.72153631 0 10881
0.23650000 0.23649900 5091.40900292 0 -26.45220381 0 -161.16281421 0 -176.35622083 0 466.66151615 0 11724
0.23750000 0.23752500 5112.47462334 0 209.09054276 0 -202.36763981 0 -243.55771357 0 948.70427895 0 11388
0.23850000 0.23851200 5079.45018200 0 386.88162541 0 -173.76973243 0 448.82654760 0 457.98350333 0 11367
0.23950000 0.23950400 5068.12077269 0 428.67849132 0 -306.34545727 0 -34.28887030 0 653.01259694 0 11530
0.24050000 0.24048000 4829.01319602 0 510.69574370 0 -242.52901894 0 227.67785489 0 697.43725640 0 11448
0.24150000 0.24148500 4837.67744046 0 528.95556510 0 -628.96022166 0 395.57439007 0 624.96247437 0 12003
0.24250000 0.24250700 4843.01760474 0 464.24319866 0 -497.16929444 0 220.14950175 0 658.49536229 0 12252
0.24350000 0.24350300 4662.25845288 0 295.02588252 0 -618.87586723 0 -43.59737655 0 622.00522317 0 11832
0.24450000 0.24449200 4551.89505777 0 295.18126852 0 -513.04030202 0 118.33922059 0 525.62460075 0 11698
0.24550000 0.24548600 4670.80468264 0 205.57960602 0 -639.05637755 0 -57.50107941 0 906.51108041 0 12675
0.24650000 0.24651100 4483.17117566 0 257.45295871 0 -230.59183404 0 41.96779050 0 502.63829141 0 12432
0.24750000 0.24751400 4429.70069096 0 199.04060928 0 -324.77148267 0 127.26604769 0 884.95471561 0 12432
0.24850000 0.24853200 4452.81189917 0 414.06925737 0 -529.53482049 0 204.35520371 0 771.10005288 0 12621
0.24950000 0.24950100 4291.69235701 0 290.36823648 0 -465.04373157 0 370.32318232 0 745.49480109 0 12300
0.25050000 0.25049300 4228.76102878 0 276.85457214 0 -673.20490873 0 263.89951062 0 624.53172078 0 12472
0.25150000 0.25150800 4197.88052079 0 174.21523784 0 -981.81723131 0 199.97292526 0 844.53665455 0 13275
0.25250000 0.25251000 4190.61278340 0 223.82565904 0 -991.02827710 0 176.07101869 0 91.18276418 0 12840
0.25350000 0.25350900 4144.76408014 0 -52.61173120 0 -956.48046292 0 5.98689456 0 550.34670934 0 12990
0.25450000 0.25450700 4210.48842246 0 61.01486816 0 -814.43405999 0 44.29297474 0 345.03755363 0 13083
0.25550000 0.25549500 4127.61261328 0 -0.43122072 0 -1050.87155453 0 -393.66255225 0 328.31782381 0 12820
0.25650000 0.25648400 4265.01120472 0 64.58835268 0 -766.38930022 0 117.80127033 0 609.29307520 0 13776
0.25750000 0.25751200 4243.94558430 0 135.62247050 0 -626.56845747 0 -447.92275184 0 514.20077971 0 13257
0.25850000 0.25849500 4117.88623672 0 114.04742005 0 -866.61621776 0 -7.95372722 0 503.91678378 0 13704
0.25950000 0.25950300 4212.31765001 0 191.94792700 0 -626.81727176 0 -203.68055313 0 895.56620228 0 13548
0.26050000 0.26051300 4143.86913548 0 138.84132091 0 -761.12879585 0 57.74389461 0 454.84824666 0 14115
0.26150000 0.26152400 4148.53071535 0 63.36109835 0 -566.55602567 0 -147.42492198 0 529.34894737 0 13756
0.26250000 0.26249300 4213.34044390 0 19.33031289 0 -611.61403058 0 112.36669431 0 564.81432568 0 13338
0.26350000 0.26348900 4247.16148434 0 75.13434120 0 -573.25532569 0 -110.84233802 0 476.26201038 0 14523
0.26450000 0.26451700 4125.74404751 0 58.96377302 0 -307.64263529 0 -135.47298524 0 250.74677451 0 14376
0.26550000 0.26550500 4237.23841665 0 231.03242218 0 -580.50339396 0 39.56983055 0 483.87592417 0 14052
0.26650000 0.26649600 4185.27261912 0 171.96312436 0 -408.70155633 0 -275.86914956 0 388.96261761 0 14002
0.26750000 0.26748700 4184.99725154 0 119.13385277 0 -332.73944050 0 -139.96442728 0 175.22131299 0 14919
0.26850000 0.26850800 4114.73917858 0 255.23920000 0 -411.13954293 0 -206.50700472 0 415.79817243 0 14652
0.26950000 0.26950800 3936.32065121 0 187.86265215 0 -388.53776476 0 -264.63906928 0 735.83923334 0 14796
0.27050000 0.27050000 4124.03283465 0 350.04727681 0 -305.54099053 0 -245.97701452 0 246.66543348 0 14307
0.27150000 0.27148600 3844.85927405 0 175.81433676 0 -488.46079450 0 25.93234914 0 390.40338016 0 15198
0.27250000 0.27249400 3863.79079566 0 194.37902941 0 -300.27261851 0 -68.77187475 0 579.22195123 0 15064
0.27350000 0.27351200 3753.25037853 0 256.93467757 0 -382.93305090 0 175.15443801 0 462.00485356 0 15399
0.27450000 0.27451800 3823.52812060 0 67.74495034 0 -549.37308823 0 -13.60266708 0 -118.83094842 0 15660
0.27550000 0.27553200 3680.11078047 0 125.27356650 0 -320.94092284 0 367.98059092 0 271.67274422 0 15030
0.27650000 0.27651700 3771.64099953 0 2.72164472 0 -547.46813460 0 78.07664386 0 220.56550350 0 15567
0.27750000 0.27752700 3751.75552591 0 11.17146632 0 -356.83410437 0 190.21212775 0 -65.14459521 0 15784
0.27850000 0.27851800 3677.85866699 0 219.81414337 0 -468.25373088 0 222.17050315 0 329.65138970 0 15468
0.27950000 0.27951500 3813.16249785 0 111.21801809 0 -360.87020644 0 268.36046553 0 362.71221890 0 15525
0.28050000 0.28048500 3704.17594067 0 220.12491536 0 -571.43789961 0 317.38769751 0 174.51715873 0 15768
0.28150000 0.28149400 3657.24543617 0 285.94465288 0 -671.88904504 0 378.85367679 0 587.51149906 0 16500
0.28250000 0.28251400 3623.44406485 0 309.37843455 0 -858.70235000 0 151.22499468 0 120.42119624 0 15931
0.28350000 0.28349600 3693.66279958 0 307.44201034 0 -658.52093214 0 -45.51757374 0 456.60371503 0 16332
0.28450000 0.28450100 3488.93683308 0 109.60416734 0 -817.64209239 0 -107.36778915 0 783.45028916 0 16434
0.28550000 0.28548700 3477.07635771 0 33.08620236 0 -834.61457031 0 -477.22481348 0 651.92096115 0 16071
0.28650000 0.28649300 3504.85898035 0 363.09183279 0 -644.02184522 0 -165.07991814 0 570.67080419 0 17016
0.28750000 0.28747900 3490.35300924 0 211.12236217 0 -490.05497613 0 -152.27827570 0 1061.59122131 0 16356
0.28850000 0.28849400 3422.04217851 0 221.67877531 0 -653.41483031 0 -313.23751459 0 847.94334499 0 17302
0.28950000 0.28949500 3366.89981918 0 169.02160846 0 -499.98197765 0 -203.10129774 0 406.64416707 0 16791
0.29050000 0.29048400 3258.16896047 0 413.51753874 0 -598.30394156 0 -157.21915698 0 521.48621930 0 17004
0.29150000 0.29148000 3252.41574481 0 278.49300928 0 -745.23221843 0 -93.81370478 0 248.82903595 0 17136
0.29250000 0.29250200 3234.26115317 0 299.51240728 0 -218.30453892 0 -527.51480255 0 271.94712835 0 17991
0.29350000 0.29351500 3215.36896978 0 158.54387177 0 -627.83809874 0 -427.99597309 0 -93.30565158 0 17326
0.29450000 0.29448900 3106.43158539 0 378.76713269 0 -360.70105206 0 -445.12777083 0 174.14934631 0 17052
0.29550000 0.29551000 3079.98646246 0 285.12740122 0 -344.21538469 0 -447.06812887 0 193.12315653 0 18543
0.29650000 0.29651000 3087.63774756 0 210.70537697 0 -48.88246731 0 -377.40996387 0 219.51615630 0 17352
0.29750000 0.29750200 2956.88731644 0 231.76903047 0 -316.36588707 0 -296.74496303 0 412.68848561 0 17838
0.29850000 0.29849900 2938.45735722 0 120.57461532 0 -85.26590149 0 -60.15581964 0 367.66785202 0 18099
0.29950000 0.29949900 2935.25129174 0 114.25689611 0 70.23043785 0 45.27220155 0 605.76837008 0 18256
0.30050000 0.30050400 2967.04641350 0 122.76575455 0 -241.77864227 0 165.19793282 0 537.26576550 0 18444
0.30150000 0.30149900 2857.11573888 0 7.34216531 0 107.69626334 0 465.68396121 0 673.95626886 0 17871
0.30250000 0.30250400 2996.66809823 0 -136.82622024 0 -155.74003966 0 413.66505709 0 646.80994204 0 19314
0.30350000 0.30349600 2897.41775217 0 -37.49601758 0 -171.55597372 0 675.68518392 0 421.78840091 0 17868
0.30450000 0.30449400 2913.98898018 0 -117.60359574 0 -367.17317382 0 697.30645679 0 771.15020911 0 19027
0.30550000 0.30549300 3119.57055312 0 -145.96350686 0 -73.04233430 0 633.93060661 0 431.13909740 0 19164
0.30650000 0.30651200 3033.63619681 0 -148.28347878 0 -403.94753163 0 586.13957840 0 453.57762194 0 19170
0.30750000 0.30750600 3137.82349032 0 -210.93157177 0 -240.89844944 0 376.15114061 0 493.13122547 0 18879
0.30850000 0.30850000 3000.61175546 0 -22.33890047 0 -131.22052293 0 528.71756883 0 488.46669523 0 19320
0.30950000 0.30948700 3202.59388065 0 86.70882765 0 -213.34398852 0 127.20408998 0 646.84632990 0 19152
0.31050000 0.31048300 3239.65049024 0 118.86536937 0 -131.89714043 0 80.81655136 0 574.52693387 0 19204
0.31150000 0.31148200 3003.24741665 0 280.77364298 0 -382.43148851 0 224.09020861 0 1003.20345828 0 20025
0.31250000 0.31249200 3118.83296137 0 333.95597516 0 -94.83964573 0 31.39859244 0 867.54263300 0 20184
0.31350000 0.31350400 3012.24603602 0 343.25159814 0 -506.00662708 0 -28.32991571 0 1296.30275115 0 19596
0.31450000 0.31450300 2983.24392836 0 191.08051910 0 -529.47286278 0 -120.00421103 0 967.57482632 0 20451
0.31550000 0.31550600 2839.47254419 0 210.44672813 0 -472.46095423 0 93.77357979 0 1095.62862200 0 19918
0.31650000 0.31650200 2979.16258733 0 142.81054798 0 -475.01007132 0 -61.90656742 0 1264.89117709 0 20532
0.31750000 0.31751700 2906.66223545 0 -46.28427578 0 -692.53177952 0 -223.22870145 0 855.73821461 0 20355
0.31850000 0.31850300 2942.65671292 0 -89.84732972 0 -330.83940415 0 -43.27106596 0 856.41778248 0 20652
0.31950000 0.31950500 3005.80440139 0 -133.18055008 0 -437.98198195 0 -40.09253724 0 795.67562657 0 20334
0.32050000 0.32050400 2974.33382000 0 -42.60979036 0 -405.29093207 0 -248.76412788 0 638.60595485 0 20955
0.32150000 0.32150700 3036.54722559 0 -123.77871389 0 -140.72758888 0 -203.36978114 0 595.85218658 0 21268
0.32250000 0.32250700 3068.79473696 0 -27.58357121 0 -278.89032537 0 -68.88418539 0 964.47202369 0 20736
0.32350000 0.32350300 3026.24061018 0 78.95801683 0 -214.05502697 0 -275.95864402 0 843.92494512 0 21267
0.32450000 0.32451800 3037.94373264 0 115.44982783 0 -86.00329655 0 -7.36463728 0 954.38865272 0 21714
0.32550000 0.32549900 2941.48640067 0 146.06185242 0 -169.08356617 0 143.18131077 0 977.91094539 0 20784
0.32650000 0.32650200 3089.76201181 0 191.20640143 0 -211.79111202 0 93.15537956 0 1082.99121666 0 21907
0.32750000 0.32750400 2790.87999961 0 171.04556022 0 -431.91111010 0 151.99602393 0 780.60613537 0 21876
0.32850000 0.32850800 2959.45413574 0 162.63603080 0 -382.26036723 0 139.20618296 0 681.81309619 0 21786
0.32950000 0.32950000 2950.25882524 0 83.61448273 0 -387.75395059 0 -14.95590208 0 748.57498425 0 21687
0.33050000 0.33049000 2806.25141171 0 -28.16626869 0 -460.32904510 0 -52.36862096 0 368.97388115 0 21936
0.33150000 0.33148400 2954.65487207 0 -15.13843145 0 -232.65217366 0 -177.78223155 0 751.52731816 0 22432
0.33250000 0.33248700 2908.44229021 0 160.59536029 0 -240.93188694 0 -144.23360834 0 715.04012941 0 22296
0.33350000 0.33349900 2883.36417067 0 169.95884171 0 -73.70282312 0 -43.04565792 0 557.46692838 0 22905
0.33450000 0.33450000 2918.96526587 0 252.93889719 0 -132.55310536 0 77.43867617 0 732.64496933 0 22848
0.33550000 0.33550500 2720.80878323 0 354.37448175 0 -461.64195842 0 84.07444495 0 910.01906678 0 22368
0.33650000 0.33649000 2768.14250455 0 321.64704401 0 -383.55361143 0 67.03273174 0 615.97368956 0 23019
0.33750000 0.33750800 2628.81634000 0 410.57012210 0 -501.68532287 0 191.95186082 0 331.76581939 0 23686
0.33850000 0.33849900 2697.18617807 0 164.58228957 0 -599.99351840 0 -45.83159113 0 735.07410483 0 22368
0.33950000 0.33947500 2571.35302530 0 85.58591797 0 -637.89885023 0 -191.46800064 0 525.26367252 0 22731
0.34050000 0.34048500 2649.79344941 0 70.34638727 0 -500.61237274 0 -60.57988572 0 597.59093620 0 25020
0.34150000 0.34151400 2567.55688641 0 76.60913132 0 -397.75962856 0 -218.91133106 0 632.49476133 0 23304
0.34250000 0.34250000 2667.10226918 0 48.78353167 0 -366.08153803 0 -187.18406774 0 789.01369788 0 23077
0.34350000 0.34348500 2617.70329095 0 125.37682935 0 -332.09822740 0 40.18970266 0 680.28578954 0 24516
0.34450000 0.34450500 2505.39265361 0 219.30569679 0 -309.69805764 0 67.44902853 0 702.44206229 0 24072
0.34550000 0.34550000 2527.27454223 0 248.51924742 0 -443.50113516 0 52.46696653 0 610.90790941 0 23883
0.34650000 0.34649400 2448.89312546 0 230.59970168 0 -553.94419018 0 319.99680540 0 516.13031973 0 24294
0.34750000 0.34750000 2468.10001466 0 270.87614513 0 -559.38860076 0 157.93019543 0 459.19905454 0 25296
0.34850000 0.34853300 2349.13138245 0 102.76816699 0 -605.03569561 0 195.02811016 0 514.10931833 0 24595
0.34950000 0.34951100 2391.95104226 0 121.50594784 0 -757.14875076 0 201.17864191 0 624.56319136 0 24360
0.35050000 0.35049100 2345.38441635 0 124.78872286 0 -612.08903967 0 274.14318486 0 462.69818981 0 24318
0.35150000 0.35150800 2283.67257316 0 52.57258967 0 -700.40925943 0 195.44312845 0 591.22896148 0 25923
0.35250000 0.35249700 2346.20068456 0 40.95355267 0 -751.89021330 0 369.48331118 0 456.08740080 0 24096
0.35350000 0.35348600 2288.69803162 0 15.77993958 0 -751.19195978 0 74.38484963 0 433.31450134 0 25912
0.35450000 0.35448900 2279.26669176 0 6.35861130 0 -854.91506222 0 278.86377207 0 485.89889248 0 25047
0.35550000 0.35550300 2335.27449208 0 73.56110716 0 -749.95968983 0 99.53358129 0 362.58535312 0 26226
0.35650000 0.35649300 2340.49664168 0 -52.91483224 0 -717.90886959 0 27.22362643 0 423.64713212 0 25308
0.35750000 0.35748600 2249.22212109 0 29.82889884 0 -804.97026610 0 -37.94270314 0 536.37475466 0 25512
0.35850000 0.35848400 2299.72256967 0 166.06239035 0 -798.25326388 0 98.16205402 0 505.98499105 0 26475
0.35950000 0.35950700 2376.30426257 0 44.01898399 0 -795.91854012 0 -66.95385860 0 717.31092855 0 26914
0.36050000 0.36050300 2283.92827163 0 116.10480931 0 -706.37391806 0 -53.28844705 0 627.03953274 0 25584
0.36150000 0.36150300 2253.51982236 0 151.97930518 0 -797.98576394 0 19.99719418 0 541.75720754 0 26883
0.36250000 0.36251200 2294.69711120 0 36.02968518 0 -963.85736389 0 2.67758591 0 727.97552181 0 26940
0.36350000 0.36349400 2382.93275378 0 62.23710687 0 -737.91235789 0 -202.96066358 0 1027.28828760 0 25776
0.36450000 0.36450100 2180.06551849 0 28.18082383 0 -793.71559943 0 -6.31569330 0 641.73432734 0 27637
0.36550000 0.36550600 2415.08191958 0 -53.15056656 0 -744.30186937 0 -84.49467556 0 917.74411105 0 27156
0.36650000 0.36650800 2359.95922936 0 25.34050552 0 -582.25886233 0 -72.77807976 0 841.21552476 0 26904
0.36750000 0.36749900 2373.87512707 0 -93.68339690 0 -522.08809417 0 -53.65783300 0 967.67907262 0 27483
0.36850000 0.36850400 2395.83569215 0 35.61840402 0 -483.42746838 0 -88.15126208 0 762.64528449 0 27462
0.36950000 0.36950600 2480.16701572 0 100.61538253 0 -412.28330187 0 21.72876458 0 781.63581345 0 28164
0.37050000 0.37049800 2370.76740716 0 6.30801251 0 -286.08135322 0 -31.01317616 0 829.43569276 0 26395
0.37150000 0.37149000 2427.41445366 0 239.62487435 0 -353.21400406 0 -94.95392328 0 735.58156795 0 29184
0.37250000 0.37250200 2416.66528320 0 260.37185513 0 -355.61756971 0 22.64505022 0 856.07258954 0 27852
0.37350000 0.37350300 2368.64314291 0 206.84334656 0 -307.95537420 0 -243.53017681 0 820.10466538 0 27993
0.37450000 0.37448900 2278.55860368 0 317.12708176 0 -392.38012606 0 -52.38327445 0 915.33661158 0 28488
0.37550000 0.37550300 2344.89268852 0 177.00628503 0 -348.68814107 0 -129.47095530 0 1091.02604947 0 29020
0.37650000 0.37648300 2229.57267684 0 233.44090511 0 -429.03253536 0 -155.15980081 0 1033.43488552 0 27363
0.37750000 0.37749000 2222.87534374 0 215.96096406 0 -387.99489723 0 -68.37849248 0 1151.58724953 0 30114
0.37850000 0.37850400 2194.62066238 0 104.34858025 0 -348.65667049 0 -229.00060277 0 1019.20428200 0 29316
0.37950000 0.37951900 2228.90392698 0 106.30270666 0 -404.25240288 0 -13.36978478 0 959.91173975 0 29208
0.38050000 0.38051400 2158.10495341 0 -27.87064192 0 -183.10862745 0 -170.21454018 0 913.73849612 0 29059
0.38150000 0.38148600 2134.78721951 0 82.00004191 0 -331.78647195 0 -160.51668384 0 1007.33397208 0 28620
0.38250000 0.38249900 2289.34711237 0 -6.81202370 0 -185.91147611 0 -15.30335697 0 767.14459418 0 30894
0.38350000 0.38351300 2163.73031983 0 -33.69732172 0 133.37625776 0 -230.53381015 0 736.72827726 0 29235
0.38450000 0.38450400 2184.83527848 0 94.59348678 0 -216.07406146 0 -40.53509229 0 771.93894056 0 30192
0.38550000 0.38549600 2132.61378248 0 128.46586360 0 73.23233793 0 -187.72201799 0 789.26349562 0 29784
0.38650000 0.38651300 2225.67819239 0 210.65227036 0 91.97375757 0 -100.81600748 0 464.59527579 0 30769
0.38750000 0.38751300 2087.19779972 0 208.54177450 0 -32.79942669 0 -14.03135540 0 1062.70252622 0 30624
0.38850000 0.38851700 2048.70534485 0 208.48768443 0 -93.89474153 0 -146.51030821 0 681.09419010 0 30468
0.38950000 0.38950800 2082.78208376 0 275.63016983 0 14.87260338 0 47.00308353 0 970.30391580 0 30195
0.39050000 0.39050100 1996.77888556 0 162.87992781 0 -183.40956489 0 50.80099263 0 943.07202834 0 31146
0.39150000 0.39149700 2010.42925024 0 170.33648869 0 -219.32339899 0 165.21661848 0 890.31651592 0 30676
0.39250000 0.39248000 1985.20361234 0 8.00894826 0 -207.48947693 0 169.51530320 0 750.14949677 0 30315
0.39350000 0.39348300 2011.18651110 0 43.73319177 0 -328.59614177 0 136.30203837 0 783.79744901 0 32256
0.39450000 0.39447800 1980.71905449 0 35.00403926 0 -306.96208397 0 190.16098805 0 701.44582170 0 30972
0.39550000 0.39548100 2085.53575964 0 36.55199848 0 -257.86699355 0 119.46626078 0 564.77400400 0 31881
0.39650000 0.39648800 1997.24110972 0 87.85012795 0 -270.44244118 0 219.88101835 0 628.58749196 0 32412
0.39750000 0.39750300 2033.20608352 0 79.64741926 0 -350.66685388 0 60.24511741 0 621.15650093 0 32176
0.39850000 0.39848700 1950.15325232 0 178.15594471 0 -495.58003008 0 111.94872565 0 402.51070290 0 31287
0.39950000 0.39949800 1954.79516307 0 200.12634434 0 -420.07718805 0 122.52382445 0 505.53161799 0 33654
