### header ###
fiducial parameters:
Omega_m = 0.31
Omega_nu = 0
Omega_de = 0.69
Omega_k = 0
H_0 = 100
w_de = -1
zeff = 0
beta = 0
fgrowth = 0
b_1 = 2
gamma = 0.55
Lx = 5400 Ly = 5400 Lz = 5400
nx = 1040 ny = 1040 nz = 1040
xoffset = 2577.10526 yoffset = 45.1611718 zoffset = 888.139362
bins = 400 dk = 0.001
kx_ny = 0.605047474 ky_ny = 0.605047474 kz_ny = 0.605047474
############################
A(data) = 1.79523344 (not used)
A(ran) = 1.79524798 (used)
Ngal = 125499
weighted Ngal = 0
Nran = 7169801
weighted Nran = 0
SN(data) = 70183.6378
SN(ran) = 1234.20216
SN(data+ran) = 71417.84
############################
13 columns: k_central k_mean P_0(k) sigma^{lin}_{P_0(k)} P^img_1(k) sigma^{lin}_{P_1(k)} P_2(k) sigma^{lin}_{P_2(k)} P^img_3(k) sigma^{lin}_{P_3(k)} P_4(k) sigma^{lin}_{P_4(k)} N_modes
### header ###
0.00050000 0 0 0 0 0 0 0 0 0 0 0 0
0.00150000 0.00148486 -13769.30290367 0 9265.95370575 0 8197.96579772 0 -31687.18106230 0 67921.41455150 0 9
0.00250000 0.00259566 65029.66928045 0 -20979.66709981 0 -20133.23740235 0 -359.77942243 0 -43113.31339221 0 31
0.00350000 0.00361263 74937.55455560 0 25001.65676546 0 -15501.83172624 0 -79369.49878379 0 -25942.13420709 0 45
0.00450000 0.00457543 44616.96298905 0 890.98537342 0 40316.61874411 0 -35147.55860641 0 -103962.42672746 0 85
0.00550000 0.00557741 60302.21010260 0 -5917.33028797 0 33747.87411064 0 24426.67292674 0 -140984.70008244 0 123
0.00650000 0.00655581 55756.82914035 0 -2960.07474584 0 -31739.21932832 0 23900.60728670 0 -40891.26828990 0 169
0.00750000 0.00752137 55709.80526827 0 3643.04634388 0 -37701.89088063 0 -10673.32693890 0 9265.92027646 0 216
0.00850000 0.00851584 44136.69548035 0 9000.01253725 0 9455.73180183 0 -34333.44389213 0 2193.51877233 0 289
0.00950000 0.00948140 31978.57306584 0 1322.00596205 0 44240.99487435 0 7536.86810037 0 3187.00392947 0 333
0.01050000 0.01050660 36261.53407844 0 -2394.28396268 0 16271.37404992 0 25315.55782625 0 746.47165431 0 487
0.01150000 0.01154220 31908.03725772 0 852.63974578 0 -18047.47238429 0 185.49580364 0 11270.24039380 0 525
0.01250000 0.01248550 28075.36882113 0 2175.05465952 0 -25604.83264124 0 -6730.54241134 0 -5433.37441395 0 559
0.01350000 0.01342470 20916.04001223 0 242.75906816 0 -8596.13096294 0 5416.12489879 0 13689.18403157 0 705
0.01450000 0.01448960 32250.46464849 0 -842.58755740 0 -1019.58117753 0 -8124.45478253 0 4831.33513414 0 946
0.01550000 0.01555860 35372.76060991 0 -3987.45720604 0 622.57266585 0 -5646.16300667 0 -11040.51429265 0 987
0.01650000 0.01655560 43565.94601874 0 2326.17734985 0 13332.49347581 0 -4963.73742041 0 -27867.55004997 0 1057
0.01750000 0.01752570 42915.74627089 0 -2283.08699123 0 3453.81425960 0 11359.38517499 0 -14495.72143945 0 1191
0.01850000 0.01852320 41163.15987256 0 804.39124727 0 9039.92711303 0 1313.00233915 0 8796.91843949 0 1381
0.01950000 0.01951080 36275.12865758 0 1696.35832759 0 14571.71736542 0 -47.31570981 0 24108.20319592 0 1485
0.02050000 0.02049650 39564.90537667 0 -3436.57588753 0 14543.30246642 0 5219.68323032 0 25477.02131119 0 1663
0.02150000 0.02150070 45522.67396601 0 1379.28148397 0 9331.37483206 0 -6427.81787750 0 6176.88646152 0 1890
0.02250000 0.02252230 38406.02322111 0 2231.75074036 0 10222.13177197 0 -3983.57940805 0 -10802.29715110 0 2035
0.02350000 0.02352050 33033.37868935 0 1467.71310692 0 17966.12777145 0 -4804.37998092 0 -18572.64657652 0 2181
0.02450000 0.02453000 34159.61156880 0 39.42416805 0 17955.09610478 0 435.16136372 0 -19035.08512898 0 2485
0.02550000 0.02552760 35915.31803447 0 -1320.17849404 0 17195.47113800 0 4642.87192359 0 -14571.04877956 0 2499
0.02650000 0.02650470 33525.34645058 0 1692.71453466 0 7179.89896716 0 4181.99340480 0 -13709.01874539 0 2773
0.02750000 0.02749480 33540.27820143 0 50.56849144 0 7504.20768116 0 3897.48783561 0 -683.65689855 0 2985
0.02850000 0.02850660 35582.91943158 0 -1403.97458836 0 12107.75561314 0 -4996.92156521 0 12258.96744825 0 3352
0.02950000 0.02950760 36964.32924720 0 1494.33396720 0 21780.18723496 0 -6501.37346508 0 3327.93068545 0 3369
0.03050000 0.03049280 34203.51537354 0 -171.09000700 0 19925.30720020 0 9261.18445996 0 -5471.20523047 0 3703
0.03150000 0.03150810 35369.52911159 0 -833.65970756 0 3495.90173942 0 8954.98327965 0 4497.79993529 0 4077
0.03250000 0.03251700 34155.82291560 0 1026.94787939 0 2008.77735639 0 -4138.93647548 0 7661.86022670 0 4153
0.03350000 0.03350090 32424.29697182 0 373.10991015 0 5864.40057414 0 97.45764347 0 3548.68659298 0 4419
0.03450000 0.03448760 29247.62269387 0 107.72890516 0 7333.93000597 0 -4094.08550744 0 -2020.36617795 0 4693
0.03550000 0.03549320 31909.59729139 0 79.07420670 0 5689.97766663 0 721.54120194 0 -4536.44419794 0 5148
0.03650000 0.03650720 31346.42513618 0 1086.75177016 0 6414.46844651 0 364.68015678 0 -340.27788724 0 5293
0.03750000 0.03750180 27861.97850114 0 386.92289400 0 8450.11181134 0 46.71075104 0 147.88116322 0 5577
0.03850000 0.03849970 26669.66705263 0 449.19943814 0 9211.21881010 0 1060.20779725 0 3605.61667888 0 5923
0.03950000 0.03950830 26610.38577314 0 14.84416610 0 1955.39077555 0 423.33073695 0 -727.96074049 0 6333
0.04050000 0.04051030 24171.16169764 0 1183.96526837 0 4472.38252955 0 -2010.77197087 0 776.10115096 0 6451
0.04150000 0.04150210 22468.16208385 0 1186.13817241 0 12076.33207777 0 -4416.86761706 0 -3707.19715705 0 6849
0.04250000 0.04250190 24006.24385242 0 -834.99687928 0 16459.35810727 0 4689.33864079 0 -1928.05675702 0 7246
0.04350000 0.04350800 22395.73194912 0 801.28343734 0 9131.83538244 0 -843.31631598 0 -327.39535204 0 7599
0.04450000 0.04450930 19716.93127416 0 1971.93827556 0 13277.78086635 0 -3828.46748877 0 -6051.45975438 0 7861
0.04550000 0.04550660 19104.39519636 0 -1210.05125997 0 16787.85662598 0 595.86600372 0 -10497.52228728 0 8247
0.04650000 0.04650090 22317.95312753 0 -1160.18589798 0 15096.66869570 0 3926.10331038 0 -7124.58463043 0 8521
0.04750000 0.04750440 22372.55430601 0 -359.90422513 0 10848.08413934 0 1105.64154930 0 -920.99484970 0 9177
0.04850000 0.04851220 23585.14619224 0 867.73195724 0 11357.04512449 0 169.44194286 0 -960.62193356 0 9391
0.04950000 0.04950830 21881.36656162 0 1566.88667600 0 13399.79778561 0 -2175.65638679 0 -3124.81430149 0 9690
0.05050000 0.05049670 17830.85056598 0 469.72948125 0 15254.12066549 0 2946.45788051 0 2372.97835997 0 10015
0.05150000 0.05149990 16553.85157534 0 193.67818025 0 10934.16456868 0 210.55105871 0 1795.06388657 0 10773
0.05250000 0.05250540 17330.63691249 0 -504.25414070 0 6350.18391617 0 539.13092203 0 592.94428351 0 10957
0.05350000 0.05350450 17689.11036388 0 -1.39731102 0 7469.35207171 0 -162.94885986 0 -2472.88737350 0 11415
0.05450000 0.05450610 17307.79356231 0 64.32665125 0 6435.02746168 0 636.74557175 0 1044.63754691 0 11905
0.05550000 0.05550860 18380.31671108 0 -284.83317626 0 4288.54370453 0 1129.84324308 0 1643.81862217 0 12249
0.05650000 0.05649570 18155.67186247 0 542.76022894 0 5356.11931795 0 -1665.42508852 0 -3057.73285364 0 12508
0.05750000 0.05749920 18622.56765399 0 -759.56033681 0 8772.38133846 0 -2395.42055864 0 -5226.72566804 0 13473
0.05850000 0.05851000 20619.41075280 0 90.90405345 0 9998.55666073 0 281.73428080 0 -5007.10635646 0 13675
0.05950000 0.05950700 19900.12379952 0 395.61339585 0 8343.55036852 0 1834.98960545 0 -4381.76685946 0 13989
0.06050000 0.06050070 18877.18743528 0 -256.49293601 0 3705.68169577 0 916.12308740 0 -3688.23160485 0 14533
0.06150000 0.06150260 18606.85588630 0 265.69156312 0 6303.81748685 0 212.29718211 0 -821.63073365 0 15243
0.06250000 0.06250250 18308.22086929 0 507.38423683 0 7546.48459364 0 458.48163848 0 3347.18595819 0 15445
0.06350000 0.06349130 18125.69692979 0 74.21303035 0 8918.24448670 0 -505.06647252 0 105.27374646 0 15867
0.06450000 0.06448150 17908.74081855 0 503.82067420 0 9594.05107295 0 -1007.69037803 0 226.07116512 0 16474
0.06550000 0.06548490 15885.15428538 0 549.96424157 0 9869.76473809 0 1178.96201752 0 1833.30699771 0 17265
0.06650000 0.06649590 15935.07536285 0 7.59515764 0 11095.52776575 0 319.30212022 0 2747.01871878 0 17899
0.06750000 0.06750260 15526.45797204 0 -129.81820193 0 9666.26948882 0 866.07275000 0 5022.01582112 0 18141
0.06850000 0.06850270 17273.58425253 0 -1187.11876500 0 8101.95686837 0 2601.14442745 0 6220.05482182 0 18763
0.06950000 0.06950630 18788.04265408 0 488.61814608 0 8873.91724425 0 -1066.83682604 0 9660.46393494 0 19305
0.07050000 0.07050240 18285.82324302 0 50.57105436 0 8522.27451172 0 -643.04699347 0 8729.92613642 0 19705
0.07150000 0.07150630 16934.94551495 0 1014.42303763 0 12215.28650546 0 -2999.76645967 0 2437.80890210 0 20688
0.07250000 0.07250760 16837.10911759 0 139.31434974 0 14962.84009292 0 -822.32606294 0 -2559.48038534 0 20725
0.07350000 0.07349860 15718.23068259 0 -55.10306360 0 11715.85286880 0 1691.39964914 0 -3379.90209289 0 21339
0.07450000 0.07450070 15102.01738257 0 186.95332082 0 8211.51580447 0 1907.07430415 0 -3861.29505445 0 22453
0.07550000 0.07551100 15307.49610323 0 -600.90379816 0 4992.23032110 0 2554.30998803 0 -2105.29886823 0 22893
0.07650000 0.07651070 13615.41672513 0 1028.62380127 0 1802.26232765 0 415.28987768 0 -964.87302531 0 23239
0.07750000 0.07749940 11432.81818850 0 778.99278480 0 2930.25581653 0 -984.83031320 0 -1845.28582768 0 23505
0.07850000 0.07848810 12478.93219585 0 -387.00535292 0 4540.06570468 0 -1213.27161519 0 -2816.27307067 0 24490
0.07950000 0.07949710 13596.13916620 0 -773.71875668 0 4766.87231424 0 -25.10740476 0 -1114.69977338 0 25683
0.08050000 0.08050730 14926.73645654 0 105.00230060 0 4947.22334969 0 1307.35278864 0 -546.51768146 0 25945
0.08150000 0.08151100 14883.38980668 0 20.92774026 0 4440.16783425 0 1078.80228430 0 3266.69936386 0 26571
0.08250000 0.08250450 14916.59623768 0 648.83471839 0 6398.83468051 0 -2385.93778254 0 3828.23348372 0 26737
0.08350000 0.08350140 13666.45211237 0 236.82314004 0 10120.82987124 0 -258.56332355 0 4147.02636438 0 27993
0.08450000 0.08450110 13605.16507530 0 -104.06628040 0 7806.09648268 0 1665.84852623 0 4635.27233099 0 28339
0.08550000 0.08549790 12109.53850876 0 145.03187315 0 5706.13515822 0 865.28493300 0 5304.98364283 0 29178
0.08650000 0.08650510 11138.85212941 0 785.77224541 0 5455.14802676 0 -886.38995995 0 2760.41272215 0 30199
0.08750000 0.08750200 10103.33520793 0 207.38084743 0 4296.78959679 0 1244.24942665 0 2049.89538672 0 29973
0.08850000 0.08850430 9987.40241998 0 258.71932692 0 4779.38601290 0 -660.45251200 0 2172.16859723 0 31921
0.08950000 0.08951140 10038.97267590 0 25.05614651 0 6793.35605279 0 -402.67811976 0 4814.26390854 0 31767
0.09050000 0.09050870 11238.37113452 0 -120.82683643 0 7692.03573514 0 -238.94144290 0 4278.89378196 0 32713
0.09150000 0.09150250 10394.70492527 0 25.52393375 0 9203.94236733 0 -706.38101758 0 2256.55527573 0 32943
0.09250000 0.09249370 10252.07327536 0 276.78340252 0 6964.72575155 0 353.63177546 0 1000.56325277 0 33970
0.09350000 0.09349550 9524.61843150 0 253.62135974 0 6754.41092651 0 318.80736668 0 531.87453684 0 35133
0.09450000 0.09450660 9943.38718427 0 -393.57643760 0 3481.25970911 0 1449.30470960 0 -2245.90247438 0 36139
0.09550000 0.09550880 9534.07892140 0 452.52342417 0 3014.09648324 0 -1070.03600938 0 -3870.95612011 0 36033
0.09650000 0.09650140 9157.14135721 0 -515.33372269 0 2608.37629782 0 283.39683097 0 -3996.32711176 0 36907
0.09750000 0.09749680 10138.63654128 0 112.91746572 0 4062.19396197 0 -775.50945247 0 -4057.51386096 0 37797
0.09850000 0.09849610 9384.13739943 0 379.23749955 0 5513.18127932 0 20.71568712 0 -1819.86842194 0 38821
0.09950000 0.09950100 9515.26937257 0 -328.14193959 0 4125.84333575 0 1214.56421451 0 -2949.00964987 0 39828
0.10050000 0.10050500 9295.61663170 0 486.08420567 0 3088.38751527 0 -1112.54246967 0 -2732.30982988 0 40201
0.10150000 0.10149400 9069.90204571 0 -3.18154381 0 3302.51327971 0 594.22016819 0 -3664.70852571 0 40239
0.10250000 0.10249400 8713.37863641 0 198.41511106 0 3963.23211175 0 310.83559463 0 -3975.25551411 0 42685
0.10350000 0.10350700 8443.20309080 0 169.75840683 0 3536.64090442 0 -338.20415676 0 -3086.34832840 0 43077
0.10450000 0.10450500 8081.10813267 0 -13.10183135 0 3612.75940447 0 664.12973423 0 -1880.28629740 0 43099
0.10550000 0.10550300 8647.33349664 0 -189.02705129 0 1890.91681255 0 1097.88149610 0 382.02438827 0 44685
0.10650000 0.10650100 9157.23050199 0 -54.16124899 0 -21.40856493 0 -111.17891963 0 378.53325578 0 44734
0.10750000 0.10750000 8676.18297645 0 568.71473198 0 1980.03930756 0 -1962.09892034 0 -3536.67433372 0 46527
0.10850000 0.10850800 7734.17893045 0 -44.36134033 0 2662.85490223 0 329.53482679 0 -3832.16699719 0 47245
0.10950000 0.10950600 7704.00342201 0 290.96856583 0 1167.50691314 0 294.52767122 0 -5095.77198446 0 47415
0.11050000 0.11050100 7018.30176505 0 188.38075163 0 1884.75467955 0 -124.46617213 0 -3840.70260999 0 48601
0.11150000 0.11149700 7121.87685770 0 270.53435336 0 2313.21792728 0 -105.63812575 0 -3146.24247827 0 49293
0.11250000 0.11249500 6937.48087779 0 -228.35550013 0 2493.88096947 0 -18.47124439 0 -3128.69209947 0 50539
0.11350000 0.11349300 6939.77635591 0 165.25436676 0 3538.15636571 0 -243.50788432 0 -2184.09171171 0 51294
0.11450000 0.11449500 6901.23238114 0 49.40270057 0 3464.24419900 0 880.07739513 0 -656.70843119 0 52471
0.11550000 0.11549700 7096.45945196 0 -192.26746409 0 1522.51486116 0 418.40214486 0 -403.62082583 0 53133
0.11650000 0.11650000 7654.73978730 0 -503.91539053 0 1261.32065225 0 270.83633130 0 -1952.10356175 0 54601
0.11750000 0.11750300 8104.74264279 0 556.89970554 0 149.02667366 0 -415.04250092 0 -1486.97952276 0 54891
0.11850000 0.11850500 6955.55498218 0 798.51549188 0 2453.81039032 0 -983.53325664 0 -2150.59556018 0 56497
0.11950000 0.11950600 6081.35668537 0 -81.26337966 0 3594.81901725 0 -540.85364493 0 -2483.55131795 0 56559
0.12050000 0.12050300 6008.83740587 0 -191.45624658 0 4272.93222472 0 236.96354307 0 -2338.63533302 0 57970
0.12150000 0.12150000 7041.71341321 0 200.51335635 0 4472.68339319 0 197.95044389 0 -513.35136562 0 58533
0.12250000 0.12250200 6636.26066213 0 115.44249165 0 4179.85393005 0 558.08644544 0 833.99957204 0 60403
0.12350000 0.12350600 6499.67971424 0 -131.39717886 0 3619.91327316 0 835.61866412 0 1551.75434939 0 60777
0.12450000 0.12450500 6583.68752742 0 -197.73426779 0 2687.25828608 0 92.57718957 0 739.82368225 0 61735
0.12550000 0.12550700 7016.35172296 0 87.49749707 0 2356.67600811 0 -115.68095394 0 -487.57515214 0 63141
0.12650000 0.12650600 6279.88211310 0 220.92305400 0 2567.63713281 0 -634.82004448 0 -1325.11488630 0 63421
0.12750000 0.12750000 7559.81173843 0 -172.05945650 0 1698.16350941 0 0.12074995 0 -2716.54234671 0 64551
0.12850000 0.12849700 7969.97801981 0 119.61446741 0 1904.86797081 0 6.39372000 0 -3353.42609287 0 65806
0.12950000 0.12949700 7022.23527852 0 267.33405571 0 770.99426931 0 -370.89466234 0 -4076.39026838 0 66741
0.13050000 0.13049900 7136.30716916 0 -266.66881278 0 1509.94544701 0 178.10012973 0 -4632.28598082 0 68335
0.13150000 0.13150500 6960.43565895 0 87.37224865 0 1784.06564919 0 230.20971158 0 -3394.49955081 0 69453
0.13250000 0.13250500 7214.06370456 0 -27.77717953 0 1462.62071129 0 268.73585740 0 -2004.55412238 0 69651
0.13350000 0.13350400 7471.88155487 0 323.53984026 0 1410.28158163 0 52.09888447 0 -804.13049879 0 71257
0.13450000 0.13450200 6103.57602209 0 489.10175651 0 3378.15262655 0 -6.74724591 0 668.28610965 0 71637
0.13550000 0.13550200 5840.30919702 0 -320.07210827 0 3101.98209441 0 617.98282393 0 1765.51239160 0 73816
0.13650000 0.13650500 6664.92070928 0 -147.70287366 0 2796.21549490 0 -362.74460072 0 2158.61859049 0 74169
0.13750000 0.13750400 7485.21984276 0 -65.74817622 0 2718.25838374 0 232.91302707 0 2003.33952474 0 75427
0.13850000 0.13850300 7131.17020114 0 385.73392548 0 3304.10674267 0 -8.52965124 0 2848.24261783 0 76305
0.13950000 0.13950300 6303.97349022 0 325.80188908 0 2669.39590055 0 -28.16963943 0 1952.04784626 0 77761
0.14050000 0.14050000 6354.54086735 0 -131.23448964 0 2535.43358061 0 582.25248132 0 1752.36353638 0 78219
0.14150000 0.14149600 6937.49202089 0 -130.35307061 0 2294.36380606 0 180.29531997 0 1816.24691520 0 79765
0.14250000 0.14249400 6829.28139962 0 253.63361715 0 2881.10361280 0 -1036.32256744 0 1067.48646864 0 80928
0.14350000 0.14349900 6266.05352892 0 505.76960198 0 3534.64628995 0 -606.66255103 0 339.53909986 0 82669
0.14450000 0.14450000 6058.06761129 0 -125.28407549 0 2976.24338053 0 1170.97241651 0 -129.10504368 0 83085
0.14550000 0.14549900 6280.60641445 0 -180.17274590 0 1608.78472316 0 829.93234139 0 1925.87270988 0 84427
0.14650000 0.14650100 6189.68988072 0 -85.05437291 0 456.93831946 0 485.78445634 0 1952.72757522 0 86085
0.14750000 0.14750200 6047.12508939 0 57.80270187 0 354.71377024 0 -664.62225914 0 1019.93887097 0 86287
0.14850000 0.14850200 6017.84102877 0 247.66314543 0 772.33701257 0 -925.89112680 0 41.33498644 0 88473
0.14950000 0.14950600 5671.40212284 0 497.80897302 0 1939.48957521 0 27.00440571 0 154.29513022 0 89542
0.15050000 0.15050600 5088.40639691 0 -56.82054924 0 1664.15477538 0 644.21256149 0 866.61207593 0 89919
0.15150000 0.15150200 5232.78751316 0 21.95635961 0 1521.35597900 0 374.78806066 0 1103.68927859 0 91105
0.15250000 0.15249900 5483.10605876 0 25.10896480 0 539.29026833 0 106.76736727 0 1684.03406159 0 92715
0.15350000 0.15350200 5337.24291053 0 62.31599071 0 1082.07278346 0 -735.18815363 0 242.49831967 0 94525
0.15450000 0.15450300 4991.52830595 0 234.08750956 0 938.24770779 0 -159.15017787 0 103.21817924 0 94989
0.15550000 0.15550200 4329.85116752 0 359.90979668 0 3432.25236564 0 -403.80580125 0 1146.63589124 0 96451
0.15650000 0.15650200 4313.82739309 0 167.39941306 0 4324.71419950 0 413.81341725 0 3382.54300703 0 97818
0.15750000 0.15750200 4097.53986772 0 -18.28738328 0 4459.95797567 0 -251.26236597 0 3410.99133533 0 98485
0.15850000 0.15849700 3839.42115376 0 100.72981410 0 1829.00576201 0 512.40085939 0 784.99445719 0 99891
0.15950000 0.15950000 3912.68702081 0 -27.47687305 0 40.08183368 0 1393.48893347 0 -211.28093161 0 102265
0.16050000 0.16050500 4112.88391318 0 7.45953500 0 -739.09158074 0 -321.48393874 0 994.22283021 0 103131
0.16150000 0.16150300 3917.48969589 0 86.41706232 0 -321.23099042 0 -374.10276015 0 1025.75668225 0 102997
0.16250000 0.16249600 3485.69466197 0 360.82241637 0 1400.63165907 0 -589.42417896 0 979.65545865 0 105021
0.16350000 0.16350000 3595.88875463 0 -178.83557418 0 1624.54106324 0 -101.26992004 0 790.11471056 0 107908
0.16450000 0.16450400 4352.57194362 0 -9.01264881 0 2122.78238845 0 -269.28855504 0 -120.36774081 0 107541
0.16550000 0.16549900 4538.08223329 0 -61.45674645 0 940.05511823 0 834.02408685 0 118.49012886 0 108403
0.16650000 0.16649400 4318.51863721 0 64.76981224 0 -338.39804666 0 628.95208926 0 -188.20803361 0 110349
0.16750000 0.16749800 3804.96669583 0 289.79742626 0 -720.51269402 0 -108.15635439 0 411.49008139 0 112933
0.16850000 0.16850300 3261.77411470 0 228.57167623 0 -67.59380748 0 -531.76087725 0 180.44018024 0 113439
0.16950000 0.16950100 3425.00935217 0 -212.21918043 0 -71.30401327 0 71.97271056 0 119.72478408 0 113905
0.17050000 0.17049700 4088.32452596 0 59.49868133 0 62.67702707 0 268.80271598 0 -559.58519208 0 115908
0.17150000 0.17150000 3970.10740299 0 162.96446020 0 -783.88460467 0 218.29105434 0 -373.73615224 0 117649
0.17250000 0.17250200 3498.55379666 0 52.12908227 0 -1262.15638458 0 -46.46526860 0 -206.11164861 0 119025
0.17350000 0.17350400 3619.72384050 0 105.39888345 0 -23.53299650 0 -798.61020821 0 354.10089987 0 120283
0.17450000 0.17450200 3987.47949223 0 159.30506693 0 2068.67150626 0 -750.50322704 0 258.05074106 0 120753
0.17550000 0.17549800 4417.82592346 0 -106.01598819 0 1934.17431763 0 759.54473647 0 -182.68105718 0 122539
0.17650000 0.17649700 3619.57898023 0 336.37780306 0 953.44689298 0 266.03031329 0 -741.45280313 0 124089
0.17750000 0.17749600 2945.41042933 0 117.48613576 0 -49.19309890 0 8.74974971 0 -1624.73049590 0 125890
0.17850000 0.17849900 3023.98041086 0 -94.63309108 0 -341.18493538 0 -482.20306476 0 -2895.64535523 0 127587
0.17950000 0.17950100 3491.23278150 0 23.96969449 0 288.13710471 0 -65.36006213 0 -2263.36370839 0 128401
0.18050000 0.18049900 3684.85524626 0 216.98396898 0 1114.67748718 0 61.87684123 0 -1045.26044607 0 129591
0.18150000 0.18150100 2775.51161947 0 148.10848241 0 551.52204662 0 571.68993905 0 -188.43423849 0 132157
0.18250000 0.18250400 2956.04094449 0 168.88924522 0 -609.00483015 0 -175.35112754 0 -1359.63620282 0 132849
0.18350000 0.18350200 2890.90953873 0 -35.72822542 0 159.89676541 0 -423.82660479 0 -890.12846921 0 133963
0.18450000 0.18449900 3430.01260302 0 -92.69318921 0 734.70008595 0 374.44819618 0 22.05776180 0 135354
0.18550000 0.18550000 3718.28453921 0 180.57612603 0 111.09824360 0 429.29340850 0 -397.01408323 0 137845
0.18650000 0.18650500 3264.43731504 0 -174.50648074 0 -294.00505994 0 25.76529325 0 -116.27710966 0 139395
0.18750000 0.18750600 3777.39867224 0 72.37040772 0 -169.84309438 0 -334.92585743 0 -517.47542606 0 140137
0.18850000 0.18850300 3932.78916897 0 108.04158048 0 485.58833783 0 -369.29674214 0 -666.88987951 0 140859
0.18950000 0.18949800 3877.34111506 0 156.77558376 0 294.69704630 0 664.81392042 0 191.17544052 0 142549
0.19050000 0.19050000 3330.92817872 0 376.39712396 0 709.65597398 0 -579.12572812 0 -109.23890633 0 145941
0.19150000 0.19150000 2556.49403516 0 317.44233722 0 2120.37547935 0 -424.44393240 0 416.72622297 0 145279
0.19250000 0.19249900 2367.97510913 0 15.05644211 0 1816.38063238 0 245.07348954 0 573.90295825 0 148482
0.19350000 0.19350100 2809.59835518 0 -292.26562239 0 1265.17616404 0 307.85370170 0 733.20802518 0 149239
0.19450000 0.19450100 3293.49851371 0 232.33692892 0 1080.13277016 0 -437.55378679 0 174.57111071 0 150801
0.19550000 0.19550100 3167.30293283 0 -30.09204663 0 931.06040980 0 264.03235588 0 -465.22209825 0 152749
0.19650000 0.19650500 3529.27531688 0 -91.78446960 0 380.49444096 0 235.47371091 0 -1089.98661141 0 154851
0.19750000 0.19750500 3201.48995642 0 213.11508548 0 201.89510045 0 -208.25335197 0 -1180.16547207 0 154765
0.19850000 0.19850100 2914.93405726 0 215.26904625 0 276.44576666 0 278.04257255 0 -1290.23699065 0 156843
0.19950000 0.19949900 2741.10173393 0 60.97737039 0 -163.02128999 0 323.29357780 0 -566.87946380 0 158326
0.20050000 0.20049900 3221.93754060 0 -100.12741824 0 -721.84429419 0 172.09511441 0 -607.36679480 0 160629
0.20150000 0.20150200 2962.59308591 0 208.28566696 0 436.13972770 0 -451.18736676 0 279.65163585 0 162919
0.20250000 0.20250600 2640.62442242 0 219.59702538 0 827.35828584 0 -127.60741135 0 955.23201723 0 163701
0.20350000 0.20350200 2182.99968815 0 162.22232989 0 1284.79915900 0 157.55448629 0 833.70762288 0 163843
0.20450000 0.20449600 2361.72383135 0 13.11531450 0 598.04002207 0 289.99800202 0 662.53292833 0 165873
0.20550000 0.20549300 2302.17511751 0 156.10699790 0 -61.14719120 0 56.27977471 0 708.88821456 0 168697
0.20650000 0.20649700 2438.42177247 0 -18.65610838 0 -102.32182846 0 224.06540754 0 1165.27829361 0 171240
0.20750000 0.20750100 2492.28750651 0 163.05471929 0 38.03852386 0 -617.09917629 0 880.69137981 0 171925
0.20850000 0.20849900 2566.56739544 0 16.82942038 0 540.68426984 0 -160.32131743 0 460.89857636 0 172329
0.20950000 0.20950000 2594.17999142 0 53.38958948 0 657.99880190 0 -146.85488392 0 -413.32980681 0 176299
0.21050000 0.21050100 2882.84193603 0 21.66563619 0 603.91020591 0 346.28513118 0 -428.68165244 0 175965
0.21150000 0.21150100 2627.89900490 0 296.00078873 0 468.86923411 0 -295.80132728 0 133.25027600 0 179347
0.21250000 0.21250200 2041.96150119 0 309.68451264 0 1285.08887954 0 -597.67675708 0 39.10881839 0 179661
0.21350000 0.21350100 1677.33705990 0 -112.78374855 0 1628.03999590 0 326.78359598 0 -595.84037459 0 181690
0.21450000 0.21450000 2581.30971363 0 -204.71318985 0 14.87681538 0 908.85444481 0 -656.12676149 0 183387
0.21550000 0.21550200 2597.45606212 0 158.11498410 0 -1297.92572803 0 391.91500174 0 -546.55668231 0 186217
0.21650000 0.21650500 2037.52654833 0 377.73540999 0 -370.23944820 0 -368.69167193 0 1133.83247204 0 186927
0.21750000 0.21750300 2052.54744396 0 -223.34333481 0 504.58063346 0 232.05612286 0 1889.11163073 0 187765
0.21850000 0.21849700 2748.72361272 0 -156.11479807 0 -497.26518985 0 227.54762555 0 1237.00641318 0 189069
0.21950000 0.21949800 2989.02451353 0 168.00894050 0 -1233.51862362 0 -554.08161615 0 385.59797969 0 193939
0.22050000 0.22050100 3062.71381829 0 134.39132920 0 -111.15050473 0 -602.54183352 0 -1517.03245712 0 193686
0.22150000 0.22150100 2281.35981110 0 399.82660108 0 626.90621653 0 -83.27671454 0 -834.86761934 0 195559
0.22250000 0.22250100 1965.85414425 0 41.27247366 0 177.40145751 0 566.05933181 0 -365.30974180 0 197697
0.22350000 0.22350300 1666.76226023 0 235.15947556 0 99.24343630 0 -71.21475706 0 -528.45694879 0 199957
0.22450000 0.22450300 2262.97369998 0 -155.59441541 0 -272.60362659 0 81.17913784 0 -593.51703873 0 199995
0.22550000 0.22550100 1760.60942864 0 473.88697098 0 198.61234389 0 -517.36510939 0 -531.78539206 0 203257
0.22650000 0.22649900 1469.76343689 0 39.78186149 0 726.76508612 0 391.48933541 0 313.11324379 0 203415
0.22750000 0.22749800 1833.42957178 0 -12.17717711 0 788.74188093 0 -74.33839019 0 290.58970051 0 207154
0.22850000 0.22850000 1809.88420645 0 10.77633373 0 4.73064610 0 333.65442999 0 420.98065765 0 208437
0.22950000 0.22949900 2197.85343731 0 -103.87127619 0 -297.92074445 0 126.39392802 0 85.53207751 0 209263
0.23050000 0.23050100 2232.49732790 0 350.42479196 0 516.96395788 0 -709.41639738 0 -85.46365889 0 213633
0.23150000 0.23150300 1722.38860370 0 36.95051181 0 1516.38615745 0 -11.67005474 0 -132.49588829 0 212695
0.23250000 0.23249900 1989.14321833 0 14.56402863 0 238.95370031 0 257.18603668 0 -884.80206853 0 215289
0.23350000 0.23349700 1979.59358365 0 -1.15709926 0 -373.24808456 0 482.52510028 0 -939.50576351 0 217081
0.23450000 0.23449900 2212.80747436 0 67.04534421 0 -678.63916168 0 201.37806072 0 -269.02669224 0 220716
0.23550000 0.23550100 2244.34244071 0 235.98406478 0 -438.18002888 0 -210.42848463 0 614.20531383 0 220285
0.23650000 0.23649800 1703.08875857 0 192.05128799 0 155.36152467 0 -117.53739401 0 815.02287674 0 222585
0.23750000 0.23749900 1719.93712222 0 -46.97751680 0 -336.04128151 0 670.19269366 0 1493.17508505 0 226195
0.23850000 0.23850200 1523.98575005 0 268.86957457 0 -562.86572003 0 -203.71922554 0 1047.45006475 0 226749
0.23950000 0.23950200 1142.81380875 0 313.39850709 0 -195.08555348 0 -1068.55397739 0 -209.04785484 0 229147
0.24050000 0.24050100 1382.71355805 0 -125.61279687 0 639.04773573 0 -3.41693061 0 -894.79742712 0 229869
0.24150000 0.24150000 1777.04549767 0 87.65873769 0 1010.27669099 0 38.68393208 0 -362.61645509 0 232846
0.24250000 0.24250100 1814.17429904 0 -86.89209258 0 1430.61773484 0 -113.19270023 0 -258.15771480 0 235059
0.24350000 0.24350300 2420.53710074 0 -85.94816077 0 308.15345102 0 529.23027977 0 -434.96078796 0 236809
0.24450000 0.24450200 2564.13820015 0 265.75285016 0 229.67707151 0 -176.42420785 0 -284.33842273 0 238011
0.24550000 0.24550300 1877.12165766 0 290.10609007 0 1147.89506128 0 -130.55476068 0 224.66713481 0 240757
0.24650000 0.24650200 1657.09005147 0 52.08796424 0 439.88715144 0 323.36043638 0 803.15213481 0 241857
0.24750000 0.24750200 1507.01481233 0 258.02734055 0 -201.99204540 0 259.53054443 0 -169.04190565 0 244651
0.24850000 0.24850100 1107.94817051 0 45.92594267 0 -295.88044327 0 -4.64867748 0 -160.72246895 0 245550
0.24950000 0.24950000 1588.29256659 0 -179.21332519 0 -404.04426354 0 71.62749740 0 600.52604715 0 248815
0.25050000 0.25050200 2084.08241031 0 63.83824928 0 -169.11656441 0 -324.92047006 0 7.17901866 0 250497
0.25150000 0.25150400 2074.93392714 0 221.07237151 0 222.46303010 0 -44.59044242 0 145.42076726 0 253177
0.25250000 0.25250400 1886.24785464 0 -5.92400500 0 264.96949039 0 285.34910168 0 334.70633841 0 253599
0.25350000 0.25350100 1857.71038156 0 108.23023313 0 114.16103542 0 196.62107234 0 897.07730490 0 255277
0.25450000 0.25450000 1874.85960884 0 196.63110113 0 -503.53095366 0 121.83194384 0 626.52623690 0 259011
0.25550000 0.25549900 1829.03919131 0 0.58598430 0 -106.96772016 0 -296.34511044 0 647.35380072 0 259285
0.25650000 0.25649800 2113.54476050 0 87.01422093 0 -11.08007229 0 -262.37092002 0 -456.29759134 0 263070
0.25750000 0.25750300 1676.73533263 0 170.15287249 0 -40.91288590 0 -18.35758479 0 -120.16605074 0 265927
0.25850000 0.25850400 1469.79686618 0 352.63781115 0 186.06298731 0 -27.28120025 0 -408.40344334 0 265653
0.25950000 0.25950200 1100.13685906 0 158.14841339 0 -244.18315604 0 434.96970244 0 53.14867570 0 268333
0.26050000 0.26050200 1191.84343841 0 -106.59152919 0 -177.86501037 0 -76.05041572 0 389.07574046 0 271155
0.26150000 0.26150300 1753.60042022 0 -145.22464874 0 -450.36389185 0 -49.93768069 0 142.12018173 0 272689
0.26250000 0.26250200 1986.02315099 0 290.66658788 0 -531.49790014 0 -194.83260516 0 -263.49971581 0 274851
0.26350000 0.26350000 1720.52770639 0 97.22374985 0 -239.36710923 0 229.69935771 0 90.85201519 0 275742
0.26450000 0.26450200 1468.09197224 0 214.61160349 0 -590.86832442 0 74.33805590 0 28.11826975 0 280897
0.26550000 0.26550400 1356.18184254 0 151.59070043 0 -1307.49764891 0 -58.37556852 0 -450.13322972 0 280479
0.26650000 0.26650100 1298.13744689 0 0.25548894 0 -957.50520915 0 -140.69052230 0 -332.43426080 0 282649
0.26750000 0.26750200 1465.04990658 0 96.41743531 0 192.28640735 0 -211.71885534 0 235.81357539 0 286191
0.26850000 0.26850000 1437.72703114 0 210.29031022 0 655.49829079 0 158.75682652 0 605.43012443 0 285769
0.26950000 0.26949900 1561.69399250 0 -95.11581007 0 -15.54762986 0 478.26843698 0 957.79827261 0 291225
0.27050000 0.27050100 1365.84290821 0 234.50537573 0 -531.13574947 0 -173.00550549 0 368.92790560 0 291484
0.27150000 0.27150100 1426.79565235 0 -13.53886364 0 -610.36985962 0 44.22015728 0 310.37761331 0 293997
0.27250000 0.27250100 1393.25492842 0 162.10867030 0 -325.45199581 0 -50.10661005 0 534.76617068 0 296503
0.27350000 0.27350000 1396.19670620 0 108.18064634 0 -373.28374247 0 -171.70399168 0 779.92211914 0 297345
0.27450000 0.27450100 1586.98882416 0 -10.67960050 0 -279.78312441 0 118.95479603 0 309.67894109 0 302197
0.27550000 0.27550300 1916.53479405 0 88.32398062 0 -624.95951737 0 355.22078118 0 894.84534244 0 301995
0.27650000 0.27650100 1680.62427371 0 261.24658147 0 -258.75052759 0 -310.21158116 0 1189.22481046 0 304453
0.27750000 0.27750000 1408.39839813 0 147.12231827 0 -184.79713142 0 -353.17602277 0 802.47017724 0 307104
0.27850000 0.27850100 1233.18433069 0 119.46849283 0 112.49402801 0 -133.79740210 0 -530.24987321 0 310021
0.27950000 0.27950100 1483.53630558 0 66.15411926 0 168.97393276 0 -130.34638476 0 -1281.23336775 0 311097
0.28050000 0.28050100 1588.12542012 0 100.34816300 0 165.39588410 0 -22.18301021 0 -1053.14641627 0 314515
0.28150000 0.28150100 1602.38858511 0 102.88611493 0 -33.16208147 0 376.99662261 0 -309.70234160 0 315165
0.28250000 0.28250100 1135.86051582 0 245.93707961 0 -298.49795691 0 33.42260709 0 171.69173428 0 318811
0.28350000 0.28350100 1405.31176008 0 -111.28455619 0 -383.17658457 0 145.32159369 0 333.32236568 0 320553
0.28450000 0.28450200 1927.63331931 0 -7.54522542 0 -999.39211321 0 240.73325300 0 254.18408618 0 323518
0.28550000 0.28550200 1831.54638828 0 209.77104187 0 -344.27714498 0 -119.83732936 0 811.06261983 0 324723
0.28650000 0.28650000 1617.85520465 0 99.19875248 0 -148.40377450 0 57.43899116 0 851.00728198 0 326329
0.28750000 0.28749900 1532.36535948 0 166.62162484 0 -233.99167892 0 -297.03152526 0 388.98213844 0 329925
0.28850000 0.28850300 1884.21981087 0 -90.07946423 0 -607.06815978 0 310.15140843 0 90.26533110 0 334183
0.28950000 0.28950500 1940.00215770 0 171.60036087 0 -1030.41338276 0 -61.29015714 0 -497.61396881 0 333849
0.29050000 0.29050300 1631.49435617 0 134.90391170 0 -1141.77750067 0 245.57604324 0 139.14720328 0 335371
0.29150000 0.29149800 1464.06931399 0 163.29541020 0 -1462.28641836 0 66.15155635 0 462.30929253 0 337098
0.29250000 0.29249700 1545.38049754 0 129.77362954 0 -1663.74248077 0 -44.58453657 0 446.21085935 0 341989
0.29350000 0.29349600 1211.09871115 0 232.76593818 0 -1086.27150266 0 29.95142074 0 564.27086464 0 342507
0.29450000 0.29449700 1304.78987618 0 154.58039352 0 -1163.81854782 0 -252.29087388 0 779.37722167 0 347341
0.29550000 0.29550000 1117.54126328 0 300.26079496 0 -547.63867709 0 -440.44876356 0 231.18250401 0 348975
0.29650000 0.29650000 859.86493030 0 97.55871137 0 -299.97887459 0 -201.11396931 0 -80.74678565 0 350197
0.29750000 0.29749900 836.76083163 0 17.80343855 0 -11.93058036 0 299.80169933 0 -212.48327184 0 352737
0.29850000 0.29850000 1217.19398556 0 2.21290776 0 -589.61695455 0 352.38040559 0 296.54568620 0 356728
0.29950000 0.29950200 1038.05309051 0 276.23070488 0 -493.72837066 0 -726.93780413 0 46.69949651 0 357717
0.30050000 0.30050000 1161.66792997 0 -134.64427752 0 -190.21044826 0 298.97042425 0 -357.45720088 0 358231
0.30150000 0.30150100 1475.59127696 0 138.28249890 0 -64.65459261 0 57.88014640 0 -195.22595651 0 365061
0.30250000 0.30250300 1617.15318950 0 79.31055180 0 -497.79560130 0 205.11099844 0 201.21314288 0 363985
0.30350000 0.30350200 1230.78856469 0 290.45486903 0 -900.66203942 0 -115.04691168 0 48.58111998 0 367827
0.30450000 0.30450100 738.97903545 0 100.61102868 0 -1296.97856473 0 485.65185348 0 237.55747017 0 369097
0.30550000 0.30549900 1049.58953950 0 34.18200920 0 -1182.31608992 0 -93.73484598 0 476.71286055 0 371076
0.30650000 0.30649900 1203.07568084 0 182.36125027 0 -616.21998588 0 -384.78007632 0 680.66720545 0 376105
0.30750000 0.30750200 1247.54778356 0 113.06121168 0 -183.12120953 0 -190.98377924 0 49.57931867 0 377937
0.30850000 0.30850200 949.18020089 0 153.41148258 0 -403.47262263 0 0.80783224 0 1.23581410 0 378991
0.30950000 0.30950300 1020.26536373 0 182.75237300 0 -174.66359842 0 -252.17832860 0 -327.58032746 0 383157
0.31050000 0.31050200 1130.09953433 0 102.67617897 0 133.85868914 0 233.89250536 0 -42.96845312 0 383095
0.31150000 0.31150100 907.64096147 0 54.83117202 0 -119.18211522 0 274.08120134 0 725.09250716 0 387129
0.31250000 0.31250000 985.34066707 0 144.60174958 0 -325.51551147 0 -164.87438713 0 196.10848985 0 388885
0.31350000 0.31350100 757.48549203 0 205.99798901 0 -358.73977142 0 -156.91598679 0 -213.13180012 0 393468
0.31450000 0.31450300 1037.52267906 0 28.32619995 0 172.40934976 0 329.78777511 0 953.92047463 0 394549
0.31550000 0.31550100 1291.60759166 0 80.50843479 0 335.20554919 0 -126.79285092 0 1770.86107848 0 395757
0.31650000 0.31650000 1534.53826352 0 96.91207741 0 40.97929876 0 -35.59094246 0 996.81360041 0 400159
0.31750000 0.31750200 1137.60998215 0 214.81106494 0 84.60430320 0 -121.00512600 0 280.34250791 0 402573
0.31850000 0.31850100 1112.31737910 0 77.90863868 0 10.05059493 0 -146.16958342 0 62.16544746 0 403843
0.31950000 0.31949900 1185.10186433 0 27.18514675 0 131.18323139 0 324.83355389 0 -221.29189053 0 405969
0.32050000 0.32050100 1383.87244020 0 104.21437217 0 -114.84856455 0 283.13719680 0 1013.35664319 0 412618
0.32150000 0.32150200 1245.96546369 0 234.96669997 0 -486.96451039 0 230.14173869 0 1424.19931060 0 409743
0.32250000 0.32249800 708.83584200 0 279.96364259 0 -441.58758814 0 -472.56205667 0 1555.77700764 0 415033
0.32350000 0.32350000 745.13225397 0 63.98823537 0 -295.41911903 0 -29.08459918 0 1360.61679541 0 417975
0.32450000 0.32449900 848.05547541 0 134.67770681 0 -190.98489355 0 205.44529137 0 949.37297648 0 419101
0.32550000 0.32550000 1124.04883231 0 -78.70603875 0 -915.82668101 0 322.83782510 0 923.91099835 0 424305
0.32650000 0.32650200 1212.54731384 0 120.37888391 0 -1192.70145693 0 -28.67252742 0 931.27992883 0 425287
0.32750000 0.32750000 1181.12377847 0 224.12669458 0 -939.70856789 0 57.11450416 0 948.16395039 0 426174
0.32850000 0.32850200 831.04999409 0 224.15789525 0 -1271.37172633 0 -71.47227405 0 825.42272978 0 433567
0.32950000 0.32950300 456.94389101 0 239.39719559 0 -1419.10691497 0 -71.47216262 0 606.01625136 0 430461
0.33050000 0.33050000 330.11872511 0 79.50700461 0 -1715.21244881 0 100.34426292 0 467.92764236 0 436225
0.33150000 0.33150100 412.66122095 0 34.45791229 0 -1250.69013709 0 -343.65870306 0 116.11664906 0 438027
0.33250000 0.33250100 761.24740179 0 99.72905250 0 -963.05335747 0 -342.95891653 0 -374.06264500 0 441373
0.33350000 0.33350000 712.64678139 0 134.28881270 0 -610.43448958 0 15.73338530 0 -896.06662594 0 442407
0.33450000 0.33449900 1053.82057368 0 28.48376335 0 -1045.92457469 0 70.64077610 0 -1189.72624985 0 447058
0.33550000 0.33550000 978.65703710 0 223.38122134 0 -538.43782136 0 -322.53807578 0 -1182.89553099 0 448605
0.33650000 0.33650100 1079.23686511 0 142.15695396 0 -267.56471783 0 -184.79936004 0 -1010.54746827 0 452815
0.33750000 0.33750100 923.26469869 0 75.06960026 0 -467.94769994 0 532.33140385 0 -662.23763625 0 453621
0.33850000 0.33850100 1006.30640530 0 101.09463912 0 -783.28510601 0 157.57565817 0 -71.05028494 0 457273
0.33950000 0.33950100 1049.83023041 0 140.50554688 0 -665.93491605 0 -140.44871709 0 49.90224564 0 459711
0.34050000 0.34049900 973.66381505 0 169.33608343 0 -620.83545693 0 -271.01462087 0 -218.86158094 0 460909
0.34150000 0.34149900 748.10523242 0 102.74470902 0 -862.92371061 0 398.85269434 0 -266.21083147 0 466752
0.34250000 0.34250000 916.28911956 0 92.62978499 0 -1470.19801769 0 220.08397875 0 -195.47556190 0 466945
0.34350000 0.34350000 955.77468608 0 123.92573189 0 -1825.04996235 0 -169.07756357 0 -477.18644220 0 470913
0.34450000 0.34450100 604.99220069 0 383.56325006 0 -1315.97754622 0 -239.87969172 0 -311.03839900 0 474703
0.34550000 0.34550200 438.57115160 0 -32.95426270 0 -1161.57878519 0 281.12475336 0 22.99645634 0 475581
0.34650000 0.34650100 892.66909547 0 22.75632259 0 -1493.64309515 0 -2.23390136 0 -84.51103547 0 478879
0.34750000 0.34750100 826.81784560 0 306.24352408 0 -1418.60547558 0 -222.32151276 0 -9.19216411 0 481029
0.34850000 0.34850200 681.73025696 0 122.62756101 0 -1303.36355968 0 348.34326131 0 151.09594689 0 486394
0.34950000 0.34950300 644.32176384 0 1.97722010 0 -1376.38427858 0 355.91833910 0 930.03413051 0 486147
0.35050000 0.35050100 739.65319286 0 178.57928293 0 -1452.22420119 0 -42.44550755 0 1824.55966605 0 489061
0.35150000 0.35149900 770.01813395 0 225.58086882 0 -1049.19284523 0 -156.42569050 0 1938.91013413 0 491943
0.35250000 0.35249900 792.46144693 0 85.59046734 0 -485.57608042 0 -300.82129277 0 1258.34544518 0 495793
0.35350000 0.35350000 801.21100720 0 156.14822736 0 -54.93970579 0 -321.39479396 0 717.69683325 0 499461
0.35450000 0.35450100 796.44176141 0 195.84774136 0 293.20609983 0 -182.59302671 0 616.22221450 0 501439
0.35550000 0.35550100 735.99268528 0 164.08322720 0 165.40814151 0 -100.37234353 0 363.03209264 0 504390
0.35650000 0.35650100 671.53432261 0 175.48930195 0 -207.91571611 0 332.46657578 0 328.66566518 0 506299
0.35750000 0.35749900 738.49765363 0 93.79713590 0 -402.43297162 0 274.64727070 0 1050.46761560 0 508581
0.35850000 0.35850100 643.24979785 0 64.09554340 0 -322.03217914 0 18.53966301 0 1186.86247376 0 514993
0.35950000 0.35950300 800.57250771 0 26.69540761 0 -482.23203681 0 -66.84911426 0 1030.43678326 0 516147
0.36050000 0.36050200 854.65664646 0 210.32373952 0 -848.24602238 0 -8.55433320 0 772.27572554 0 515917
0.36150000 0.36149800 762.31936779 0 142.98377180 0 -1304.29957989 0 156.79229841 0 343.59073017 0 519807
0.36250000 0.36249800 692.13791017 0 174.39950700 0 -1098.72948583 0 -221.73427151 0 -154.56702181 0 525070
0.36350000 0.36350000 269.05120706 0 346.36424717 0 -579.09118451 0 -349.31048219 0 -111.21413182 0 528357
0.36450000 0.36450000 387.08335460 0 13.86323922 0 -261.40927069 0 234.01173650 0 -215.98220450 0 528919
0.36550000 0.36549900 727.96296911 0 87.80125791 0 -491.42732099 0 57.43809971 0 123.35074805 0 533061
0.36650000 0.36650000 543.62159039 0 209.01442554 0 -665.24961554 0 160.68681104 0 216.37889878 0 535561
0.36750000 0.36750000 357.99764112 0 234.26468482 0 -328.57986332 0 -275.59777693 0 722.82711541 0 539955
0.36850000 0.36850100 408.53716051 0 36.70324647 0 289.42747542 0 -16.13932834 0 842.03597406 0 540661
0.36950000 0.36950000 727.88051019 0 125.97829048 0 246.80401260 0 -46.23404932 0 891.74978992 0 545112
0.37050000 0.37049800 515.49195468 0 203.79722722 0 116.27376673 0 -228.45355939 0 611.44739716 0 544885
0.37150000 0.37149800 270.26246177 0 198.81626257 0 -356.53343809 0 194.60528597 0 -327.71515895 0 553065
0.37250000 0.37250200 346.24501603 0 44.06627110 0 -616.95765895 0 137.00661422 0 17.36674055 0 554839
0.37350000 0.37350200 520.79941209 0 121.53776606 0 -446.03925565 0 95.44598006 0 666.05749012 0 554877
0.37450000 0.37450200 598.18376803 0 151.52941339 0 -323.49303925 0 233.62061377 0 948.10266335 0 561559
0.37550000 0.37550100 556.18431868 0 84.46089153 0 -588.16278031 0 -157.51548545 0 483.77647015 0 558333
0.37650000 0.37649700 429.51849907 0 241.99688028 0 -329.38662359 0 -214.42439945 0 420.47364671 0 565933
0.37750000 0.37750000 724.46292214 0 30.49163812 0 -248.34064577 0 116.76963458 0 568.56318585 0 570972
0.37850000 0.37850000 1040.20927990 0 107.36240868 0 -247.96289476 0 -122.80585058 0 731.27915497 0 569017
0.37950000 0.37949900 831.89909813 0 205.46089170 0 -104.73932350 0 -79.18786629 0 830.80038870 0 575091
0.38050000 0.38050000 658.42223961 0 146.90391355 0 -107.05229627 0 -97.34654679 0 275.01164999 0 578017
0.38150000 0.38150000 792.55059171 0 142.99380059 0 -46.26413568 0 50.84383739 0 222.78060838 0 579765
0.38250000 0.38250100 1130.97983905 0 49.65787750 0 -411.73857246 0 164.06205531 0 139.16391793 0 585763
0.38350000 0.38350100 576.56058704 0 297.90068687 0 -688.47628828 0 -56.76004222 0 -183.54464725 0 584205
0.38450000 0.38449900 397.60355309 0 128.09770765 0 -1385.74448061 0 5.06218669 0 -879.34640792 0 590272
0.38550000 0.38550000 545.92598298 0 55.30441938 0 -1207.74463875 0 -152.99473073 0 -1498.11147731 0 592893
0.38650000 0.38650000 986.43046202 0 139.40572315 0 -1041.69131189 0 16.35762163 0 -1464.79361533 0 596437
0.38750000 0.38750100 674.12732144 0 302.64430354 0 -500.73737908 0 25.68004855 0 -649.49884701 0 599379
0.38850000 0.38850100 397.44866404 0 172.90633192 0 -278.32560723 0 -68.00632496 0 -211.53276561 0 601069
0.38950000 0.38949800 409.70718576 0 153.85497787 0 -189.83492587 0 -255.69731884 0 -526.48907775 0 602169
0.39050000 0.39049800 517.02301630 0 117.66442532 0 92.26819147 0 -94.91579147 0 -585.67341230 0 611395
0.39150000 0.39150200 797.28417959 0 143.32809352 0 -168.56832400 0 249.43378365 0 -466.55481273 0 613626
0.39250000 0.39250100 656.72960308 0 112.65894586 0 -272.28159107 0 314.98528419 0 256.44836362 0 610927
0.39350000 0.39350000 677.29084686 0 147.55244184 0 -537.39037018 0 26.53962710 0 709.98580967 0 619809
0.39450000 0.39450100 621.91745171 0 251.69360385 0 -126.87530984 0 -30.00813911 0 1308.05480380 0 618813
0.39550000 0.39550200 648.42130947 0 55.58455685 0 -286.77876111 0 101.66226851 0 908.42877848 0 627247
0.39650000 0.39650300 698.00140815 0 121.62245361 0 -516.88261327 0 -255.10784897 0 233.74207354 0 625233
0.39750000 0.39750100 767.79620028 0 95.43327692 0 -661.59356520 0 90.02753739 0 -93.82454792 0 629707
0.39850000 0.39850100 870.53110337 0 131.26234738 0 -979.11836135 0 416.56130513 0 631.40579936 0 634002
0.39950000 0.39950200 848.99706716 0 265.06532103 0 -721.27711052 0 -141.10615985 0 1260.49606303 0 637249
