### header ###
fiducial parameters:
Omega_m = 0.31
Omega_nu = 0 (not used)
Omega_de = 0.69
Omega_k = 0
H_0 = 100
w_de = -1
zeff = 0.60594
beta = 0
fgrowth = 0
b_1 = 2
gamma = 0.55
Lx = 3500 Ly = 3500 Lz = 3500
nx = 768 ny = 768 nz = 768
xoffset = -994.537184 yoffset = -47.8747776 zoffset = 791.000008
kbins = 400 dk = 0.001
kx_ny = 0.689355188 ky_ny = 0.689355188 kz_ny = 0.689355188
############################
A(data) = 8.96131886 (not used)
A(ran) = 8.96296845 (used), new A= 7.21944491(not)
Ngal = 435910
weighted Ngal = 144855.286
Nran = 22272412
weighted Nran = 6899376.66
NranS = 22272412
weighted NranS = -1
SN(data) = 7264.25075
SN(ran) = 129.054295
SN(ranS) = 0
SN(data+ranS) = 7264.25075
############################
13 columns: k_central k_mean P_0(k) sigma^{lin}_{P_0(k)} P^img_1(k) sigma^{lin}_{P_1(k)} P_2(k) sigma^{lin}_{P_2(k)} P^img_3(k) sigma^{lin}_{P_3(k)} P_4(k) sigma^{lin}_{P_4(k)} N_modes
### header ###
0.00050000 0 0 0 0 0 0 0 0 0 0 0 0
0.00150000 0.00179520 202536.84462658 0 -16057.02850796 0 -33661.34390972 0 51710.42465530 0 -247126.52010603 0 3
0.00250000 0.00253879 196946.79563994 0 88955.59521541 0 -15252.18887492 0 67479.21797872 0 235942.02830370 0 6
0.00350000 0.00331552 120546.89642218 0 55996.49503082 0 107354.53459771 0 -77067.76123070 0 175266.54473614 0 7
0.00450000 0.00420575 80710.35534440 0 -11344.31733338 0 12944.76955848 0 75649.98244763 0 -11509.85484218 0 24
0.00550000 0.00557378 98933.21202822 0 -11191.52192878 0 -26049.14495657 0 33509.20757947 0 -20031.13702216 0 45
0.00650000 0.00659388 114634.99945890 0 -7060.42190324 0 -68280.65239426 0 -26338.58844409 0 -4402.32010714 0 40
0.00750000 0.00754703 92793.60487533 0 -6207.66756460 0 -39136.93365007 0 -19947.76411627 0 4602.88741791 0 57
0.00850000 0.00846663 92202.52502473 0 24764.93857609 0 -35098.01615763 0 -75523.65986294 0 -12277.01739126 0 75
0.00950000 0.00948925 63001.35696594 0 19649.31327923 0 -20957.68571940 0 -16371.51682096 0 9974.46424048 0 112
0.01050000 0.01054430 47937.11412789 0 -1151.12828366 0 10329.02427426 0 14612.66705924 0 -8713.85272190 0 105
0.01150000 0.01145670 47934.25813901 0 -4920.60519525 0 -10036.28541497 0 14228.31686461 0 -1580.40538014 0 144
0.01250000 0.01249090 55283.15688738 0 -4797.03973828 0 -20189.20502161 0 28958.40900474 0 2830.74632336 0 169
0.01350000 0.01339930 62269.89427775 0 -5575.86790344 0 -29997.22003376 0 -7108.18282482 0 24077.85356113 0 180
0.01450000 0.01448870 57884.19382892 0 -1578.48307994 0 -33541.72191431 0 -6485.01703771 0 10607.36235890 0 267
0.01550000 0.01550050 63208.52600482 0 2664.19823388 0 -25907.44397028 0 -17102.21058907 0 11304.22364346 0 238
0.01650000 0.01653350 55338.51913319 0 3110.80898589 0 -17685.16185596 0 -9736.53839837 0 8768.61081622 0 315
0.01750000 0.01747870 53671.93978115 0 -2027.10400873 0 -14572.90290649 0 -1458.64139308 0 -14394.29375632 0 297
0.01850000 0.01844180 57159.21203855 0 2782.30435827 0 -13604.39314199 0 -764.82942586 0 -6672.94110543 0 388
0.01950000 0.01947590 56878.88574628 0 838.24481671 0 -6165.00348470 0 -6479.85428860 0 120.17451941 0 399
0.02050000 0.02045430 55932.89435557 0 1756.23543345 0 -2447.69230830 0 89.49713464 0 -1723.62223746 0 462
0.02150000 0.02154770 52025.79173411 0 -1035.98579695 0 -2466.94826404 0 1011.10024777 0 4511.52872775 0 571
0.02250000 0.02255340 48412.96581211 0 1766.93440714 0 -3093.36548463 0 -1973.00498877 0 -2746.68138939 0 510
0.02350000 0.02348930 45712.07910581 0 1851.08721769 0 2742.10082263 0 -3427.74685858 0 7054.91863238 0 555
0.02450000 0.02439640 45308.28621772 0 2568.10519294 0 -2481.26116211 0 4286.72944987 0 5206.16014407 0 592
0.02550000 0.02547300 43598.53749543 0 3669.84683827 0 9505.00557750 0 -5744.93146004 0 1988.86671158 0 837
0.02650000 0.02652900 39611.57703131 0 4394.72976749 0 7202.46341129 0 -4463.87765189 0 1490.12317809 0 723
0.02750000 0.02749970 35376.80460975 0 -1384.61635845 0 8918.34152507 0 4027.52649067 0 4157.28724657 0 826
0.02850000 0.02848090 38344.39673832 0 -1208.69842856 0 6959.78124925 0 1891.99376598 0 530.15391878 0 831
0.02950000 0.02946900 37492.76282609 0 -2147.47295508 0 -1775.18382115 0 10287.83212708 0 853.04433135 0 996
0.03050000 0.03053250 39563.13506622 0 -705.04808651 0 239.69765367 0 1318.65400010 0 2497.75999013 0 1041
0.03150000 0.03150510 38078.57008186 0 2372.40404783 0 -4090.35824583 0 -770.06247624 0 8272.92099391 0 1036
0.03250000 0.03246190 36995.27153388 0 -840.54278930 0 -2164.72971861 0 -1421.10710857 0 4363.10518303 0 1059
0.03350000 0.03345080 38288.70495534 0 -1533.47928607 0 -4645.59543610 0 3687.77366073 0 4207.72840386 0 1302
0.03450000 0.03451200 40578.43910992 0 807.54842863 0 -5900.87943698 0 -1554.07535966 0 1797.88893268 0 1339
0.03550000 0.03553350 39475.47817702 0 702.43705360 0 -5869.36469824 0 -2830.30694045 0 4437.07529479 0 1365
0.03650000 0.03647120 38109.21703936 0 52.67750643 0 -4929.11823900 0 257.85405369 0 2066.07727225 0 1308
0.03750000 0.03744890 37064.58418687 0 233.03331348 0 -4220.94284468 0 -1035.38054700 0 -706.70126468 0 1579
0.03850000 0.03847530 35095.59955167 0 2370.05334930 0 -2285.85660046 0 -1862.41231202 0 815.70337532 0 1662
0.03950000 0.03950240 32729.08323474 0 1839.19092558 0 -1606.90016921 0 -1364.51459063 0 1955.24293491 0 1683
0.04050000 0.04050350 31071.73092367 0 191.26996853 0 -1248.20993614 0 2093.98907118 0 1823.90040055 0 1822
0.04150000 0.04152450 30180.55255014 0 547.37113784 0 -748.41627751 0 231.15385312 0 -270.95864878 0 1887
0.04250000 0.04250150 30027.64729981 0 680.65464617 0 -1383.48494748 0 -263.47376102 0 4306.07328218 0 1920
0.04350000 0.04349210 30765.26134865 0 -602.18525348 0 -2626.25752018 0 533.92602100 0 4525.43519663 0 2005
0.04450000 0.04448520 29358.68682961 0 -501.84337987 0 -4528.86238328 0 1332.85705245 0 1682.19941425 0 2151
0.04550000 0.04548030 30343.23407007 0 277.23193818 0 -2151.37247835 0 455.39511471 0 2337.19849270 0 2274
0.04650000 0.04648670 30491.74549137 0 -106.04165848 0 -4006.42512674 0 129.04785714 0 2556.32973113 0 2311
0.04750000 0.04749250 29004.54420959 0 787.06439768 0 -58.13958514 0 -2040.12072724 0 2375.75434247 0 2568
0.04850000 0.04851840 30564.02397896 0 1502.83232857 0 -1689.18560241 0 -2605.37584771 0 2198.49629472 0 2493
0.04950000 0.04949480 26471.06238942 0 -246.20161909 0 1816.89224324 0 443.79760297 0 3690.14632840 0 2644
0.05050000 0.05050630 27617.41238401 0 -324.51942469 0 -316.93457732 0 2487.97273596 0 1553.93256022 0 2829
0.05150000 0.05149060 27573.47409369 0 1148.16244906 0 959.83524753 0 -324.69188247 0 3744.95934558 0 2784
0.05250000 0.05249300 26445.46833531 0 920.57089284 0 217.15291690 0 148.33347122 0 2650.75311704 0 3055
0.05350000 0.05348950 26704.37471105 0 -611.07836344 0 -1059.96621735 0 1658.65947521 0 4995.23438137 0 3009
0.05450000 0.05448610 26074.18978206 0 -437.48476911 0 -409.88383359 0 -148.94970575 0 795.33138701 0 3336
0.05550000 0.05550870 26392.41284974 0 485.98495243 0 -1818.26531482 0 -1653.61755640 0 937.75186281 0 3349
0.05650000 0.05647670 25324.05332048 0 -190.46479936 0 -370.43493808 0 -580.72359557 0 976.50433642 0 3324
0.05750000 0.05747970 25504.42000227 0 407.80445400 0 -1589.83014342 0 943.88345123 0 -278.59622209 0 3639
0.05850000 0.05849280 25943.14383116 0 207.01745178 0 -29.46282058 0 -1848.46190484 0 1279.02166223 0 3846
0.05950000 0.05951020 25678.96486058 0 66.82409807 0 -766.52654233 0 468.66447838 0 -1526.21848360 0 3787
0.06050000 0.06049470 24326.32459292 0 639.36803167 0 2154.55800439 0 -512.60496562 0 -490.21620979 0 3930
0.06150000 0.06148310 25338.66280201 0 -263.94719610 0 -759.94678335 0 -98.06114681 0 872.54853843 0 4083
0.06250000 0.06249100 24834.03153763 0 -389.18999730 0 1488.61829165 0 1269.88249784 0 437.70446056 0 4303
0.06350000 0.06350600 25019.67081425 0 170.80351290 0 1296.48713263 0 243.48513430 0 2981.01527627 0 4470
0.06450000 0.06451750 24998.14105199 0 1295.89396571 0 795.78504986 0 -1052.44508051 0 105.47100994 0 4479
0.06550000 0.06550280 23696.68889255 0 405.04512936 0 1570.68403341 0 -1841.64048527 0 1692.25029816 0 4636
0.06650000 0.06648880 24005.24553636 0 -629.71698620 0 2973.32607546 0 2874.60772167 0 628.90193091 0 4653
0.06750000 0.06749660 24529.42933995 0 -790.03792148 0 -139.18002689 0 28.70104047 0 1307.88911897 0 5220
0.06850000 0.06852730 23966.14045797 0 834.28048447 0 1101.42309273 0 -386.58445668 0 494.18493586 0 5029
0.06950000 0.06949320 23698.33657844 0 757.97724949 0 -401.26753485 0 -903.25041879 0 951.72204222 0 5040
0.07050000 0.07048030 23554.21898617 0 -94.97129639 0 1979.40899459 0 243.58509391 0 -1218.21106842 0 5475
0.07150000 0.07148790 22720.27023580 0 225.49020749 0 1473.03118316 0 -1679.04684192 0 -1348.82862098 0 5509
0.07250000 0.07249820 22452.02697336 0 835.45693219 0 1941.52320375 0 -868.13164179 0 129.01050960 0 5916
0.07350000 0.07351270 21303.37021853 0 245.22509059 0 2615.14113273 0 547.99176619 0 -2382.07047170 0 5721
0.07450000 0.07449140 21995.72782833 0 449.30197229 0 2585.92216966 0 68.52615759 0 -567.96501452 0 6028
0.07550000 0.07549160 21069.61851400 0 545.34558266 0 3656.89602720 0 -881.58774320 0 -2883.99953123 0 6183
0.07650000 0.07648840 20701.19594962 0 206.98449806 0 3781.39517284 0 107.47712243 0 -13.35691072 0 6330
0.07750000 0.07749960 19811.55541626 0 83.65773586 0 3459.59113449 0 937.09937920 0 -727.24131695 0 6583
0.07850000 0.07848650 20398.57097501 0 -151.68156895 0 2077.16070599 0 1634.43849267 0 268.62113173 0 6549
0.07950000 0.07947320 19973.90739901 0 337.78329608 0 2250.99156709 0 536.63371815 0 174.30869001 0 6828
0.08050000 0.08048110 19742.13291754 0 8.01547557 0 2078.67657700 0 299.63277704 0 1638.79936798 0 7147
0.08150000 0.08149960 19457.08325906 0 169.88190726 0 1632.74686849 0 318.08685898 0 1661.36168007 0 7386
0.08250000 0.08250610 18873.47291781 0 291.20541296 0 1667.72174759 0 86.22724708 0 2057.61915136 0 7227
0.08350000 0.08350160 18838.32228555 0 451.17813729 0 2193.70702107 0 104.21931789 0 3086.70883365 0 7798
0.08450000 0.08449610 18014.36949623 0 557.24956397 0 1898.83715470 0 -272.37456018 0 2462.27982069 0 7371
0.08550000 0.08548940 17226.44610497 0 528.57214033 0 2279.91394669 0 264.77653133 0 4195.14008369 0 8256
0.08650000 0.08650700 17781.93594040 0 -81.30506010 0 2812.79753176 0 101.55995287 0 2885.66918626 0 8037
0.08750000 0.08749060 16862.08783244 0 30.97803252 0 3071.01187943 0 266.33743909 0 3671.24187899 0 8155
0.08850000 0.08849210 16821.77445107 0 195.95269182 0 2279.16699576 0 135.16187024 0 2937.04403223 0 8718
0.08950000 0.08949900 16500.91508597 0 275.53152634 0 2539.81991854 0 -118.82341698 0 3282.94822281 0 8571
0.09050000 0.09049190 16681.83099638 0 386.77668670 0 2737.05890381 0 48.19151683 0 2589.85464665 0 8932
0.09150000 0.09150830 16065.26693739 0 376.62035090 0 3517.33703255 0 -1224.99953427 0 2346.71113256 0 9285
0.09250000 0.09250820 15033.70572628 0 51.84223953 0 2747.29652546 0 -511.13962364 0 1406.92602536 0 9204
0.09350000 0.09350330 15464.08128001 0 282.42983793 0 3845.73181445 0 604.49860447 0 763.77600535 0 9349
0.09450000 0.09448040 15347.09558202 0 -290.01468529 0 2927.10299404 0 413.13636553 0 1414.47242673 0 9564
0.09550000 0.09549270 15345.00851323 0 298.28606845 0 2490.16965047 0 230.22785365 0 -305.51611412 0 10155
0.09650000 0.09649430 15053.58780265 0 -114.80086650 0 2512.91870029 0 131.68964685 0 680.59752640 0 9913
0.09750000 0.09749140 15306.01328057 0 64.19120587 0 2286.79028913 0 -77.69487048 0 -236.45061401 0 10476
0.09850000 0.09850240 15070.06466152 0 242.39766161 0 2322.10568998 0 -166.61180000 0 -56.64030083 0 10575
0.09950000 0.09950330 14438.67142955 0 518.11263032 0 2674.11730292 0 -347.48487058 0 -195.60887470 0 10882
0.10050000 0.10051200 14285.98587067 0 191.46878929 0 2538.46881611 0 375.38348802 0 938.36370350 0 10875
0.10150000 0.10150300 13927.77895879 0 -54.37385397 0 2909.49472419 0 119.84168686 0 -530.82727308 0 11118
0.10250000 0.10250800 13611.64295990 0 471.09536430 0 2831.28456741 0 505.06625346 0 1069.41734360 0 11575
0.10350000 0.10349800 13581.65507675 0 204.01866347 0 2816.14782640 0 -321.78426611 0 1196.23093868 0 11364
0.10450000 0.10450100 13108.76922712 0 -27.71858030 0 2847.89324116 0 -49.29041347 0 757.26105536 0 12093
0.10550000 0.10551000 13095.80743148 0 321.69968490 0 2957.92570470 0 82.70789987 0 277.92945854 0 12067
0.10650000 0.10649700 12934.99328889 0 212.14834564 0 3142.94984526 0 -197.14891178 0 1079.31004967 0 12054
0.10750000 0.10749900 12514.72354192 0 -138.46822659 0 2848.71708410 0 326.74380063 0 1438.15516521 0 12807
0.10850000 0.10850100 12685.86318274 0 176.55723201 0 2689.24305936 0 802.80309328 0 353.51430247 0 12736
0.10950000 0.10950300 12765.61117968 0 100.98304312 0 2408.70806021 0 -209.77677641 0 519.93057708 0 12933
0.11050000 0.11050200 12502.97004926 0 -0.02432149 0 2188.50033367 0 -27.75065525 0 900.67783189 0 13428
0.11150000 0.11150900 12129.38473577 0 34.53044329 0 1979.99117693 0 145.88171462 0 440.69885505 0 13453
0.11250000 0.11250000 11995.15325883 0 -46.23263800 0 2088.59564604 0 228.02764376 0 834.68691365 0 13668
0.11350000 0.11349100 12661.14789443 0 -126.47636870 0 1413.02246315 0 282.98236193 0 -571.04838404 0 13791
0.11450000 0.11448600 12251.97256578 0 148.54437502 0 1631.94499469 0 -8.33589555 0 -99.43707437 0 14205
0.11550000 0.11549300 12014.70579802 0 446.15599071 0 1816.02446201 0 -1150.72185448 0 -308.36001996 0 14776
0.11650000 0.11649800 11578.61826654 0 196.46347445 0 2398.38256198 0 -50.91744836 0 284.35543350 0 14553
0.11750000 0.11747300 11603.11386340 0 -23.37736737 0 2441.68374710 0 912.80260311 0 22.08393395 0 14568
0.11850000 0.11849100 11959.12386076 0 -257.51902423 0 1904.90063877 0 593.08233818 0 238.33886204 0 16015
0.11950000 0.11950300 12013.82703222 0 163.82721085 0 1948.80597537 0 63.60726599 0 799.41105727 0 15270
0.12050000 0.12050700 11789.08267720 0 190.40548267 0 2358.54151723 0 -613.62898120 0 430.85887493 0 15999
0.12150000 0.12150000 11625.63223719 0 54.09198984 0 2399.88744843 0 -172.73130538 0 1014.60212951 0 15670
0.12250000 0.12250700 11698.45995340 0 41.18962073 0 2973.86431952 0 -300.30503289 0 -122.34287404 0 16887
0.12350000 0.12352200 11538.41473089 0 296.62520107 0 3323.63507965 0 -900.73605013 0 -158.21629118 0 16407
0.12450000 0.12449800 11062.78273812 0 250.58226664 0 3754.41706258 0 -77.91379301 0 -175.61255877 0 16306
0.12550000 0.12549900 11290.05354483 0 -277.63617045 0 3076.58105773 0 824.04396128 0 -61.27546092 0 17523
0.12650000 0.12650100 11290.49292773 0 -360.49060452 0 2539.92976427 0 1062.73103427 0 -329.24828318 0 17154
0.12750000 0.12750600 11526.33170106 0 383.17484535 0 2447.21997168 0 -58.66761355 0 -174.64371947 0 18007
0.12850000 0.12850300 11220.30150894 0 495.43388176 0 2221.06959138 0 -347.29593593 0 509.02179805 0 17496
0.12950000 0.12949900 10595.78461940 0 257.11918578 0 2767.46420072 0 -145.39070423 0 535.63302358 0 18405
0.13050000 0.13049000 10402.88454030 0 -101.18537894 0 2546.35573923 0 -59.03878225 0 -177.08229458 0 18100
0.13150000 0.13148800 10685.66039226 0 -24.17902147 0 2150.24106737 0 689.04905654 0 -276.16973001 0 19059
0.13250000 0.13249300 10325.08081270 0 -5.98683372 0 2390.81419147 0 -141.50436245 0 -10.20081234 0 18957
0.13350000 0.13349100 10250.69328718 0 165.14645802 0 1771.82254194 0 363.25871681 0 290.88246653 0 19468
0.13450000 0.13450700 10366.61348163 0 137.88494578 0 2019.53563823 0 -35.14656797 0 -67.36311105 0 19953
0.13550000 0.13551000 10172.48313040 0 66.03859128 0 1669.33647976 0 -148.79592173 0 -561.88725051 0 19956
0.13650000 0.13649900 9765.94409917 0 266.39785424 0 2105.89634786 0 -55.54041558 0 -548.23232833 0 19723
0.13750000 0.13749600 9764.30739785 0 60.20688170 0 1700.74137277 0 -192.10589450 0 -214.09041807 0 20946
0.13850000 0.13851100 9464.40659724 0 105.13718878 0 1634.57030754 0 424.44168763 0 -572.06335855 0 20955
0.13950000 0.13949800 9219.47259782 0 193.58331952 0 1994.80936534 0 -377.50680590 0 -705.17990138 0 20506
0.14050000 0.14048300 9017.79584523 0 337.09236646 0 1650.51990693 0 71.31689810 0 -569.40948581 0 21447
0.14150000 0.14148400 8815.62478687 0 -82.97746128 0 1832.98464208 0 558.21620635 0 45.25171567 0 21771
0.14250000 0.14249400 8922.37286321 0 -173.88578396 0 1351.57476413 0 261.25597582 0 -229.60832375 0 22470
0.14350000 0.14350900 8856.54231973 0 186.51035323 0 1002.50042589 0 561.33252959 0 458.68060036 0 22519
0.14450000 0.14449900 8982.93081185 0 2.66889963 0 1073.98912271 0 -151.04006991 0 373.15801362 0 22218
0.14550000 0.14550500 8636.80692981 0 78.38558040 0 1036.28677424 0 237.52490521 0 937.38827346 0 23559
0.14650000 0.14650700 8950.46041530 0 48.51413373 0 1122.89793213 0 -175.21601570 0 607.71708423 0 23044
0.14750000 0.14750500 8545.74482312 0 131.05913238 0 1282.05340426 0 -363.50477123 0 656.55010010 0 23649
0.14850000 0.14849900 8438.91985476 0 303.23681531 0 1606.14223370 0 -104.73636172 0 856.85487958 0 23640
0.14950000 0.14949500 8091.19222513 0 80.93982307 0 1725.10515475 0 -51.83641770 0 1008.81545667 0 24457
0.15050000 0.15050000 8142.99546942 0 11.96868044 0 1653.98004729 0 562.93298182 0 981.97465357 0 24591
0.15150000 0.15149900 8161.96582627 0 130.23309252 0 1446.28374892 0 226.75782717 0 816.30093607 0 25020
0.15250000 0.15250500 7892.22866196 0 -58.65739789 0 1334.88919838 0 -185.03292822 0 1255.32793917 0 25297
0.15350000 0.15350100 7902.68597506 0 159.39823119 0 1313.30451325 0 -57.01619290 0 686.73131173 0 25452
0.15450000 0.15450400 7700.04258008 0 85.68647657 0 1408.25515865 0 1.23512731 0 939.64560313 0 26061
0.15550000 0.15549900 7634.09120630 0 71.41553956 0 1568.42121145 0 5.53013913 0 701.13757867 0 26128
0.15650000 0.15649500 7514.12868914 0 129.49163388 0 1441.48349070 0 1.77276722 0 443.46257351 0 26331
0.15750000 0.15749700 7622.90891141 0 68.97004417 0 1251.26364731 0 78.79486558 0 125.39768367 0 27345
0.15850000 0.15849900 7322.43691302 0 169.99834373 0 1626.97996789 0 -448.18703818 0 344.82111173 0 26980
0.15950000 0.15949700 7098.64821582 0 195.45399223 0 1559.73241454 0 -273.93436949 0 82.75645168 0 27777
0.16050000 0.16050000 7049.86572899 0 -23.64637955 0 2000.07097561 0 198.03976061 0 12.71376400 0 28224
0.16150000 0.16150500 7159.25010275 0 -66.99029465 0 1446.77805469 0 274.44405366 0 -126.58401751 0 28075
0.16250000 0.16249700 6942.65630059 0 23.53960950 0 1386.78031925 0 351.78423229 0 615.11299695 0 28590
0.16350000 0.16349900 7110.83010681 0 107.00555473 0 1552.48259664 0 180.67205290 0 574.33057433 0 29163
0.16450000 0.16449100 7068.52851780 0 29.38570888 0 1207.16058840 0 -23.46106981 0 480.73981902 0 28996
0.16550000 0.16550500 6860.18412965 0 77.46737998 0 1219.18869538 0 59.98158812 0 1017.22304852 0 30777
0.16650000 0.16650700 6756.54468735 0 32.29112833 0 1203.34894171 0 79.34134806 0 1300.32074846 0 29211
0.16750000 0.16749900 6868.35665165 0 142.49517090 0 1360.75786680 0 33.59840231 0 836.32910725 0 30922
0.16850000 0.16850800 6668.17380093 0 62.46311291 0 1398.68759593 0 -210.31721739 0 1153.85245766 0 30867
0.16950000 0.16949900 6614.56908673 0 -3.24479880 0 1466.00105671 0 157.56380756 0 1066.70415417 0 30852
0.17050000 0.17049200 6559.75606955 0 31.68247316 0 1566.71860270 0 -179.14080349 0 875.37596741 0 31257
0.17150000 0.17149500 6557.39438645 0 168.79333611 0 1558.60100357 0 -29.21907291 0 657.54200701 0 32608
0.17250000 0.17250900 6439.32121577 0 104.18790201 0 1618.23624811 0 -197.56962091 0 702.66004043 0 32361
0.17350000 0.17350400 6290.56813388 0 12.25647624 0 1437.22147654 0 222.66277851 0 923.79156952 0 32508
0.17450000 0.17449800 6364.09886274 0 -13.23783795 0 1704.90452578 0 162.64636930 0 585.16355981 0 32791
0.17550000 0.17549800 6238.98458103 0 13.27957933 0 1382.15581419 0 26.04288375 0 862.45371622 0 33633
0.17650000 0.17650100 6335.92343406 0 101.08190427 0 1542.51958931 0 142.23483653 0 464.15860671 0 33984
0.17750000 0.17750300 6236.58994421 0 46.40948962 0 1488.99176712 0 -295.80465350 0 646.50910230 0 34069
0.17850000 0.17849800 6269.65350768 0 117.57337262 0 1516.80470489 0 -161.54132130 0 748.38661917 0 34536
0.17950000 0.17950400 6096.82224269 0 -51.31388159 0 1621.90509535 0 227.24773911 0 720.13429849 0 35343
0.18050000 0.18050100 6273.66287667 0 -88.49358409 0 1435.89234326 0 379.73667414 0 735.89716014 0 34990
0.18150000 0.18150500 6249.41992499 0 -28.03394738 0 1183.65360308 0 415.38161216 0 907.71784446 0 36243
0.18250000 0.18250200 6374.22663866 0 73.37507747 0 1146.95414608 0 -23.88771061 0 878.38134647 0 35694
0.18350000 0.18350400 6254.79138098 0 67.55501153 0 1331.76957976 0 -324.27337026 0 1062.60471169 0 37087
0.18450000 0.18450600 6153.14014631 0 86.53503480 0 1214.03693084 0 -173.90116236 0 719.80256440 0 36651
0.18550000 0.18550700 5969.42316989 0 139.98958989 0 1615.65487355 0 -225.53304733 0 378.74696415 0 37818
0.18650000 0.18651000 6008.44037170 0 55.76098579 0 1374.97190372 0 -18.36774320 0 204.14278914 0 37267
0.18750000 0.18750100 6001.54206012 0 29.31947191 0 1565.85082147 0 94.48204353 0 -38.75576898 0 38334
0.18850000 0.18850000 5866.36590993 0 89.21680835 0 1506.45723752 0 -189.05657715 0 237.97637115 0 38223
0.18950000 0.18949500 5835.65304499 0 5.77032779 0 1358.73670545 0 222.65948314 0 -2.88246169 0 39064
0.19050000 0.19050000 5773.30461102 0 -8.10820733 0 1276.56111797 0 114.87446314 0 -231.32850782 0 39609
0.19150000 0.19149800 5768.57026024 0 -0.80567776 0 1107.93694427 0 377.53207042 0 147.17789419 0 39576
0.19250000 0.19250400 5756.01489378 0 72.99534079 0 1023.39088603 0 -139.91819017 0 14.03410962 0 40909
0.19350000 0.19350500 5605.07588194 0 110.34442541 0 929.66831585 0 101.53721480 0 245.57330154 0 40191
0.19450000 0.19450100 5549.81249728 0 129.40156038 0 936.70283613 0 92.60488992 0 477.04790418 0 41232
0.19550000 0.19549800 5424.08307951 0 -80.93971322 0 984.88446684 0 231.22854821 0 550.88070878 0 40873
0.19650000 0.19649700 5700.01554276 0 59.31229811 0 858.27848019 0 139.21407907 0 165.95711947 0 42816
0.19750000 0.19750200 5392.09600416 0 75.63449420 0 683.58313322 0 -138.45834047 0 710.52060057 0 41727
0.19850000 0.19849000 5393.38119915 0 16.30857522 0 877.67723536 0 148.79152790 0 826.28591254 0 42610
0.19950000 0.19949900 5325.99084636 0 -10.83768688 0 751.69956626 0 165.37054330 0 1048.57192021 0 43863
0.20050000 0.20050100 5381.77050593 0 68.79736669 0 638.89459659 0 184.78687379 0 1076.86817918 0 43302
0.20150000 0.20150100 5305.15311218 0 107.02873217 0 546.48028901 0 -32.91186652 0 941.18783712 0 44487
0.20250000 0.20249700 5068.30375818 0 115.24464324 0 844.05345869 0 -212.87003205 0 1119.24006946 0 43759
0.20350000 0.20349100 4992.62005309 0 157.82743731 0 836.12918803 0 -8.51402138 0 822.10298730 0 45282
0.20450000 0.20449700 4802.03771881 0 104.35168199 0 1012.04052718 0 -145.81031490 0 1009.77111448 0 45483
0.20550000 0.20549900 4733.51595504 0 11.59026191 0 758.03876309 0 150.07123061 0 880.79465706 0 46138
0.20650000 0.20650200 4868.09893831 0 -2.10293051 0 719.93218235 0 374.65301395 0 898.76431935 0 46227
0.20750000 0.20749300 4871.26249521 0 -44.21345387 0 447.99810353 0 14.62914392 0 789.21298008 0 46236
0.20850000 0.20850300 4738.67870416 0 34.82417076 0 405.56579810 0 -1.58755634 0 938.83713858 0 48361
0.20950000 0.20950400 4693.36734226 0 49.58688708 0 463.12935226 0 -97.84233413 0 726.45262464 0 46812
0.21050000 0.21050300 4651.31839842 0 129.61466109 0 542.32921903 0 -223.44927391 0 476.62939196 0 48813
0.21150000 0.21149700 4581.25879449 0 140.12250322 0 746.81802220 0 -109.25014229 0 355.49921474 0 47215
0.21250000 0.21249000 4505.77281171 0 -43.59216644 0 621.88388749 0 88.75633507 0 430.22616355 0 50004
0.21350000 0.21350300 4605.53469990 0 -82.89167177 0 544.32072204 0 138.62310906 0 209.72075509 0 49509
0.21450000 0.21449800 4570.74655853 0 88.33716378 0 582.92160855 0 -94.97393269 0 161.13049828 0 49660
0.21550000 0.21550100 4608.50053449 0 110.56960915 0 452.56548881 0 -38.55563007 0 354.95877377 0 50841
0.21650000 0.21649800 4404.85754341 0 44.60560311 0 689.87070257 0 -65.48650667 0 400.50740243 0 50424
0.21750000 0.21750300 4342.30040256 0 57.22874438 0 689.87619486 0 -2.97305146 0 284.77065034 0 52231
0.21850000 0.21850300 4270.75788134 0 62.01197651 0 582.38336449 0 -10.24904560 0 298.28387153 0 51078
0.21950000 0.21950100 4270.70295847 0 47.92030773 0 636.65484224 0 195.57811790 0 326.38021128 0 52791
0.22050000 0.22050700 4301.21810110 0 -8.54693116 0 555.95118749 0 -57.78357514 0 403.02946030 0 52969
0.22150000 0.22150000 4169.65587530 0 77.29558127 0 649.34092512 0 -1.85944648 0 251.66314858 0 52704
0.22250000 0.22250100 4139.19565553 0 99.85602597 0 551.53758622 0 27.00623077 0 309.45408339 0 54051
0.22350000 0.22349900 4149.57607662 0 -43.22077804 0 518.69591112 0 95.09750913 0 362.08885983 0 53938
0.22450000 0.22449800 4177.81741273 0 10.75396246 0 526.62128024 0 132.77272571 0 212.96999166 0 54735
0.22550000 0.22549100 4082.19670840 0 44.11008904 0 426.47053818 0 -188.48208401 0 405.78878493 0 54774
0.22650000 0.22649900 3961.48724031 0 89.09883404 0 545.26759219 0 -98.75042874 0 327.29412772 0 56911
0.22750000 0.22749800 4097.88267805 0 24.40804981 0 550.42704594 0 6.32537824 0 214.48696114 0 54879
0.22850000 0.22849100 3955.99495402 0 -17.51424191 0 486.03657992 0 220.57351281 0 136.02635610 0 57210
0.22950000 0.22949800 4056.32803998 0 37.11643137 0 430.06578879 0 41.17358325 0 165.98787628 0 57375
0.23050000 0.23049600 4036.70959335 0 135.96264558 0 394.91735344 0 -95.02490110 0 180.16676256 0 57604
0.23150000 0.23150100 3807.76913160 0 87.76530693 0 589.38053722 0 -245.73697167 0 75.23817082 0 58629
0.23250000 0.23250200 3819.32490196 0 -32.96547124 0 510.13563371 0 176.18265809 0 199.91592561 0 58560
0.23350000 0.23350400 3872.91863158 0 -91.39790508 0 395.48635430 0 265.09398548 0 80.32995960 0 59305
0.23450000 0.23449700 3941.46236449 0 60.31760619 0 207.39532108 0 -13.16665792 0 210.72035120 0 59196
0.23550000 0.23549300 3847.43442320 0 128.85452867 0 300.66422841 0 -114.72067913 0 -31.83757532 0 60063
0.23650000 0.23649900 3692.62884181 0 44.53903660 0 277.57795222 0 63.83838140 0 452.16345345 0 61537
0.23750000 0.23750400 3752.30802464 0 -16.48279054 0 287.90674581 0 207.67323077 0 285.47805682 0 61224
0.23850000 0.23850100 3702.18541995 0 73.58740925 0 226.03833766 0 129.30379768 0 459.84276814 0 61221
0.23950000 0.23949400 3706.63417185 0 21.25404949 0 298.30254531 0 -100.68206583 0 448.61983034 0 62332
0.24050000 0.24050100 3622.18477784 0 84.60910969 0 330.86631072 0 -222.65618777 0 431.33340847 0 63447
0.24150000 0.24150500 3475.39793444 0 82.26642990 0 409.99697468 0 17.27510776 0 643.42683124 0 63342
0.24250000 0.24250300 3620.81170627 0 -35.76862431 0 265.83654258 0 158.53374532 0 513.49910983 0 63379
0.24350000 0.24349600 3537.37289294 0 -23.18019429 0 322.45432504 0 162.54311432 0 477.08635018 0 64266
0.24450000 0.24449500 3603.75266505 0 91.66219390 0 212.35156023 0 53.20410683 0 667.61705698 0 64695
0.24550000 0.24549600 3449.85880319 0 6.60748404 0 256.79074706 0 -84.30648472 0 787.19950793 0 65947
0.24650000 0.24650000 3489.78772452 0 -2.87852921 0 259.54348095 0 42.75305494 0 467.13652434 0 66018
0.24750000 0.24750000 3479.86865548 0 31.48321301 0 26.66065611 0 60.66274146 0 500.98658320 0 66303
0.24850000 0.24849600 3498.10304596 0 -4.33205180 0 174.89636464 0 -17.61244399 0 488.87279656 0 66958
0.24950000 0.24949200 3478.84709023 0 71.04645792 0 -5.63419598 0 -18.73243101 0 463.27105325 0 66975
0.25050000 0.25048900 3472.50899185 0 27.32698028 0 207.75891043 0 -37.36720916 0 429.32323168 0 68676
0.25150000 0.25150000 3380.06282901 0 92.92146530 0 72.57880580 0 -146.41776177 0 271.39913014 0 69349
0.25250000 0.25249900 3404.59137958 0 94.56256044 0 366.95502548 0 -128.68316933 0 115.84110553 0 68592
0.25350000 0.25349900 3261.58322914 0 16.45302235 0 331.05524537 0 -79.36782088 0 162.27838612 0 70437
0.25450000 0.25450100 3249.52216845 0 -64.48800902 0 343.13278292 0 194.40496554 0 287.16089334 0 70099
0.25550000 0.25550100 3385.13770154 0 32.59803728 0 153.21062145 0 195.70114511 0 176.73518209 0 71064
0.25650000 0.25650300 3337.62942512 0 19.65996831 0 102.14993426 0 -23.00246391 0 277.65594268 0 71409
0.25750000 0.25750600 3288.06703364 0 87.02857165 0 228.07817279 0 -99.92127433 0 287.85731524 0 72612
0.25850000 0.25850600 3186.67942871 0 67.26029545 0 84.26551226 0 46.42574679 0 304.07164282 0 71845
0.25950000 0.25949600 3102.28495757 0 24.94277881 0 222.86599310 0 68.87162240 0 253.35367430 0 72816
0.26050000 0.26049800 3124.21016444 0 70.03225234 0 101.83588533 0 -71.19738595 0 328.20584724 0 73743
0.26150000 0.26149900 3089.96026713 0 66.61605027 0 144.15493981 0 -3.63695903 0 333.89036355 0 74662
0.26250000 0.26250300 3096.12261235 0 -47.38448028 0 38.85034615 0 3.98110569 0 179.71749355 0 74931
0.26350000 0.26350100 3038.00323882 0 13.49982001 0 -25.86438445 0 162.92208207 0 281.40827268 0 75087
0.26450000 0.26450200 3075.88902966 0 -40.00141951 0 2.64452486 0 26.46480118 0 308.75436612 0 76678
0.26550000 0.26550600 3096.07867406 0 44.94304918 0 23.62990269 0 7.49964004 0 249.41021275 0 76035
0.26650000 0.26650100 3096.36427295 0 73.37914176 0 -78.24135297 0 -11.28533018 0 354.81817124 0 77094
0.26750000 0.26750600 3151.73750333 0 3.75878892 0 -131.51828752 0 66.57507781 0 429.24084739 0 78463
0.26850000 0.26850100 3166.89621349 0 7.36916528 0 -41.54046798 0 55.48538287 0 399.09258948 0 77076
0.26950000 0.26949700 3073.27470138 0 35.34143429 0 -92.06950185 0 -64.06532267 0 528.59520793 0 79149
0.27050000 0.27049900 3046.61514373 0 92.75592779 0 -42.38166654 0 -27.57841715 0 513.53755584 0 79648
0.27150000 0.27150200 2933.08958610 0 55.90543292 0 46.93499157 0 -80.46023663 0 491.41352820 0 80241
0.27250000 0.27250500 2957.50829095 0 63.20556017 0 180.48531517 0 -1.56321452 0 339.19261674 0 80835
0.27350000 0.27350000 2853.07795942 0 90.43258084 0 164.53901115 0 -144.90957995 0 274.31882953 0 80680
0.27450000 0.27450400 2872.67443690 0 -4.43353826 0 155.31526556 0 20.05815907 0 387.83010721 0 82617
0.27550000 0.27550800 2768.83727229 0 13.65722894 0 163.75361421 0 -46.58711016 0 350.26616436 0 82548
0.27650000 0.27649900 2798.23198852 0 27.82721772 0 68.48837066 0 150.12066118 0 195.05305533 0 81181
0.27750000 0.27748900 2881.46209497 0 -12.44617981 0 118.42907083 0 63.24499479 0 228.98000620 0 84096
0.27850000 0.27849800 2841.99452568 0 15.54470804 0 28.99949131 0 -4.24224193 0 282.16840510 0 85215
0.27950000 0.27950200 2846.02586382 0 6.42269057 0 -76.99658120 0 160.93826826 0 418.13214914 0 84514
0.28050000 0.28050300 2854.83549103 0 -0.40509236 0 -81.87175420 0 31.59283905 0 430.24264041 0 85815
0.28150000 0.28150100 2824.26542553 0 54.24445570 0 -111.82404734 0 -1.22778962 0 481.82070096 0 85485
0.28250000 0.28250000 2813.76417415 0 72.03089532 0 -112.24915029 0 -10.00836263 0 417.25448179 0 87220
0.28350000 0.28350400 2788.20307375 0 41.78981777 0 -0.22144788 0 -97.90736279 0 540.87486162 0 87147
0.28450000 0.28449700 2779.67904543 0 46.64137395 0 -105.05568325 0 70.72746594 0 418.26396401 0 87102
0.28550000 0.28549800 2647.01836236 0 53.24310207 0 75.69963272 0 -99.42169597 0 492.75803988 0 88971
0.28650000 0.28649900 2678.54408567 0 20.33925428 0 -50.65239062 0 -1.38355085 0 504.21055526 0 89434
0.28750000 0.28750100 2702.86392937 0 -23.59409298 0 -16.57528064 0 107.67967795 0 325.30482162 0 89619
0.28850000 0.28849900 2663.96755785 0 10.02343347 0 -174.67337782 0 -28.94401921 0 298.97919498 0 90240
0.28950000 0.28950100 2634.53988791 0 124.43323820 0 -26.23203809 0 -117.02414400 0 115.59834647 0 91333
0.29050000 0.29050500 2519.57535127 0 111.67136178 0 -81.17203693 0 -80.85732893 0 305.82478061 0 92139
0.29150000 0.29150600 2515.93945775 0 -26.70591255 0 25.81780986 0 121.46300978 0 155.68434720 0 92370
0.29250000 0.29250200 2555.83542536 0 -10.74308774 0 -88.93483437 0 50.07031812 0 85.24017339 0 91819
0.29350000 0.29349600 2531.98791829 0 77.59502071 0 -75.11668145 0 -112.02176964 0 88.60562673 0 93552
0.29450000 0.29450000 2450.93275721 0 49.93037467 0 -130.42092872 0 12.57447962 0 147.70185830 0 94701
0.29550000 0.29550200 2523.69456599 0 -1.59244447 0 -31.78902351 0 64.93057745 0 151.05325140 0 95020
0.29650000 0.29650300 2492.17982726 0 -12.55305970 0 -55.41738836 0 2.82258479 0 179.97782792 0 95151
0.29750000 0.29749800 2440.78301215 0 45.76403613 0 -123.30292568 0 4.59452816 0 164.16553569 0 95802
0.29850000 0.29850000 2498.69367880 0 12.00119477 0 -141.52193777 0 -26.41888567 0 259.07334125 0 97399
0.29950000 0.29950700 2447.30784826 0 49.60336394 0 38.35505177 0 23.46744086 0 230.59913220 0 97881
0.30050000 0.30050300 2432.45670613 0 78.81705441 0 -25.53352912 0 -55.29161501 0 233.65394184 0 97188
0.30150000 0.30149700 2395.82315657 0 31.52473470 0 -19.80331699 0 92.10805770 0 352.40046681 0 98263
0.30250000 0.30249700 2360.84827747 0 6.60969194 0 48.33058152 0 21.02403254 0 333.30049201 0 100050
0.30350000 0.30350600 2406.04979364 0 13.94128998 0 -112.50399238 0 53.43621085 0 370.95890219 0 100779
0.30450000 0.30450500 2365.17619907 0 15.84008320 0 -101.15967504 0 37.54801523 0 459.84716197 0 99982
0.30550000 0.30550300 2384.35526280 0 14.27972466 0 -233.22114968 0 63.09911966 0 420.73659130 0 101559
0.30650000 0.30649700 2352.70870919 0 37.31338476 0 -97.59990461 0 -13.65997508 0 530.41535161 0 100935
0.30750000 0.30749800 2370.77833109 0 25.79573087 0 -204.63599645 0 -38.14491690 0 449.83801944 0 103762
0.30850000 0.30850200 2387.91426431 0 -13.55221642 0 -119.34628264 0 12.66444327 0 423.51788507 0 102951
0.30950000 0.30950100 2345.92024333 0 52.51515444 0 -163.08794912 0 42.57422610 0 419.69525382 0 104394
0.31050000 0.31050000 2335.14437763 0 39.30378931 0 -152.44939057 0 10.83652251 0 472.06090823 0 103963
0.31150000 0.31149700 2344.10778886 0 25.57845602 0 -170.45530195 0 -11.22996793 0 457.07795123 0 105936
0.31250000 0.31250000 2355.03743858 0 22.82396460 0 -173.14871914 0 -8.71666477 0 369.67370720 0 105717
0.31350000 0.31349800 2383.60831186 0 14.72888384 0 -198.78121926 0 44.71654729 0 412.84966818 0 106776
0.31450000 0.31450400 2341.14195426 0 8.50138912 0 -242.75685713 0 -67.33004748 0 268.02027561 0 108733
0.31550000 0.31549900 2280.71582049 0 68.05546866 0 -236.84386171 0 -12.14003977 0 426.48701504 0 105891
0.31650000 0.31650000 2260.65799096 0 1.79784499 0 -271.84839916 0 28.38435524 0 394.90197504 0 111072
0.31750000 0.31750600 2256.07742419 0 33.55951692 0 -283.64143628 0 93.48980709 0 312.63960944 0 108121
0.31850000 0.31849900 2233.69086527 0 68.21836987 0 -319.04141834 0 48.60816167 0 361.52095743 0 110484
0.31950000 0.31950100 2199.23226108 0 52.55865335 0 -299.14396356 0 -21.82195189 0 481.63725860 0 110817
0.32050000 0.32049800 2177.03243990 0 55.46956508 0 -292.86737879 0 18.62653973 0 532.85832055 0 111088
0.32150000 0.32149900 2140.71744294 0 -17.12363051 0 -356.53945376 0 8.35415191 0 492.47024408 0 112635
0.32250000 0.32250100 2128.21699934 0 41.15172395 0 -289.74007098 0 23.89276351 0 479.38651968 0 113202
0.32350000 0.32350400 2159.77567637 0 38.51322962 0 -334.17156861 0 -27.36784289 0 513.34971964 0 113863
0.32450000 0.32450300 2116.83698215 0 -5.00963516 0 -266.49891231 0 37.69202297 0 671.39355303 0 114045
0.32550000 0.32549900 2134.46722114 0 16.21916080 0 -343.63477789 0 -49.32270811 0 354.14811231 0 114828
0.32650000 0.32650300 2138.01523809 0 67.23843615 0 -324.64904264 0 0.96815496 0 498.43376854 0 116431
0.32750000 0.32750400 2120.33007623 0 60.39559666 0 -264.30419471 0 -25.42159633 0 466.69055069 0 116442
0.32850000 0.32850400 2115.39800314 0 13.45774910 0 -214.66271430 0 -16.40051609 0 533.30868803 0 116955
0.32950000 0.32949800 2080.00571029 0 59.13149205 0 -213.12157877 0 9.33146032 0 486.54516563 0 117028
0.33050000 0.33049700 1976.90451204 0 23.06672366 0 -235.82998566 0 -60.92955673 0 616.57724048 0 119061
0.33150000 0.33150100 2003.91557601 0 5.54605577 0 -254.46091922 0 119.26170143 0 631.26800785 0 120060
0.33250000 0.33250400 2036.27612684 0 25.96401452 0 -206.28148542 0 42.95934522 0 588.45124238 0 119737
0.33350000 0.33350100 2011.34114708 0 33.87971721 0 -304.63624986 0 3.24897294 0 680.48328684 0 120531
0.33450000 0.33450000 2035.77083650 0 36.74899742 0 -291.80077679 0 42.72471475 0 683.21624850 0 121704
0.33550000 0.33550300 2021.17233954 0 12.30777419 0 -252.98788804 0 -117.29656140 0 644.51650084 0 122761
0.33650000 0.33650300 1995.19382538 0 39.42527868 0 -296.11441845 0 28.49464035 0 540.24105178 0 122472
0.33750000 0.33749900 2039.34082259 0 -17.63221622 0 -244.39245999 0 16.22926661 0 525.17241511 0 122985
0.33850000 0.33849800 1961.04278923 0 7.37447083 0 -315.15507656 0 -73.23194849 0 465.95128896 0 125380
0.33950000 0.33950300 2032.26675785 0 43.05886544 0 -302.25918835 0 45.02861900 0 468.26573840 0 125223
0.34050000 0.34050000 2033.10158536 0 45.93418716 0 -347.71664506 0 -15.77593330 0 496.20609722 0 125178
0.34150000 0.34149900 2006.46399685 0 2.41380490 0 -349.37092169 0 12.47583815 0 479.44693483 0 127059
0.34250000 0.34250300 2008.45220449 0 27.77372285 0 -339.87585715 0 39.75635370 0 411.77098316 0 127957
0.34350000 0.34349800 1995.04004137 0 50.32494052 0 -332.14601343 0 -46.82778214 0 528.81050555 0 126732
0.34450000 0.34449700 2019.28299306 0 37.05195193 0 -331.69344904 0 35.69074369 0 535.67915879 0 129639
0.34550000 0.34550000 2020.56818805 0 2.54481790 0 -309.03557117 0 -28.38721123 0 455.08315284 0 129826
0.34650000 0.34650400 1922.03657199 0 50.66271612 0 -310.45807332 0 -48.15372990 0 435.94802741 0 130875
0.34750000 0.34750200 1935.17412080 0 27.78888156 0 -238.01152178 0 4.68899548 0 636.56586720 0 130686
0.34850000 0.34850200 1926.74895363 0 1.71183579 0 -236.97347967 0 -0.28789247 0 364.89761504 0 132211
0.34950000 0.34950400 1954.62779884 0 75.68194755 0 -261.20874216 0 9.14650208 0 486.23100686 0 132768
0.35050000 0.35050300 1891.92785855 0 50.69951444 0 -225.75054186 0 -59.85109140 0 450.60474260 0 132957
0.35150000 0.35150100 1901.95677331 0 55.05775346 0 -133.12423203 0 -71.42048262 0 356.51858307 0 133987
0.35250000 0.35249800 1840.16855254 0 56.21519787 0 -146.65612699 0 -110.91013090 0 196.66998441 0 134778
0.35350000 0.35349800 1824.35076803 0 15.85007916 0 -74.00680024 0 -4.80992464 0 257.98806547 0 135699
0.35450000 0.35450100 1799.29495797 0 -5.71190085 0 -192.38270573 0 39.76195583 0 235.24560640 0 137380
0.35550000 0.35550100 1862.31345087 0 -31.58668769 0 -275.45463434 0 181.76501788 0 289.87408276 0 136161
0.35650000 0.35649900 1896.36562587 0 -18.87061693 0 -413.44503202 0 160.49339307 0 236.08812312 0 138792
0.35750000 0.35750000 1952.78239065 0 53.27748378 0 -503.68109886 0 8.02772336 0 330.48075223 0 138097
0.35850000 0.35849800 1860.07259806 0 58.70232479 0 -469.82554771 0 -89.60148808 0 341.47850629 0 140028
0.35950000 0.35950300 1804.33687678 0 99.58240027 0 -386.68221938 0 -53.52705327 0 407.96922259 0 141099
0.36050000 0.36050500 1745.34972202 0 51.66505837 0 -306.75297699 0 -47.21399971 0 377.60676551 0 140821
0.36150000 0.36150200 1732.35497266 0 22.59427719 0 -294.02625120 0 -15.98793555 0 344.08953920 0 141756
0.36250000 0.36250400 1746.23947240 0 4.45559528 0 -312.55392977 0 84.67194145 0 260.00922683 0 142971
0.36350000 0.36349900 1749.58976704 0 8.95910527 0 -341.40600811 0 -71.93972337 0 438.05706534 0 142270
0.36450000 0.36450000 1737.90218181 0 58.32961825 0 -340.86007486 0 -33.56676674 0 338.08647028 0 145311
0.36550000 0.36550300 1672.10459205 0 51.06892562 0 -248.59735437 0 5.19663652 0 397.45149434 0 145434
0.36650000 0.36650100 1748.95266183 0 30.72143290 0 -219.71232231 0 18.38993203 0 391.71754745 0 144547
0.36750000 0.36749600 1683.24294865 0 17.35815113 0 -193.94251504 0 -17.82104102 0 419.59968803 0 146892
0.36850000 0.36849900 1689.35037100 0 43.81932740 0 -236.01232957 0 35.76214342 0 441.09649658 0 148113
0.36950000 0.36949900 1660.36208396 0 44.71281254 0 -168.27706120 0 -54.72382245 0 459.35395466 0 147387
0.37050000 0.37049800 1698.28082851 0 2.74737342 0 -152.85252438 0 9.16917424 0 465.21751951 0 149758
0.37150000 0.37150100 1622.90469146 0 37.69367066 0 -158.90172850 0 -29.90692685 0 448.30017928 0 150099
0.37250000 0.37250000 1640.71068361 0 8.47281825 0 -110.81566357 0 -101.47800796 0 377.09598289 0 150468
0.37350000 0.37349800 1671.48945599 0 16.12974638 0 -158.36458291 0 30.34488176 0 351.47007351 0 150709
0.37450000 0.37449700 1691.09691804 0 9.13722012 0 -195.93951033 0 79.42087637 0 334.53076414 0 153108
0.37550000 0.37550100 1700.55463504 0 16.19400613 0 -297.04920557 0 78.70094748 0 317.23555461 0 153189
0.37650000 0.37649900 1716.70195673 0 63.02925778 0 -272.29766818 0 29.44689295 0 361.01566709 0 153547
0.37750000 0.37749900 1645.20337380 0 7.98855238 0 -288.56252480 0 -13.64932004 0 339.99119517 0 155424
0.37850000 0.37850200 1669.78684724 0 41.46698119 0 -347.38600943 0 48.48392615 0 434.04220406 0 155313
0.37950000 0.37949900 1608.84443855 0 23.39351469 0 -336.12352716 0 -15.42574512 0 434.12678527 0 156100
0.38050000 0.38050000 1614.84201518 0 48.45141182 0 -332.57441176 0 21.39102711 0 334.51758265 0 157557
0.38150000 0.38149800 1589.70931312 0 63.07264684 0 -364.39232470 0 -85.75414154 0 408.26031376 0 157692
0.38250000 0.38250100 1552.19699775 0 58.36773471 0 -247.62741662 0 -21.69694745 0 409.54221338 0 159703
0.38350000 0.38350500 1504.54592189 0 -0.80446067 0 -346.53470505 0 91.41416225 0 387.46102558 0 160338
0.38450000 0.38450600 1539.08141809 0 -0.55369276 0 -341.69270546 0 73.07410018 0 360.62901013 0 160167
0.38550000 0.38550000 1568.75074863 0 24.60873795 0 -410.33529952 0 -5.12153500 0 430.32941853 0 160033
0.38650000 0.38649600 1551.68072284 0 42.54445791 0 -404.83093020 0 -6.13947534 0 468.30418440 0 162444
0.38750000 0.38750200 1516.78273575 0 27.25129658 0 -374.41245181 0 -74.90654658 0 415.27945564 0 164307
0.38850000 0.38850400 1506.20459235 0 55.48955701 0 -398.83335357 0 20.75710742 0 437.34416658 0 163882
0.38950000 0.38950500 1505.77619402 0 45.06069395 0 -290.47823426 0 -49.13915591 0 365.83130371 0 164595
0.39050000 0.39050100 1486.65205316 0 -7.20724170 0 -376.47535454 0 82.01246658 0 526.29393997 0 165006
0.39150000 0.39150100 1502.90922058 0 -21.29315457 0 -379.84322449 0 88.08957151 0 376.85542075 0 166687
0.39250000 0.39250100 1562.11606679 0 42.28192663 0 -471.56660246 0 33.97978667 0 512.81477096 0 167256
0.39350000 0.39350100 1539.58670843 0 62.95840729 0 -516.71099885 0 -14.72888384 0 480.66732084 0 167937
0.39450000 0.39449600 1477.62273450 0 35.18677150 0 -432.31103543 0 -14.94571930 0 619.46728152 0 167719
0.39550000 0.39549700 1478.42460830 0 49.31809459 0 -445.26184650 0 -31.86635490 0 480.54429363 0 171636
0.39650000 0.39650400 1397.91867585 0 37.52527716 0 -398.59718526 0 13.53332296 0 567.72774775 0 171093
0.39750000 0.39750000 1398.08344444 0 81.83001283 0 -327.73351062 0 -132.02907014 0 449.00099501 0 170464
0.39850000 0.39849800 1315.66619636 0 73.45229901 0 -335.61713836 0 -59.90118105 0 498.87754527 0 172113
0.39950000 0.39949500 1308.15274871 0 7.29506336 0 -244.80547992 0 -24.27799247 0 393.30591665 0 173232
