### header ###
fiducial parameters:
Omega_m = 0.31
Omega_nu = 0
Omega_de = 0.69
Omega_k = 0
H_0 = 100
w_de = -1
zeff = 0
beta = 0
fgrowth = 0
b_1 = 2
gamma = 0.55
############################
logbin 1
mins 0.1
maxs 10000
s bins 500
############################
Nmock 3757351
normR 921996
############################
11 columns: s_central s_mean W0(s) W1(s) W2(s) W3(s) W4(s) W5(s) W6(s) W7(s) W8(s)
### header ###
0.101165 0.101134 629.64 0.0469041 4.10665 0.0495608 -737.027 -0.097266 121.058 -0.0137055 -286.918
0.103521 0.103935 243.121 0.015161 205.009 0.037871 -374.321 -0.0541394 140.71 0.0725336 -368.024
0.105932 0.106185 331.634 0.022512 260.419 0.0717014 -859.157 -0.111926 -69.9816 -0.0585708 310.144
0.1084 0.109308 215.08 0.0214256 -391.767 -0.0421443 168.659 0.00121848 211.163 0.0943327 -487.462
0.110925 0.111431 324.647 0.0311775 -244.803 0.00816788 -434.068 -0.101973 342.818 -0.0187315 347.405
0.113509 0.112938 500.448 0.0392844 196.993 0.0376718 -208.132 -0.11655 859.931 0.110761 205.562
0.116153 0.115001 118.888 0.000630271 557.231 0.00836355 854.898 0.0297606 930.33 0.065243 748.904
0.118858 0.118334 486.946 0.049906 -279.992 -0.0218761 -400.246 0.00903583 -397.676 -0.244448 1033.15
0.121627 0.121899 258.531 0.0188632 207.801 0.0550263 -621.822 -0.0133427 -701.994 -0.294796 1145.12
0.12446 0.124523 749.541 0.0644323 448.454 0.0701711 -408.863 -0.0231368 -441.007 0.0536892 -1033.34
0.127359 0.12822 331.17 0.0183049 702.146 0.0846493 28.0654 0.067636 -472.546 0.0278808 -757.884
0.130325 0.130866 326.061 0.0323486 -19.8144 0.0150308 -121.901 0.0646258 -854.368 -0.323281 832.903
0.133361 0.133075 494.907 0.045769 220.59 0.0374108 -24.4186 -0.0145554 310.586 0.440408 -2201.16
0.136467 0.136421 431.035 0.0518619 -248.545 0.00106651 -364.814 -0.0763438 -42.8866 -0.0401631 170.092
0.139646 0.13928 498.26 0.0618136 -303.597 -0.082262 530.305 0.0542078 386.544 -0.177044 1433.41
0.142899 0.143513 315.973 0.040808 -373.784 -0.0309092 -180.58 -0.0862594 345.866 0.0775313 112.718
0.146227 0.145815 361.091 0.0367936 106.153 0.0305181 -219.667 -0.0632995 218.695 0.00402055 256.24
0.149633 0.149337 274.355 0.034137 -184.288 -0.0778299 766.265 0.117443 198.93 0.0213465 234.942
0.153119 0.153212 488.894 0.052843 43.6563 -0.0172248 308.139 0.0480026 37.5481 0.0204408 -49.5213
0.156685 0.156756 329.678 0.0461782 -266.574 -0.0122165 -256.766 -0.074495 92.6304 -0.015487 190.281
0.160335 0.160816 596.973 0.0713135 -36.5124 0.00431293 -155.19 -0.271763 1849.06 0.366993 454.727
0.16407 0.16482 473.067 0.0678444 -278.746 -0.047524 -4.49154 0.0051999 133.268 -0.166047 731.826
0.167892 0.16787 301.661 0.0440739 -181.902 -0.0295353 -23.447 -0.0848463 581.259 0.237312 -388.913
0.171802 0.172375 337.268 0.0465341 -13.7833 -0.000772393 -84.2215 -0.0426965 99.8883 0.199155 -706.464
0.175804 0.175963 204.889 0.0196986 215.247 0.00855937 309.306 -0.00631207 491.73 0.0850936 203.154
0.179899 0.179822 344.543 0.0420897 189.145 0.0167784 125.061 -0.0235694 333.371 0.226313 -575.786
0.184089 0.184069 518.762 0.0715008 -90.5642 -0.0018038 -87.1513 0.0898762 -708.539 -0.376854 748.771
0.188377 0.188248 343.995 0.0458841 117.609 -0.0111183 367.579 0.145872 -375.954 -0.0092752 -522.913
0.192765 0.193283 505.911 0.0762716 -28.9945 0.0282709 -460.703 -0.0894986 -157.121 -0.00412109 -103.927
0.197255 0.197105 425.326 0.0665861 -107.163 -0.00667376 -108.623 -0.00746259 -155.239 0.0103739 -310.437
0.20185 0.201813 363.778 0.0559521 -23.4867 -0.0127745 158.971 0.0373725 -17.4575 0.0641946 -194.674
0.206552 0.206648 531.141 0.0902559 -133.225 -0.0176757 -58.7576 -0.138909 669.475 0.406408 -521.689
0.211363 0.211919 473.823 0.0790112 -213.455 -0.0400204 23.0141 -0.0445893 242.902 0.108907 -93.4798
0.216286 0.21623 469.016 0.0748153 -13.4623 0.00190536 -23.0138 -0.0351996 128.503 -0.000816348 152.017
0.221324 0.221267 437.481 0.0810652 -267.566 -0.0298163 -201.565 -0.127872 367.578 0.170781 -174.98
0.226479 0.226242 386.511 0.0603461 193.585 0.0675708 -179.054 0.0165695 -306.066 -0.179478 119.565
0.231755 0.232184 392.591 0.0815445 -335.973 -0.0779189 7.93518 0.0298264 -81.3854 -0.0911798 163.163
0.237153 0.237518 421.1 0.066379 253.255 0.0600801 -16.7135 0.0179743 -122.085 0.143571 -730.056
0.242677 0.24301 375.008 0.0707506 7.35006 0.00310894 -21.6821 0.0595146 -207.566 -0.149145 134.199
0.24833 0.248754 380.58 0.079469 -151.481 -0.045587 51.4851 0.0446149 -54.7331 -0.107891 188.628
0.254114 0.253655 285.6 0.0459552 223.771 0.0330125 144.682 0.0548589 -66.3477 0.0173622 -189.696
0.260033 0.260089 368.801 0.0703296 14.962 0.00776127 -51.4151 0.00260914 -64.6413 -0.063661 115.181
0.26609 0.266042 447.517 0.089069 4.53936 -0.0114557 80.2037 0.0847725 -235.976 -0.0920428 -100.861
0.272288 0.272469 390.249 0.0753696 129.647 0.0168535 93.0993 -0.0509652 359.271 0.171893 -38.9519
0.278631 0.278031 343.85 0.0669755 65.3803 0.0176779 2.89818 -0.00488525 27.5797 0.0469029 -90.9229
0.285121 0.285606 418.772 0.0923482 -37.5705 0.0239676 -231.979 -0.0840917 -34.4654 -0.0584772 121.548
0.291762 0.29194 439.603 0.0978874 0.34215 0.0131217 -75.1933 -0.0781456 214.924 0.14489 -93.0972
0.298558 0.299199 396.402 0.0971333 -153.615 -0.0636219 144.08 0.0361003 82.2331 0.147909 -325.737
0.305512 0.305733 462.164 0.109214 -42.1439 -0.0414488 228.341 0.107741 -71.1398 0.0150885 -130.05
0.312629 0.312909 436.525 0.0941742 168.052 0.0798524 -182.925 -0.0660099 2.4347 -0.0615569 132.191
0.319911 0.319865 346.7 0.0798941 63.1841 -0.000405616 136.219 -0.00745956 212.892 0.191874 -222.365
0.327362 0.32736 318.948 0.0804759 -41.6743 -0.0332552 141.81 0.0762039 -51.0734 0.0428855 -168.154
0.334988 0.335181 405.71 0.105216 -28.8755 -0.00103078 -63.6705 -0.0308432 48.3288 -0.0252055 106.317
0.342791 0.343018 368.993 0.0983372 -61.8506 0.00740847 -159.885 -0.113706 181.528 0.066698 80.0868
0.350775 0.350508 423.436 0.110361 13.6623 -0.00241527 14.3495 -0.0348045 139.192 0.0574775 45.7449
0.358946 0.35911 404.732 0.112065 -50.6475 -0.0301871 53.6601 -0.0288173 179.514 0.132704 -73.3958
0.367307 0.367635 370.451 0.103988 -31.2079 -0.0299808 87.9093 -0.0116027 164.396 0.0339724 128.787
0.375862 0.375927 344.806 0.0991557 -65.4241 -0.0207303 -13.1517 0.0529846 -184.402 -0.0718179 -54.5502
0.384617 0.384943 408.537 0.123817 -109.065 -0.0780163 185.435 0.0724524 81.4603 0.0417048 -16.6826
0.393576 0.393692 434.819 0.121984 119.374 0.00121499 186.266 0.188412 -248.905 -0.207792 80.3846
0.402744 0.403009 386.218 0.122631 -101.843 -0.0483689 66.6489 -0.00374391 114.774 0.121111 -65.0485
0.412125 0.412342 388.501 0.121501 -19.6969 -0.0218031 61.9194 0.0093857 79.7244 0.12681 -140.805
0.421724 0.421619 338.689 0.109882 -40.7193 -0.0296686 61.6233 0.0489032 -53.7853 -0.10265 124.571
0.431548 0.431389 397.633 0.121745 97.5909 0.0213677 70.4849 0.0232231 48.732 -0.00442492 92.0535
0.4416 0.441395 366.93 0.113646 98.6433 0.0663923 -127.186 -0.0471306 -52.2343 -0.0792285 68.9912
0.451886 0.451673 415.581 0.140095 29.6363 -0.00136482 37.5298 0.012311 49.4075 -0.000823128 60.1794
0.462412 0.462668 386.269 0.13248 15.1869 0.0116152 -25.5443 -0.0332232 47.1552 0.0329941 -6.30211
0.473183 0.472819 416.63 0.145366 26.5297 0.00455102 48.9728 -0.028681 98.9611 0.0583659 58.7892
0.484204 0.484119 395.018 0.144964 -29.3737 -0.0186229 17.9797 -0.00798811 47.3125 0.0883354 -90.712
0.495483 0.495444 371.974 0.142325 -36.8907 -0.0132602 -20.6566 0.00739437 -36.7039 -0.0496617 19.508
0.507024 0.506932 356.995 0.133573 16.3727 -0.00667484 58.8487 0.0256116 31.663 0.0539238 -49.6823
0.518834 0.518692 391.397 0.159219 -100.734 -0.0583342 53.9757 0.0682981 -59.8084 -0.0403886 -32.8864
0.53092 0.530928 396.933 0.158258 -5.03288 0.0299747 -113.641 -0.0793318 -2.13323 -0.0635391 112.154
0.543286 0.543085 389.947 0.159367 18.9894 -0.00227824 32.0676 0.0794113 -111.177 -0.102388 6.70249
0.555941 0.556245 386.303 0.163999 -35.4608 0.0129023 -98.3734 -0.107581 75.614 0.0238872 60.6652
0.568891 0.56918 408.079 0.173774 12.7458 -0.00918625 48.6475 0.0511397 -18.9787 -0.118257 126.754
0.582142 0.582319 404.745 0.178865 -29.6276 -0.0242112 53.7486 0.0781554 -101.005 -0.175273 119.32
0.595702 0.595935 394.698 0.182007 -53.4099 -0.0248743 -13.6825 0.036576 -93.544 -0.0921156 4.95631
0.609577 0.609523 384.918 0.17474 28.4928 0.0174258 -2.78129 -0.00853378 4.06756 0.113367 -134.863
0.623776 0.62385 382.688 0.173279 69.0314 0.0359089 18.7042 -0.0195888 56.9694 -0.00815052 111.878
0.638306 0.638387 405.679 0.201066 -52.3245 -0.0267527 -5.23492 -0.0590292 86.2155 0.124902 -32.964
0.653174 0.653108 387.228 0.191207 -10.3471 -0.020366 39.4588 0.0178961 29.5984 0.0383079 -8.00009
0.668388 0.668548 389.224 0.194218 26.8834 0.0141455 7.16461 -0.0576402 111.348 0.10308 27.4583
0.683957 0.68383 396.237 0.200361 37.341 0.0342007 -38.222 0.00326953 -60.2534 -0.113693 43.6737
0.699888 0.700008 396.028 0.207519 16.1439 0.0109843 2.2347 0.0348478 -56.7856 -0.181086 117.512
0.716191 0.716334 368.793 0.197499 14.7715 0.0135142 -8.12541 -0.027095 26.7771 0.0276013 2.59683
0.732873 0.732994 387.855 0.216478 -17.8924 -0.01173 -6.9397 0.0173716 -33.1519 -0.0707541 36.6223
0.749944 0.750218 377.565 0.213357 7.31329 0.0106413 -22.5989 -0.0346971 19.2432 0.082276 -63.595
0.767412 0.767457 391.991 0.227565 -3.68008 0.00299641 -18.2496 -0.0381194 22.1663 0.00603546 20.3542
0.785288 0.785411 391.931 0.232281 -4.12901 0.00837634 -35.4677 -0.0368693 7.80114 -0.048518 55.4681
0.803579 0.803733 371.466 0.220616 29.4253 0.0144126 14.8384 -0.00464895 26.0189 0.0386967 0.156421
0.822297 0.822578 387.105 0.238302 13.709 0.00994539 2.40476 0.0269836 -34.1711 -0.100015 46.99
0.841451 0.841325 393.44 0.248136 2.36534 -0.000646145 2.52485 -0.0648737 96.6842 0.0865579 39.8041
0.861051 0.861065 393.287 0.253483 7.91754 -0.00869016 36.9015 0.0335535 1.15321 0.0373278 -32.2761
0.881107 0.881116 380.502 0.255271 -17.2277 0.00318222 -37.9063 -0.0479858 -0.346434 -0.00444291 9.36974
0.901631 0.901701 388.515 0.263141 12.3685 0.012488 -18.7197 -0.0333856 26.3237 0.068517 -28.8933
0.922633 0.922778 380.741 0.266856 -11.8804 -0.00366998 -14.7773 -0.0588147 49.1791 0.081132 -16.6636
0.944123 0.94441 382.986 0.269498 26.2626 0.0412052 -38.1597 -0.0463428 5.08142 -0.0679761 59.0239
0.966115 0.966228 380.001 0.275809 7.22622 0.014661 -16.831 -0.0317964 13.4586 0.0690362 -38.1421
0.988619 0.988722 395.82 0.295909 -7.72333 -0.0256603 40.3465 0.0887806 -44.6166 -0.0939262 26.5571
1.01165 1.01165 388.635 0.296695 -7.82943 0.00442763 -24.0556 -0.0278173 -1.89367 -0.0161033 14.3366
1.03521 1.03524 385.483 0.300204 3.04243 0.0139986 -18.8017 -0.0315578 -1.34075 -0.0292426 21.0169
1.05932 1.05956 388.381 0.311314 -6.63971 -0.0134971 14.4122 0.0314664 -17.1057 0.0351146 -50.8051
1.084 1.08413 388.221 0.320199 -25.183 -0.0167407 -8.0734 -0.0178658 4.75249 0.0127326 -1.26455
1.10925 1.10925 380.341 0.317007 6.25534 0.000539845 8.48582 0.0360527 -24.983 -0.0745515 19.0018
1.13509 1.13525 384.399 0.324902 19.8369 0.0149921 11.7404 -0.0198247 33.5473 0.0403477 21.1953
1.16153 1.16167 383.136 0.332941 10.5876 0.0159579 -3.56548 0.0131325 -19.2947 -0.0565683 12.4409
1.18858 1.18866 380.624 0.340755 -5.2992 -0.00471595 1.7213 -0.00870305 9.60765 0.0360864 -13.1168
1.21627 1.21634 384.575 0.351888 -2.60033 0.00236836 -11.6314 -0.0405225 22.5813 0.0226675 16.9595
1.2446 1.2448 383.538 0.363862 -20.2581 -0.0383683 22.6508 0.0715843 -31.7657 -0.0812866 10.333
1.27359 1.27397 389.595 0.373137 4.06704 -0.00781802 19.0012 0.0125232 17.9378 0.0929993 -35.7958
1.30325 1.30332 382.112 0.374665 0.629469 0.000295914 2.63527 0.00352416 1.38533 -0.02745 19.1381
1.33361 1.33364 384.157 0.385064 2.57357 -0.0130466 25.847 0.00266824 31.732 0.0737196 0.491968
1.36467 1.36488 390.523 0.400357 4.62146 -0.00281645 9.61726 -0.00553983 21.5397 -0.0237708 36.3705
1.39646 1.3966 388.13 0.410109 -7.12821 -0.0228061 17.8288 0.0411777 -7.16761 0.00452517 -15.7682
1.42899 1.42915 379.098 0.405451 11.5339 0.0275847 -21.1816 -0.0133587 -19.3341 0.00636166 -28.4852
1.46227 1.46256 382.052 0.425795 -22.2901 -0.0327953 5.52697 0.0195388 -7.06831 -0.000473751 -8.97506
1.49633 1.4963 377.753 0.423449 15.9041 0.018415 3.08563 -0.0224421 18.9767 0.0265773 11.0111
1.53119 1.53136 382.134 0.438971 4.58262 0.00341615 3.95399 0.00602649 1.6778 0.0161471 -3.98075
1.56685 1.56702 375.801 0.443024 0.811596 0.0057178 -7.21421 -0.0129903 0.190446 0.00674261 -2.39514
1.60335 1.6036 373.326 0.448979 5.45064 0.00136106 10.7312 -0.0188377 24.6106 0.0709664 3.31683
1.6407 1.64089 387.906 0.47782 4.89913 0.00598475 -1.59057 -0.00430388 1.0522 0.000538167 2.31479
1.67892 1.67907 380.154 0.482674 -7.96122 -0.00472257 -5.21233 0.00674967 -15.9058 -0.0163409 -10.6228
1.71802 1.71803 383.88 0.498328 -6.41369 -0.0182224 8.27002 -0.025216 28.005 0.102558 -10.3553
1.75804 1.75821 383.849 0.509295 -2.13311 -0.00719563 1.05353 -0.025402 21.4574 0.0414585 5.28102
1.79899 1.79905 384.698 0.520809 0.924307 -0.0245495 27.5422 0.0479941 7.94016 0.0456147 -9.17376
1.84089 1.84108 384.631 0.534356 -4.10838 -0.0149258 7.24495 0.00503284 12.55 0.0579358 -11.1932
1.88377 1.88389 379.004 0.537274 3.10942 0.0016051 4.72991 0.0137719 -3.96812 -0.0139295 0.827195
1.92765 1.92771 382.763 0.55446 6.41019 0.00390046 8.35037 0.0274679 -4.62836 -0.0370019 10.0531
1.97255 1.97271 380.818 0.568374 -9.34703 -0.0346155 18.3314 0.0718616 -15.6909 -0.0243669 -9.85373
2.0185 2.01866 381.958 0.578928 6.39024 -0.00433206 14.9689 0.0320227 2.47143 -0.00133093 4.50686
2.06552 2.06571 376.764 0.585672 0.662054 0.00635263 -6.2248 0.000188174 -6.90656 -0.0433399 5.26687
2.11363 2.11391 378.669 0.601958 2.02442 -0.00177517 5.36467 0.0137638 1.426 -0.0393419 17.5357
2.16286 2.16296 375.533 0.613082 -5.08331 -0.00131321 -8.48144 -0.0503814 15.5354 0.0339151 6.36742
2.21324 2.21344 385.154 0.639167 8.9274 0.0143423 2.5712 -0.00362647 5.18135 0.000716559 6.21067
2.26479 2.26504 380.811 0.650819 -2.86246 -0.000331676 -3.09071 -0.0161086 4.06516 0.0654282 -17.5095
2.31755 2.31766 382.86 0.667482 2.76783 0.00139346 2.70681 -0.00575945 6.55901 -0.0482839 24.3081
2.37153 2.37168 380.7 0.676771 8.48271 0.017423 0.687688 -0.00336763 2.15504 0.0033656 0.957297
2.42677 2.42695 380.352 0.694188 2.80164 0.0154702 -8.41474 -0.0259971 0.319079 -0.0166021 6.15628
2.4833 2.48352 378.957 0.708681 -0.150894 -0.00855312 6.47893 0.0384201 -6.63414 -0.00993723 -7.41263
2.54114 2.54149 381.748 0.728676 4.85518 0.00610693 3.31551 0.00607432 1.83383 -0.016049 7.67437
2.60033 2.60058 378.759 0.740869 3.01177 0.00464335 0.769264 -0.00351951 3.33914 0.0276736 -5.57815
2.6609 2.66119 379.561 0.761263 -1.15467 -0.0089047 3.85592 0.00597131 4.11812 -0.00283902 5.95505
2.72288 2.72314 381.315 0.781342 0.489416 0.000143994 1.25737 0.0253717 -7.81895 -0.0268817 -2.25483
2.78631 2.7865 379.359 0.790416 13.2195 0.0235119 8.60893 0.0164821 4.35781 9.0627e-06 3.75334
2.85121 2.85147 378.529 0.811872 1.73981 -0.00631551 6.90429 0.047238 -6.9956 -0.0744152 10.3344
2.91762 2.91796 377.568 0.829056 0.785173 0.000957488 1.7622 -0.00649384 5.49578 0.0160236 3.30449
2.98558 2.98602 378.819 0.849901 3.47851 0.00570523 1.38248 0.0119339 -2.03814 -0.0149693 2.42385
3.05512 3.05539 378.371 0.866351 8.1325 0.025203 -1.65151 -0.0403205 13.0123 0.0502042 6.28421
3.12629 3.12659 379.934 0.891994 5.13837 0.0130948 1.02049 0.00560815 -1.17975 0.0498646 -11.3305
3.19911 3.19936 378.134 0.909515 1.65227 0.00759826 -1.31131 -0.0129105 1.71208 -0.00144155 3.65764
3.27362 3.27384 378.445 0.928093 9.40625 0.0242632 2.28504 0.0231629 -5.06406 -0.000333874 -5.11667
3.34988 3.35023 377.383 0.948364 6.54669 0.015607 3.13612 0.00695002 1.77604 0.00592158 1.18518
3.42791 3.42817 379.421 0.976379 5.43643 0.0184318 -1.18103 -0.0137181 3.19602 -0.0186806 8.1858
3.50775 3.50814 377.334 0.99476 2.89954 0.00737133 1.49044 0.00428836 0.688529 0.0314792 -7.01895
3.58946 3.58983 376.531 1.01556 3.71729 0.0056043 3.66975 -0.00220406 6.38512 -0.0144969 11.797
3.67307 3.67346 377.762 1.04005 7.73013 0.0194003 3.39645 0.018164 -0.391603 -0.00908586 2.53258
3.75862 3.75888 377.281 1.0671 0.730588 0.00942627 -3.27622 -0.0164344 -0.383298 -0.0373959 7.64076
3.84617 3.84651 376.508 1.08641 6.27406 0.0179167 2.06047 0.00994232 1.80361 0.00143634 1.28798
3.93576 3.93619 376.091 1.11129 5.75687 0.0172646 1.54207 0.0170512 -2.15121 0.0248912 -8.23117
4.02744 4.02781 377.608 1.14446 1.36904 0.000841653 2.35856 0.0157606 -1.2785 -0.0271853 4.16661
4.12125 4.12158 376.901 1.16782 1.62588 -0.0028118 5.01871 0.037703 -3.50608 -0.0143031 -1.44912
4.21724 4.21764 374.531 1.18542 6.67611 0.0281634 -1.0922 -0.018725 3.15784 0.0358932 -2.68672
4.31548 4.31585 376.261 1.22049 3.076 0.00736211 2.85716 -0.0136022 7.47528 0.0469028 0.64781
4.416 4.4163 376.399 1.24939 2.92172 0.0147336 -1.44421 -0.0148637 1.77357 0.00644673 1.58167
4.51886 4.51927 374.765 1.27301 3.40586 -0.000214795 6.59693 0.0193181 4.63564 0.0353204 -0.292773
4.62412 4.62455 374.446 1.30379 -0.186106 -0.00113022 0.0401149 0.00662763 -1.03828 -0.0234166 1.46105
4.73183 4.73213 374.323 1.33141 3.49825 0.00473454 4.08668 0.0297077 -1.13863 -0.0292667 3.30708
4.84204 4.84248 374.537 1.36202 5.26433 0.0104089 5.43547 0.0200508 3.12354 0.028243 -0.607064
4.95483 4.9552 373.926 1.39137 4.63811 0.00645614 5.74165 0.0414165 -1.09922 -0.0266719 3.07151
5.07024 5.07069 373.694 1.42576 2.05653 0.000319384 2.89185 0.0306908 -1.87317 -0.0189477 0.291923
5.18834 5.18889 373.207 1.45369 5.1631 0.0209261 1.39561 0.00791964 -0.0544446 -0.0066595 1.10194
5.3092 5.30968 374.262 1.49475 2.45723 0.00695148 1.79765 0.0251348 -2.81951 -0.0602165 5.20472
5.43286 5.43333 372.887 1.52128 4.75435 0.0175647 2.46826 0.0227784 -1.29547 -0.0228146 1.10709
5.55941 5.55991 372.054 1.55581 2.0767 -0.000109418 4.00274 0.012633 3.05498 0.0222959 0.889892
5.68891 5.68942 372.496 1.58967 6.50738 0.0234827 3.63242 0.00526184 3.81671 0.0124015 4.06443
5.82142 5.82196 372.691 1.62951 4.80694 0.0205383 1.46282 0.000709159 2.21456 0.0272894 -0.6719
5.95702 5.95753 373.078 1.671 2.42665 0.00562051 2.43864 0.013933 0.8164 0.00599596 0.519201
6.09577 6.09635 371.74 1.70236 4.86918 0.0171591 3.13169 0.0323521 -1.90097 -0.00809626 -1.28127
6.23776 6.23825 371.924 1.74494 2.74196 0.00665752 2.64583 0.0177653 0.326079 -0.0089497 2.05155
6.38306 6.38364 371.855 1.78286 4.9769 0.0169936 3.91238 0.0285909 0.641566 0.00681447 0.0501416
6.53174 6.53222 371.878 1.82661 2.24098 -0.00112194 4.45026 0.0389796 -0.423211 -0.0063796 0.622998
6.68388 6.68447 371.1 1.86565 2.33864 -0.00132648 4.66463 0.0203995 3.11216 0.0446175 -1.31209
6.83957 6.84006 370.873 1.90681 3.1622 0.00543235 4.14052 0.0277528 1.48112 -0.00565595 2.62979
6.99888 6.99951 370.956 1.95277 2.51722 -0.00172486 5.04631 0.0341771 1.33471 0.00313001 1.73311
7.16191 7.16257 370.479 1.99573 2.06652 -0.00802079 6.32304 0.0425213 1.75717 0.0142632 1.2836
7.32873 7.32935 370.614 2.04202 3.08613 0.010108 2.6234 0.0213513 0.480354 -0.0227408 3.29838
7.49944 7.50006 370.36 2.0896 1.48287 -0.0157248 7.17551 0.0576081 1.53585 0.0276565 -0.691315
7.67412 7.67479 370.083 2.13475 3.5776 0.00648638 4.85439 0.0304078 2.40082 0.0193527 1.13953
7.85288 7.85354 369.661 2.18229 3.59875 0.0126531 3.34477 0.0207799 1.69884 0.00313476 1.93212
8.03579 8.03649 370.015 2.23727 1.75484 0.000301675 3.31827 0.0136967 2.56272 0.0152055 2.45597
8.22297 8.22367 369.736 2.28681 2.74731 -0.00116099 5.22731 0.0303948 2.78379 0.0229335 1.89921
8.41451 8.4153 369.219 2.33811 1.43329 -0.00619872 3.94976 0.0260167 2.40968 0.0264002 0.643295
8.61051 8.61129 368.922 2.39079 1.18852 -0.00742209 4.21318 0.022548 2.63626 0.0390311 0.346967
8.81107 8.8119 369.507 2.44978 1.85757 -0.0068215 4.85443 0.0424707 1.37937 0.0218589 -0.121189
9.01631 9.01707 368.261 2.49979 0.681323 -0.0120368 4.00257 0.0311249 1.75026 0.00205957 2.01513
9.22633 9.2271 368.52 2.55942 0.99292 -0.0093168 3.82018 0.0257131 2.37064 -0.00777001 3.70482
9.44123 9.44213 368.602 2.61973 0.715608 -0.0118718 3.97224 0.0361443 1.25335 -0.0170814 3.19455
9.66115 9.66198 368.249 2.67823 0.916867 -0.0109846 4.00076 0.0208938 2.99966 0.0135334 2.90582
9.88619 9.88708 368.243 2.74137 0.13393 -0.01289 3.2714 0.0259276 1.46967 -0.00417903 2.36624
10.1165 10.1173 367.871 2.80203 0.560865 -0.0149713 4.04771 0.0196642 3.39088 0.0299799 2.19737
10.3521 10.353 367.628 2.86452 1.21779 -0.0106776 4.41627 0.0396826 1.68956 -0.0125412 3.38341
10.5932 10.5941 367.301 2.93027 0.0448075 -0.021594 4.22057 0.0405406 1.77282 0.00607799 1.63934
10.84 10.8409 366.883 2.99542 -0.270862 -0.0208301 3.64871 0.0272642 2.03777 0.0276389 0.757405
11.0925 11.0935 366.635 3.06274 -0.120847 -0.020578 3.85773 0.0466965 0.579677 -0.0348749 3.28033
11.3509 11.3517 366.536 3.13327 -0.163209 -0.0286824 5.21651 0.0597248 1.17036 -0.00455759 1.88432
11.6153 11.6163 366.053 3.20197 0.0808409 -0.0210714 3.94515 0.0405705 1.56703 -0.00433182 2.23152
11.8858 11.8869 365.898 3.27627 -0.682213 -0.0264667 3.42886 0.0286393 2.05001 0.00600235 2.41375
12.1627 12.1637 365.678 3.34856 0.368172 -0.0174543 3.90879 0.0392405 1.7081 -0.00265565 2.573
12.446 12.4471 365.454 3.4261 -0.525622 -0.0322686 4.54371 0.0565563 1.43552 -0.0188192 2.96698
12.7359 12.737 365.053 3.50066 0.369805 -0.0184627 3.92236 0.0416857 1.95351 -0.0117174 3.24693
13.0325 13.0337 364.826 3.58041 0.0859236 -0.0227652 3.94525 0.0413496 1.96968 -0.00339442 2.75635
13.3361 13.3373 364.356 3.6587 0.250627 -0.0168973 3.47468 0.0476926 0.729372 -0.0581311 4.32786
13.6467 13.6479 364.02 3.74157 -0.179371 -0.0246418 3.60444 0.0473368 1.2103 -0.0155298 2.49083
13.9646 13.9658 363.885 3.82745 -0.403158 -0.031396 4.03794 0.064109 0.571211 -0.0601648 4.12868
14.2899 14.2911 363.4 3.91123 -0.381427 -0.0313342 4.00875 0.0532023 1.46601 -0.0197216 3.05461
14.6227 14.624 363.023 3.99809 -0.379147 -0.0291663 3.61548 0.0508893 1.21455 -0.021356 2.8934
14.9633 14.9647 362.827 4.08902 -0.14479 -0.0358504 4.73209 0.0679861 1.66687 -0.0230736 3.34375
15.3119 15.3133 362.408 4.17953 -0.170832 -0.0311731 3.95958 0.0592907 1.38213 -0.0334113 3.46526
15.6685 15.6699 361.991 4.27242 -0.484591 -0.034541 3.75779 0.0694285 0.487388 -0.0481615 3.03208
16.0335 16.035 361.498 4.36475 0.0542584 -0.0304321 4.19687 0.0921624 -0.573788 -0.0687149 2.67033
16.407 16.4084 361.298 4.46445 -0.136011 -0.0351213 4.41786 0.0791968 0.780622 -0.0244853 2.22203
16.7892 16.7907 360.81 4.56292 -0.269309 -0.0357036 3.99545 0.0815988 0.199886 -0.048863 2.56598
17.1802 17.1817 360.547 4.66577 -0.243659 -0.0379734 4.24176 0.0887997 0.2383 -0.0491517 2.63619
17.5804 17.5819 359.981 4.76855 -0.837783 -0.0452102 3.86008 0.077056 0.591556 -0.0383869 2.56906
17.9899 17.9915 359.857 4.87714 -0.553264 -0.0462933 4.47083 0.10609 -0.318666 -0.0557256 2.19082
18.4089 18.4105 359.254 4.98131 -0.167618 -0.0386546 4.21738 0.0976687 -0.0749889 -0.0471499 1.99364
18.8377 18.8394 359.023 5.09644 -0.947614 -0.0599057 4.87689 0.127267 -0.671426 -0.058185 1.68018
19.2765 19.2782 358.64 5.21 -1.08004 -0.0655603 5.14977 0.121389 0.127248 -0.0257387 1.43197
19.7255 19.7272 358.358 5.32735 -1.22643 -0.0696521 5.24846 0.127245 -0.00394563 -0.0604286 2.66744
20.185 20.1867 357.729 5.44219 -1.24274 -0.067284 4.83676 0.112556 0.43304 -0.0238064 1.68231
20.6552 20.6569 357.46 5.56681 -1.85036 -0.0876076 5.48943 0.134624 0.320353 -0.0464869 2.41402
21.1363 21.1381 357.038 5.68865 -1.56261 -0.0849527 5.6569 0.155291 -0.387862 -0.0588219 1.78749
21.6286 21.6304 356.599 5.8149 -1.88106 -0.0936033 5.73669 0.144548 0.435801 -0.0165233 1.38611
22.1324 22.1343 356.232 5.94477 -1.96195 -0.0937211 5.42655 0.151398 -0.199271 -0.0563233 1.86121
22.6479 22.6499 355.762 6.07506 -1.97554 -0.0976647 5.55329 0.155171 -0.041745 -0.057469 2.07277
23.1755 23.1775 355.276 6.20943 -2.37583 -0.113403 6.04543 0.18179 -0.406121 -0.0704609 1.89931
23.7153 23.7173 354.899 6.34652 -2.09454 -0.107732 5.78519 0.163564 0.277586 -0.043802 1.86501
24.2677 24.2698 354.373 6.48598 -2.42485 -0.115579 5.6333 0.165322 0.220343 -0.0582229 2.21149
24.833 24.8351 353.769 6.62676 -2.69048 -0.126581 5.86778 0.18127 -0.0116984 -0.0616628 2.02125
25.4114 25.4136 353.231 6.77015 -2.44153 -0.125167 5.96133 0.182924 0.229348 -0.0726107 2.56883
26.0033 26.0056 352.784 6.91955 -2.57289 -0.134921 6.26573 0.198106 0.209706 -0.0657497 2.32475
26.609 26.6113 352.17 7.07002 -2.88934 -0.144093 6.17191 0.206885 -0.132181 -0.0915981 2.56938
27.2288 27.2312 351.677 7.22459 -2.89014 -0.147865 6.20463 0.211124 -0.0809043 -0.0901276 2.58558
27.8631 27.8654 351.174 7.38315 -3.10165 -0.156869 6.22437 0.221806 -0.273018 -0.109847 2.85657
28.5121 28.5145 350.628 7.54498 -3.40476 -0.173192 6.53538 0.233734 -0.0913321 -0.103621 2.80118
29.1762 29.1787 350.082 7.709 -3.49402 -0.181683 6.72809 0.243465 0.0177694 -0.0905756 2.57742
29.8558 29.8584 349.444 7.87479 -3.61357 -0.19131 6.87715 0.263828 -0.394084 -0.123183 2.86022
30.5512 30.5538 348.922 8.04679 -3.73145 -0.199642 6.93689 0.270542 -0.325595 -0.104729 2.38259
31.2629 31.2655 348.357 8.22255 -4.03528 -0.216363 7.15023 0.287514 -0.411425 -0.117975 2.58552
31.9911 31.9938 347.802 8.40049 -3.97683 -0.221775 7.33083 0.306582 -0.630697 -0.12436 2.41764
32.7362 32.739 347.153 8.5815 -4.25215 -0.234222 7.27338 0.310385 -0.588451 -0.136701 2.67634
33.4988 33.5016 346.573 8.76767 -4.45015 -0.25079 7.60704 0.319571 -0.217705 -0.111731 2.51263
34.2791 34.2819 345.95 8.95652 -4.52319 -0.258924 7.61164 0.336255 -0.509838 -0.131907 2.53219
35.0775 35.0805 345.32 9.14986 -4.76765 -0.273601 7.65982 0.33937 -0.26913 -0.143209 2.99944
35.8946 35.8976 344.601 9.34488 -4.95727 -0.288791 7.80093 0.359197 -0.413121 -0.152822 2.93583
36.7307 36.7338 343.977 9.54611 -5.12868 -0.302234 7.88167 0.380221 -0.72815 -0.174643 2.96258
37.5862 37.5894 343.274 9.74985 -5.30472 -0.320238 8.17598 0.39723 -0.582158 -0.159658 2.77896
38.4617 38.4649 342.597 9.95804 -5.43093 -0.329332 8.02917 0.402187 -0.606113 -0.173961 2.92244
39.3576 39.3609 341.826 10.1692 -5.7248 -0.353348 8.32596 0.433749 -0.872276 -0.193742 2.92038
40.2744 40.2778 341.099 10.3846 -5.81341 -0.367529 8.49545 0.445229 -0.680733 -0.183967 2.91758
41.2125 41.216 340.395 10.6068 -6.14232 -0.390446 8.61821 0.47109 -0.934516 -0.216197 3.09514
42.1724 42.176 339.683 10.8323 -6.30821 -0.412883 8.93778 0.498814 -0.936552 -0.220801 3.11843
43.1548 43.1584 338.909 11.0622 -6.65226 -0.435821 8.94308 0.514403 -1.04575 -0.239257 3.23397
44.16 44.1637 338.15 11.2961 -6.87093 -0.458473 9.12042 0.533711 -0.976008 -0.22993 3.06222
45.1886 45.1924 337.389 11.5348 -7.05474 -0.478552 9.22048 0.556003 -1.11009 -0.260249 3.33024
46.2412 46.245 336.568 11.7776 -7.41309 -0.510096 9.44142 0.585431 -1.1646 -0.265486 3.23207
47.3183 47.3222 335.728 12.0232 -7.57098 -0.529168 9.49069 0.601708 -1.17344 -0.274742 3.27422
48.4204 48.4245 334.867 12.2746 -7.88925 -0.561008 9.72177 0.623278 -1.03056 -0.282964 3.4993
49.5483 49.5524 334.049 12.5321 -8.15004 -0.590608 9.91167 0.660109 -1.26275 -0.312066 3.55749
50.7024 50.7067 333.144 12.7909 -8.32746 -0.614906 10.0333 0.685609 -1.31915 -0.322066 3.53391
51.8834 51.8878 332.265 13.0575 -8.66354 -0.650074 10.2247 0.717975 -1.39253 -0.345596 3.68716
53.092 53.0964 331.385 13.329 -8.93961 -0.681207 10.3348 0.73894 -1.32111 -0.35469 3.80875
54.3286 54.3331 330.432 13.6043 -9.36022 -0.724161 10.5949 0.776944 -1.42266 -0.371582 3.82293
55.5941 55.5987 329.538 13.886 -9.60617 -0.755138 10.6737 0.806366 -1.53131 -0.390602 3.8298
56.8891 56.8938 328.538 14.1697 -9.94925 -0.794416 10.8223 0.839497 -1.59885 -0.411998 3.89492
58.2142 58.219 327.573 14.4602 -10.2033 -0.830865 10.992 0.876199 -1.70273 -0.440356 4.02826
59.5702 59.5751 326.57 14.7563 -10.6584 -0.878263 11.1265 0.912594 -1.80249 -0.460822 4.03966
60.9577 60.9627 325.576 15.0588 -11.0844 -0.928266 11.3312 0.95085 -1.81948 -0.484549 4.16599
62.3776 62.3827 324.535 15.3641 -11.4055 -0.973217 11.5185 0.985952 -1.81042 -0.484631 4.06343
63.8306 63.8358 323.459 15.6746 -11.8098 -1.02546 11.7005 1.03212 -1.94207 -0.524066 4.22682
65.3174 65.3227 322.377 15.9909 -12.2145 -1.08041 11.9365 1.07831 -1.99772 -0.546859 4.29371
66.8388 66.8443 321.287 16.3133 -12.6244 -1.13531 12.0886 1.11684 -2.00379 -0.566789 4.36073
68.3957 68.4013 320.186 16.6411 -13.0289 -1.19225 12.268 1.16064 -2.05563 -0.598185 4.51157
69.9888 69.9946 318.997 16.9714 -13.479 -1.25532 12.4627 1.20691 -2.07841 -0.614766 4.50532
71.6191 71.6249 317.84 17.3099 -13.933 -1.32136 12.6774 1.2553 -2.09156 -0.641254 4.61547
73.2873 73.2933 316.641 17.6525 -14.3901 -1.38731 12.8237 1.3007 -2.13684 -0.66732 4.6907
74.9944 75.0004 315.428 18.0011 -14.8571 -1.45831 13.0262 1.35716 -2.24868 -0.706407 4.77638
76.7412 76.7474 314.195 18.3558 -15.3622 -1.53578 13.2367 1.41819 -2.36943 -0.742965 4.8159
78.5288 78.5351 312.901 18.7132 -15.8401 -1.61299 13.4458 1.4693 -2.3348 -0.77209 4.97307
80.3579 80.3644 311.62 19.079 -16.3805 -1.69797 13.6446 1.52831 -2.40116 -0.808197 5.05794
82.2297 82.2363 310.295 19.4485 -16.9159 -1.78525 13.856 1.589 -2.45204 -0.836246 5.07003
84.1451 84.1518 308.956 19.8244 -17.4363 -1.8771 14.0974 1.6627 -2.59327 -0.887943 5.18308
86.1051 86.1119 307.585 20.2052 -17.9864 -1.97497 14.3678 1.72597 -2.53472 -0.90751 5.23661
88.1107 88.1177 306.191 20.5915 -18.5226 -2.07349 14.5829 1.79627 -2.61969 -0.954608 5.3606
90.1631 90.1702 304.757 20.9824 -19.0917 -2.18011 14.8554 1.86982 -2.62611 -0.979558 5.36232
92.2633 92.2706 303.325 21.3806 -19.6614 -2.29021 15.105 1.94917 -2.7064 -1.03082 5.48581
94.4123 94.4198 301.823 21.7812 -20.2362 -2.40375 15.327 2.0246 -2.74742 -1.06786 5.53127
96.6115 96.6191 300.314 22.189 -20.8545 -2.52835 15.6295 2.11216 -2.79843 -1.10986 5.60195
98.8619 98.8696 298.784 22.602 -21.4483 -2.65182 15.852 2.19668 -2.88054 -1.15472 5.62071
101.165 101.173 297.208 23.0196 -22.1011 -2.78704 16.1075 2.28769 -2.96236 -1.19943 5.63869
103.521 103.529 295.605 23.4428 -22.7748 -2.92743 16.3245 2.38021 -3.07891 -1.25688 5.68823
105.932 105.941 293.969 23.871 -23.4773 -3.07775 16.5835 2.48233 -3.21087 -1.31194 5.69468
108.4 108.408 292.291 24.302 -24.1219 -3.22577 16.8007 2.57402 -3.26062 -1.3631 5.7671
110.925 110.933 290.57 24.7379 -24.8394 -3.38621 17.0134 2.67826 -3.40222 -1.43476 5.84934
113.509 113.517 288.833 25.1796 -25.5589 -3.55497 17.2621 2.7891 -3.52314 -1.50577 5.93327
116.153 116.161 287.049 25.6248 -26.2963 -3.73045 17.4859 2.89557 -3.60316 -1.57269 6.04008
118.858 118.867 285.233 26.075 -27.0713 -3.91663 17.7096 3.01383 -3.75574 -1.64523 6.06935
121.627 121.636 283.368 26.5277 -27.856 -4.11057 17.9399 3.12982 -3.83785 -1.71451 6.1472
124.46 124.469 281.484 26.9858 -28.6314 -4.30898 18.1362 3.24934 -3.96621 -1.79954 6.25503
127.359 127.368 279.551 27.4475 -29.4865 -4.52709 18.3851 3.38185 -4.09641 -1.88932 6.35835
130.325 130.335 277.577 27.9122 -30.3425 -4.75035 18.5878 3.50601 -4.18736 -1.9707 6.45428
133.361 133.371 275.566 28.3799 -31.2047 -4.98465 18.8238 3.64259 -4.2943 -2.05917 6.54356
136.467 136.477 273.518 28.8516 -32.1054 -5.23315 19.0684 3.78436 -4.39341 -2.15156 6.64032
139.646 139.656 271.428 29.3262 -33.0455 -5.49408 19.2776 3.92878 -4.51642 -2.25079 6.72245
142.899 142.909 269.294 29.8023 -33.971 -5.76507 19.5261 4.0794 -4.6022 -2.34282 6.79221
146.227 146.238 267.124 30.2816 -34.9307 -6.04755 19.7243 4.23266 -4.73752 -2.45798 6.90325
149.633 149.644 264.9 30.7616 -35.9184 -6.34673 19.9561 4.39028 -4.81655 -2.55323 6.95993
153.119 153.13 262.635 31.2433 -36.923 -6.65659 20.1499 4.55458 -4.95781 -2.66408 6.99598
156.685 156.697 260.326 31.7265 -37.9633 -6.98546 20.3695 4.72616 -5.06739 -2.77855 7.06734
160.335 160.347 257.975 32.2115 -39.0478 -7.33006 20.5514 4.90151 -5.21329 -2.90059 7.10784
164.07 164.081 255.567 32.6959 -40.1808 -7.69411 20.7255 5.08497 -5.37984 -3.02611 7.11677
167.892 167.903 253.113 33.18 -41.3219 -8.07109 20.8757 5.26484 -5.51452 -3.15 7.1396
171.802 171.814 250.615 33.6648 -42.5219 -8.47068 21.0151 5.45407 -5.67706 -3.29981 7.21425
175.804 175.816 248.069 34.1487 -43.7473 -8.89252 21.1897 5.64883 -5.78196 -3.43836 7.29192
179.899 179.911 245.478 34.6313 -44.9938 -9.33479 21.3756 5.85497 -5.89474 -3.59145 7.39508
184.089 184.102 242.839 35.1125 -46.2749 -9.79801 21.5443 6.06161 -5.98637 -3.73958 7.47939
188.377 188.39 240.148 35.5907 -47.5832 -10.285 21.7298 6.27682 -6.05995 -3.88861 7.56396
192.765 192.778 237.416 36.0677 -48.9393 -10.797 21.8934 6.50195 -6.16964 -4.0409 7.58192
197.255 197.268 234.626 36.5395 -50.3096 -11.3308 22.059 6.73297 -6.26486 -4.195 7.60546
201.85 201.863 231.79 37.0085 -51.7347 -11.8911 22.1855 6.96583 -6.37706 -4.34632 7.57218
206.552 206.565 228.901 37.473 -53.2098 -12.4806 22.2957 7.20491 -6.49354 -4.50969 7.54865
211.363 211.376 225.955 37.9308 -54.7095 -13.0945 22.3811 7.44553 -6.60709 -4.67319 7.50605
216.286 216.3 222.959 38.3834 -56.2617 -13.7415 22.4582 7.6966 -6.73446 -4.85775 7.48809
221.324 221.338 219.908 38.8284 -57.846 -14.4156 22.5025 7.94103 -6.8306 -5.03159 7.45344
226.479 226.493 216.802 39.2652 -59.4614 -15.121 22.5395 8.19487 -6.93368 -5.22416 7.439
231.755 231.769 213.643 39.6927 -61.1006 -15.8568 22.5625 8.44573 -6.99332 -5.40683 7.42025
237.153 237.167 210.425 40.1099 -62.7795 -16.627 22.5676 8.70205 -7.05746 -5.59556 7.38955
242.677 242.691 207.148 40.515 -64.4769 -17.4278 22.5452 8.95959 -7.11415 -5.78839 7.35298
248.33 248.344 203.821 40.9094 -66.2092 -18.2635 22.4948 9.21762 -7.16291 -5.98197 7.29966
254.114 254.128 200.428 41.2882 -67.9579 -19.1337 22.4361 9.48377 -7.20808 -6.18516 7.25168
260.033 260.047 196.984 41.6535 -69.7324 -20.0401 22.3485 9.75136 -7.24709 -6.39237 7.19226
266.09 266.104 193.482 42.0031 -71.5251 -20.9857 22.2585 10.0269 -7.2682 -6.60392 7.13788
272.288 272.302 189.921 42.3336 -73.2989 -21.9636 22.1705 10.3056 -7.24524 -6.80872 7.09116
278.631 278.645 186.312 42.6477 -75.0857 -22.9838 22.0903 10.5971 -7.20507 -7.02513 7.06261
285.121 285.135 182.655 42.9426 -76.8634 -24.0432 22.0224 10.9043 -7.15105 -7.24143 7.01894
291.762 291.776 178.951 43.2186 -78.6438 -25.147 21.9704 11.236 -7.10575 -7.46148 6.93669
298.558 298.572 175.202 43.4755 -80.4495 -26.2965 21.8892 11.5875 -7.10989 -7.68785 6.77038
305.512 305.526 171.405 43.7105 -82.2692 -27.491 21.7846 11.9573 -7.14645 -7.92257 6.55453
312.629 312.642 167.569 43.9238 -84.0813 -28.7312 21.686 12.3401 -7.14694 -8.1636 6.36551
319.911 319.924 163.696 44.1145 -85.8911 -30.0191 21.5857 12.7444 -7.14773 -8.41013 6.15161
327.362 327.376 159.789 44.2826 -87.7042 -31.3585 21.4844 13.1727 -7.15064 -8.66303 5.91243
334.988 335.001 155.856 44.4274 -89.5086 -32.7454 21.3717 13.6204 -7.15341 -8.91775 5.64424
342.791 342.804 151.893 44.548 -91.3163 -34.1868 21.2518 14.0942 -7.16182 -9.18118 5.35002
350.775 350.788 147.907 44.6429 -93.1036 -35.6763 21.1215 14.5863 -7.15131 -9.45008 5.05039
358.946 358.958 143.898 44.711 -94.8713 -37.2117 20.9593 15.0915 -7.13651 -9.71424 4.7126
367.307 367.319 139.875 44.7538 -96.6285 -38.7994 20.7723 15.6199 -7.12976 -9.98919 4.34351
375.862 375.874 135.839 44.7685 -98.3493 -40.4349 20.5762 16.1649 -7.08612 -10.2656 3.98603
384.617 384.629 131.789 44.7543 -100.045 -42.1155 20.33 16.7239 -7.05372 -10.5485 3.58301
393.576 393.587 127.729 44.7104 -101.714 -43.84 20.0248 17.2962 -7.04019 -10.8425 3.1337
402.744 402.754 123.659 44.6358 -103.353 -45.6069 19.6512 17.8699 -7.02542 -11.1458 2.66178
412.125 412.134 119.581 44.5276 -104.946 -47.4113 19.2176 18.4437 -6.99437 -11.4588 2.18708
421.724 421.733 115.499 44.3849 -106.48 -49.2477 18.7168 19.0129 -6.94858 -11.7888 1.71571
431.548 431.555 111.413 44.2067 -107.964 -51.118 18.1442 19.579 -6.89685 -12.1313 1.22539
441.6 441.606 107.324 43.9907 -109.397 -53.0144 17.469 20.128 -6.85615 -12.4797 0.691221
451.886 451.891 103.229 43.7348 -110.772 -54.932 16.6836 20.6555 -6.82719 -12.8501 0.128909
462.412 462.417 99.1693 43.4368 -111.895 -56.8634 16.1117 21.1655 -6.35831 -13.206 0.0660878
473.183 473.187 95.2284 43.096 -112.36 -58.7757 16.3539 21.7467 -4.80277 -13.3469 1.01601
484.204 484.209 91.4104 42.7139 -112.196 -60.6275 17.2039 22.4983 -2.6731 -13.1135 2.09268
495.483 495.487 87.7072 42.2915 -111.481 -62.3869 18.42 23.4789 -0.408639 -12.4935 2.77959
507.024 507.028 84.109 41.8281 -110.276 -64.022 19.8102 24.7031 1.73135 -11.5655 2.92445
518.834 518.838 80.6105 41.3245 -108.641 -65.5115 21.2319 26.1656 3.60825 -10.4483 2.55972
530.92 530.922 77.2048 40.7806 -106.628 -66.8366 22.5778 27.842 5.16488 -9.26634 1.80216
543.286 543.288 73.8894 40.1982 -104.288 -67.9878 23.7733 29.7018 6.39717 -8.14067 0.792229
555.941 555.942 70.6591 39.5769 -101.662 -68.9516 24.7582 31.6973 7.33874 -7.16425 -0.340334
568.891 568.891 67.5162 38.921 -98.8016 -69.7291 25.5014 33.7875 8.04124 -6.4085 -1.49228
582.142 582.141 64.4589 38.2315 -95.7441 -70.3163 25.9803 35.9242 8.56544 -5.91933 -2.59221
595.702 595.7 61.4866 37.5104 -92.5234 -70.7097 26.1813 38.0542 8.97408 -5.71458 -3.59766
609.577 609.574 58.5979 36.7589 -89.1686 -70.9057 26.0989 40.1228 9.3272 -5.78588 -4.49139
623.776 623.772 55.7907 35.9778 -85.7055 -70.9026 25.7378 42.0836 9.67526 -6.11564 -5.27823
638.306 638.3 53.062 35.1669 -82.154 -70.696 25.1061 43.8895 10.0598 -6.67429 -5.97851
653.174 653.167 50.4108 34.3271 -78.5364 -70.2864 24.22 45.5011 10.5127 -7.41716 -6.61921
668.388 668.379 47.8332 33.4577 -74.8687 -69.6709 23.0983 46.8805 11.0549 -8.29391 -7.23195
683.957 683.946 45.3277 32.5593 -71.1694 -68.8523 21.7653 47.9978 11.698 -9.24626 -7.84517
699.888 699.875 42.889 31.6298 -67.45 -67.8285 20.2462 48.8266 12.4442 -10.2187 -8.48585
716.191 716.175 40.5129 30.6677 -63.722 -66.5992 18.5686 49.3455 13.2863 -11.1563 -9.17271
732.873 732.854 38.1956 29.6716 -59.9979 -65.1674 16.7635 49.5433 14.2103 -12.0102 -9.91821
749.944 749.921 35.9357 28.642 -56.2919 -63.5392 14.862 49.413 15.1968 -12.7328 -10.7223
767.412 767.385 33.7306 27.5783 -52.6151 -61.7206 12.8949 48.9546 16.2219 -13.2881 -11.5805
785.288 785.256 31.5806 26.4825 -48.9832 -59.7239 10.8945 48.1782 17.2602 -13.65 -12.4827
803.579 803.542 29.4858 25.3562 -45.4094 -57.5604 8.89106 47.0943 18.2828 -13.7949 -13.4064
822.297 822.255 27.4524 24.206 -41.9148 -55.2517 6.91447 45.7224 19.261 -13.7069 -14.3216
841.451 841.403 25.4839 23.037 -38.5151 -52.8164 4.99186 44.0838 20.1658 -13.3814 -15.1976
861.051 860.996 23.5838 21.8547 -35.225 -50.2745 3.14788 42.2044 20.9692 -12.8224 -15.9994
881.107 881.046 21.7547 20.6641 -32.0569 -47.6461 1.40502 40.1145 21.6461 -12.0435 -16.6937
901.631 901.562 20.0024 19.4733 -29.0263 -44.9572 -0.217589 37.8469 22.1743 -11.0611 -17.2426
922.633 922.557 18.3335 18.2921 -26.1485 -42.2362 -1.70428 35.4384 22.5363 -9.89962 -17.6143
944.123 944.041 16.7532 17.1292 -23.4355 -39.5113 -3.043 32.929 22.7206 -8.59259 -17.7856
966.115 966.025 15.2646 15.9923 -20.8951 -36.8077 -4.22598 30.3579 22.7217 -7.17763 -17.7428
988.619 988.521 13.8692 14.8874 -18.5317 -34.1474 -5.24929 27.7625 22.5388 -5.69449 -17.48
1011.65 1011.54 12.5657 13.8187 -16.3452 -31.5484 -6.11235 25.1788 22.1778 -4.18505 -17.0046
1035.21 1035.1 11.352 12.7889 -14.3329 -29.0247 -6.81742 22.6365 21.6462 -2.68703 -16.3267
1059.32 1059.2 10.2251 11.8002 -12.4903 -26.5877 -7.36898 20.1622 20.955 -1.23606 -15.4628
1084 1083.87 9.18298 10.8551 -10.8127 -24.2486 -7.77386 17.7786 20.1165 0.137089 -14.43
1109.25 1109.11 8.22364 9.95676 -9.29532 -22.0179 -8.04085 15.5054 19.1457 1.40531 -13.2494
1135.09 1134.94 7.34553 9.10837 -7.93301 -19.9074 -8.18144 13.3633 18.0654 2.54479 -11.9546
1161.53 1161.37 6.54547 8.31134 -6.71862 -17.9246 -8.20792 11.3688 16.9006 3.53716 -10.5846
1188.58 1188.41 5.81746 7.56346 -5.64154 -16.0691 -8.13142 9.53097 15.6741 4.37031 -9.17878
1216.27 1216.09 5.15527 6.86174 -4.69073 -14.3372 -7.96247 7.85395 14.4054 5.03753 -7.77184
1244.6 1244.41 4.55252 6.2025 -3.85523 -12.7232 -7.71036 6.3381 13.1108 5.53596 -6.39354
1273.59 1273.38 4.00344 5.58232 -3.12486 -11.2216 -7.38409 4.9821 11.8059 5.86648 -5.07079
1303.25 1303.03 3.50327 4.99853 -2.49101 -9.82775 -6.9923 3.78478 10.5063 6.03217 -3.82964
1333.61 1333.36 3.04831 4.44952 -1.94617 -8.53914 -6.54436 2.74436 9.22803 6.03949 -2.69351
1364.67 1364.4 2.63566 3.93451 -1.48361 -7.35447 -6.05065 1.85837 7.98849 5.8995 -1.6834
1396.46 1396.16 2.26236 3.45246 -1.09684 -6.2723 -5.52197 1.12322 6.80647 5.62875 -0.817399
1428.99 1428.66 1.92459 3.0009 -0.779003 -5.28883 -4.96799 0.53291 5.69936 5.24887 -0.107703
1462.27 1461.9 1.61852 2.57712 -0.523188 -4.39874 -4.39723 0.078704 4.6796 4.7822 0.441946
1496.33 1495.9 1.34126 2.17958 -0.322735 -3.59728 -3.8184 -0.250578 3.75467 4.24992 0.835604
1531.19 1530.68 1.09089 1.80819 -0.171233 -2.88102 -3.2414 -0.467826 2.92963 3.67355 1.08295
1566.85 1566.26 0.866818 1.46481 -0.0624146 -2.24889 -2.6787 -0.5877 2.20905 3.07676 1.19851
1603.35 1602.65 0.670075 1.15401 0.00984537 -1.70319 -2.14652 -0.626497 1.5985 2.48653 1.2008
1640.7 1639.88 0.502078 0.88095 0.0519696 -1.24625 -1.66163 -0.602318 1.10125 1.93023 1.11277
1678.92 1677.96 0.363349 0.649366 0.0707926 -0.877343 -1.23796 -0.534671 0.715312 1.43245 0.962272
1718.02 1716.91 0.253048 0.460529 0.073102 -0.591712 -0.884312 -0.442647 0.432562 1.01135 0.77906
1758.04 1756.75 0.168833 0.312799 0.0650128 -0.380563 -0.603023 -0.342818 0.239372 0.676177 0.590803
1798.99 1797.49 0.107256 0.20217 0.0516134 -0.232217 -0.390361 -0.247864 0.118281 0.426184 0.418947
1840.89 1839.14 0.064346 0.123273 0.0369633 -0.133547 -0.238046 -0.166324 0.0499401 0.251651 0.276312
1883.77 1881.71 0.036051 0.0701226 0.0239531 -0.0715492 -0.135127 -0.102602 0.0159343 0.137384 0.167366
1927.65 1925.15 0.0184893 0.0364735 0.0138803 -0.0349872 -0.069933 -0.0570806 0.00198033 0.067842 0.0911245
1972.55 1969.34 0.00828711 0.0165628 0.00690765 -0.0149012 -0.0315006 -0.0273987 -0.00186498 0.0288954 0.0426228
2018.5 2014.08 0.00296486 0.0060002 0.0027147 -0.00503613 -0.0112767 -0.0103956 -0.00166419 0.0096534 0.0156557
2065.52 2058.59 0.00068788 0.00140908 0.000686478 -0.00109554 -0.00260629 -0.00253672 -0.000620189 0.00204761 0.00367073
2113.63 2101.56 6.05476e-05 0.000125564 6.56546e-05 -8.93291e-05 -0.000227442 -0.00023354 -7.61583e-05 0.000159806 0.000321514
2162.86 2145.12 6.66575e-07 1.40305e-06 7.9468e-07 -8.81256e-07 -2.46362e-06 -2.69471e-06 -1.13139e-06 1.4476e-06 3.45169e-06
2213.24 0 0 0 0 0 0 0 0 0 0
2264.79 0 0 0 0 0 0 0 0 0 0
2317.55 0 0 0 0 0 0 0 0 0 0
2371.53 0 0 0 0 0 0 0 0 0 0
2426.77 0 0 0 0 0 0 0 0 0 0
2483.3 0 0 0 0 0 0 0 0 0 0
2541.14 0 0 0 0 0 0 0 0 0 0
2600.33 0 0 0 0 0 0 0 0 0 0
2660.9 0 0 0 0 0 0 0 0 0 0
2722.88 0 0 0 0 0 0 0 0 0 0
2786.31 0 0 0 0 0 0 0 0 0 0
2851.21 0 0 0 0 0 0 0 0 0 0
2917.62 0 0 0 0 0 0 0 0 0 0
2985.58 0 0 0 0 0 0 0 0 0 0
3055.12 0 0 0 0 0 0 0 0 0 0
3126.29 0 0 0 0 0 0 0 0 0 0
3199.11 0 0 0 0 0 0 0 0 0 0
3273.62 0 0 0 0 0 0 0 0 0 0
3349.88 0 0 0 0 0 0 0 0 0 0
3427.91 0 0 0 0 0 0 0 0 0 0
3507.75 0 0 0 0 0 0 0 0 0 0
3589.46 0 0 0 0 0 0 0 0 0 0
3673.07 0 0 0 0 0 0 0 0 0 0
3758.62 0 0 0 0 0 0 0 0 0 0
3846.17 0 0 0 0 0 0 0 0 0 0
3935.76 0 0 0 0 0 0 0 0 0 0
4027.44 0 0 0 0 0 0 0 0 0 0
4121.25 0 0 0 0 0 0 0 0 0 0
4217.24 0 0 0 0 0 0 0 0 0 0
4315.48 0 0 0 0 0 0 0 0 0 0
4416 0 0 0 0 0 0 0 0 0 0
4518.86 0 0 0 0 0 0 0 0 0 0
4624.12 0 0 0 0 0 0 0 0 0 0
4731.83 0 0 0 0 0 0 0 0 0 0
4842.04 0 0 0 0 0 0 0 0 0 0
4954.83 0 0 0 0 0 0 0 0 0 0
5070.24 0 0 0 0 0 0 0 0 0 0
5188.34 0 0 0 0 0 0 0 0 0 0
5309.2 0 0 0 0 0 0 0 0 0 0
5432.86 0 0 0 0 0 0 0 0 0 0
5559.41 0 0 0 0 0 0 0 0 0 0
5688.91 0 0 0 0 0 0 0 0 0 0
5821.42 0 0 0 0 0 0 0 0 0 0
5957.02 0 0 0 0 0 0 0 0 0 0
6095.77 0 0 0 0 0 0 0 0 0 0
6237.76 0 0 0 0 0 0 0 0 0 0
6383.06 0 0 0 0 0 0 0 0 0 0
6531.74 0 0 0 0 0 0 0 0 0 0
6683.88 0 0 0 0 0 0 0 0 0 0
6839.57 0 0 0 0 0 0 0 0 0 0
6998.88 0 0 0 0 0 0 0 0 0 0
7161.91 0 0 0 0 0 0 0 0 0 0
7328.73 0 0 0 0 0 0 0 0 0 0
7499.44 0 0 0 0 0 0 0 0 0 0
7674.12 0 0 0 0 0 0 0 0 0 0
7852.88 0 0 0 0 0 0 0 0 0 0
8035.79 0 0 0 0 0 0 0 0 0 0
8222.97 0 0 0 0 0 0 0 0 0 0
8414.51 0 0 0 0 0 0 0 0 0 0
8610.51 0 0 0 0 0 0 0 0 0 0
8811.07 0 0 0 0 0 0 0 0 0 0
9016.31 0 0 0 0 0 0 0 0 0 0
9226.33 0 0 0 0 0 0 0 0 0 0
9441.23 0 0 0 0 0 0 0 0 0 0
9661.15 0 0 0 0 0 0 0 0 0 0
9886.19 0 0 0 0 0 0 0 0 0 0
